100
1000000000.0 81.519 553.873 837.229 443.676 768.978 904.49 237.005 426.29 175.73 110.769 356.109 844.05 64.251 740.143 82.806 507.777 155.935 152.581 701.716 557.023 532.608 92.078 814.634 586.497 417.219 915.167 394.744 540.911 54.219 52.873 850.732 187.34 55.781 841.394 933.321 932.148 474.971 774.195 659.439 693.616 678.757 3.055 952.99 317.298 552.66 485.62 839.137 27.305 549.244 249.75 568.539 218.324 703.691 354.242 740.072 959.139 180.628 273.73 981.042 267.781 64.144 378.398 49.968 45.703 943.458 13.032 47.456 488.334 993.548 722.857 388.783 103.123 878.073 836.926 196.602 365.904 623.848 234.72 744.562 465.2 19.059 538.903 555.461 907.894 819.548 395.079 237.209 438.782 432.843 32.717 578.858 928.161 877.431 959.538 193.558 245.192 665.991 8.368 976.145
81.519 1000000000.0 609.479 993.312 739.382 753.928 762.402 753.616 318.013 263.237 638.941 853.037 35.507 473.746 80.298 147.419 298.529 579.223 420.698 737.789 783.627 922.504 3.853 551.134 981.281 192.877 223.46 399.107 787.329 603.309 519.082 980.807 341.635 88.9 507.184 935.369 356.11 926.473 152.623 651.16 11.261 358.882 204.917 204.494 324.724 525.635 674.74 46.138 962.558 249.98 22.812 37.198 658.107 128.457 350.585 497.771 806.743 739.344 864.478 613.36 823.521 164.222 310.683 87.091 282.494 448.621 555.047 856.963 710.107 327.265 68.568 211.29 556.117 795.44 396.242 947.719 126.017 139.239 179.744 132.989 247.153 87.052 317.094 176.567 182.148 188.326 476.556 352.075 358.256 327.592 126.985 193.707 367.548 937.993 356.816 389.213 813.698 104.328 651.204 639.559
553.873 609.479 1000000000.0 382.167 829.35 996.274 33.531 402.627 886.963 80.602 829.344 842.411 645.658 715.619 152.24 599.544 541.447 585.732 10.006 418.31 296.194 632.297 119.891 116.134 889.427 286.388 28.687 986.902 413.435 945.967 877.032 672.1 490.169 545.179 527.345 637.734 360.7 313.349 291.562 642.363 15.839 809.833 410.217 532.838 9.641 64.711 816.106 14.837 471.93 545.841 20.935 436.272 891.649 885.791 324.373 192.749 387.356 937.223 180.261 99.285 633.834 644.524 145.208 837.709 875.003 947.503 790.839 343.115 508.614 512.41 734.109 250.195 520.046 300.777 841.871 535.256 126.184 464.095 486.462 367.148 772.467 121.413 840.927 331.67 279.656 791.914 970.004 157.905 657.036 646.816 572.679 294.577 729.772 971.619 303.191 602.174 674.303 366.725 189.794 338.646
837.229 993.312 382.167 1000000000.0 966.631 312.945 531.11 831.539 63.092 778.285 514.944 812.909 223.918 739.425 533.596 88.442 460.909 376.28 593.407 898.554 153.09 458.473 974.575 992.926 634.053 233.409 697.477 221.683 894.901 230.952 45.497 560.631 307.214 690.71 599.893 777.701 397.389 58.987 687.843 505.992 943.505 867.612 336.826 440.518 519.064 388.735 90.699 782.954 233.593 429.611 739.75 367.047 339.347 71.076 420.035 185.707 871.059 197.876 710.945 292.042 178.163 722.098 96.002 117.594 398.456 323.103 745.1 554.039 786.01 852.267 268.194 471.993 935.283 853.773 424.524 824.742 362.057 741.388 157.307 124.793 465.41 146.194 792.769 96.532 934.784 325.11 563.421 729.905 107.321 962.804 719.497 641.856 980.256 97.983 74.894 111.122 350.519 66.845 535.518 706.433
443.676 739.382 829.35 966.631 1000000000.0 127.753 781.325 678.43 918.05 93.504 480.5 832.774 252.076 195.202 909.533 700.432 416.214 781.924 12.054 976.336 23.202 752.18 789.06 809.024 474.879 152.169 941.2 476.6 574.409 19.441 491.204 733.828 787.745 177.553 4.847 679.258 60.534 308.93 449.295 440.519 232.066 355.894 611.082 398.089 748.562 564.452 117.717 867.884 973.953 209.034 167.644 300.567 137.671 920.405 471.385 401.702 890.145 908.865 950.461 237.24 334.632 688.242 473.024 957.773 482.14 22.908 955.107 195.758 433.679 401.429 615.147 137.303 510.22 82.207 839.954 904.526 897.777 924.609 296.052 487.76 794.057 621.584 210.677 616.121 190.953 308.337 151.239 242.504 125.51 399.171 670.359 145.486 345.3 17.693 718.945 331.291 510.353 120.728 108.065 346.074
768.978 753.928 996.274 312.945 127.753 1000000000.0 60.815 704.348 113.143 331.165 116.44 519.77 759.218 184.272 35.677 589.516 256.252 265.99 654.799 137.474 80.604 89.914 370.007 892.143 258.035 385.211 640.746 181.239 39.975 848.956 487.057 959.847 841.878 70.766 972.861 139.038 988.529 937.766 313.831 402.12 539.644 956.813 63.867 893.18 627.048 476.612 734.278 137.67 935.847 825.414 189.266 554.526 305.953 305.009 166.891 941.82 900.501 506.687 177.14 594.221 999.717 862.281 409.294 850.804 736.422 741.896 97.792 98.549 233.875 693.949 8.219 874.071 273.221 949.47 690.155 125.077 657.13 580.346 3.022 174.696 585.168 687.093 765.044 232.181 756.852 509.941 209.032 129.636 790.942 447.091 138.809 188.453 201.644 974.17 462.629 395.608 498.271 570.301 834.45 130.198
904.49 762.402 33.531 531.11 781.325 60.815 1000000000.0 30.889 953.565 73.895 52.313 333.567 112.515 372.431 961.019 288.335 536.933 721.105 441.769 264.435 218.67 682.623 936.285 402.652 878.626 658.868 495.482 687.289 520.689 359.51 215.776 884.912 654.543 803.543 714.065 303.473 669.854 49.038 309.332 747.514 832.831 208.838 741.857 129.603 194.977 632.197 871.717 136.195 851.99 331.863 312.045 750.035 117.197 785.335 111.775 678.565 508.436 295.193 297.899 625.907 472.704 768.666 567.854 733.802 799.501 732.879 195.746 893.183 335.139 443.551 252.36 213.458 680.484 909.64 522.307 713.395 24.47 113.943 199.208 167.307 538.485 699.161 36.792 827.884 396.271 244.562 505.528 238.934 390.001 488.899 215.457 996.971 633.767 108.971 824.264 258.144 962.146 468.587 229.752 400.42
237.005 753.616 402.627 831.539 678.43 704.348 30.889 1000000000.0 27.47 95.336 326.224 415.331 830.514 926.79 29.034 792.767 155.922 474.102 322.854 485.8 339.252 102.745 231.954 532.928 222.366 767.254 682.514 93.187 42.2 114.559 306.857 577.631 517.177 91.767 276.59 524.791 671.474 136.909 173.937 768.384 110.239 870.561 583.946 375.75 249.343 458.698 87.559 525.502 734.978 725.393 438.996 992.111 197.068 733.027 915.354 92.072 215.047 460.854 693.698 534.179 753.448 527.696 995.954 317.243 60.615 549.401 998.037 24.722 509.265 49.075 414.558 429.598 232.921 195.513 728.663 446.636 472.828 933.485 425.496 106.273 760.835 92.522 97.025 60.683 995.187 994.012 6.89 928.639 1.364 275.236 817.55 814.531 203.707 45.048 566.394 825.382 443.305 780.466 815.526 402.039
426.29 318.013 886.963 63.092 918.05 113.143 953.565 27.47 1000000000.0 478.198 964.842 279.188 92.848 844.774 976.46 645.983 762.489 569.378 362.561 696.353 817.245 359.055 334.073 653.756 762.194 667.99 603.186 932.384 746.041 277.763 853.982 103.478 243.75 854.351 813.41 237.327 354.332 172.688 72.516 808.096 5.403 337.818 871.383 429.442 34.433 204.352 913.706 874.64 447.768 651.287 229.549 613.196 111.861 467.439 44.486 73.854 129.773 427.898 740.038 314.081 543.023 303.923 957.846 676.724 182.618 777.224 301.492 673.344 4.919 886.165 550.758 598.05 366.637 452.833 315.937 583.216 311.643 675.154 560.994 676.816 980.505 920.448 459.793 917.965 92.401 85.563 991.814 624.06 997.231 674.527 572.887 193.065 444.33 918.764 878.52 376.658 991.75 288.969 856.606 316.874
175.73 263.237 80.602 778.285 93.504 331.165 73.895 95.336 478.198 1000000000.0 95.102 144.587 324.617 500.512 946.974 56.738 467.503 423.095 494.472 242.513 167.373 674.893 299.463 438.896 400.8 593.216 604.699 685.122 449.331 664.461 425.045 742.863 530.151 535.764 519.852 230.225 213.103 202.251 492.612 721.165 978.332 39.043 798.114 727.807 340.895 588.309 519.7 737.174 405.477 848.336 963.213 976.196 839.132 855.274 985.691 565.761 139.486 50.494 561.732 242.97 636.47 716.594 344.17 834.881 644.479 874.268 629.912 819.238 366.199 710.721 670.42 614.668 292.022 162.991 573.09 355.539 506.67 420.477 602.391 986.771 510.498 731.153 781.762 761.769 98.759 684.573 329.483 451.563 335.494 283.181 695.724 780.375 388.738 955.076 154.986 62.857 132.925 114.294 985.55 588.488
110.769 638.941 829.344 514.944 480.5 116.44 52.313 326.224 964.842 95.102 1000000000.0 368.551 859.437 334.567 122.549 647.649 228.0 762.546 135.913 268.739 912.009 63.787 439.683 55.536 539.845 686.928 514.741 926.921 928.382 881.549 938.05 103.435 288.335 442.639 926.022 574.573 20.963 492.964 167.507 675.341 960.095 873.837 129.529 878.012 274.303 741.26 51.03 244.161 406.151 811.9 551.487 324.822 219.154 167.647 651.519 854.288 267.776 529.467 89.182 962.306 843.767 136.249 33.938 549.448 1.993 170.158 613.128 280.925 924.092 617.431 319.561 290.807 980.955 20.422 788.164 659.703 33.83 966.373 103.55 710.457 906.76 199.142 736.794 484.104 833.334 868.593 959.366 917.31 882.263 724.479 332.363 455.018 72.932 654.188 649.554 718.51 624.938 56.98 595.3 14.343
356.109 853.037 842.411 812.909 832.774 519.77 333.567 415.331 279.188 144.587 368.551 1000000000.0 63.317 540.741 574.936 405.436 23.979 925.222 424.604 774.762 16.387 138.139 416.818 584.167 468.898 622.037 965.072 611.319 157.842 125.218 415.472 424.329 46.845 526.873 745.702 149.825 474.692 815.92 253.783 372.531 162.331 786.428 27.475 364.931 465.685 302.552 839.867 471.194 740.371 482.009 905.164 227.504 463.475 541.811 164.217 550.824 412.342 504.086 62.685 392.949 588.869 559.056 752.154 165.594 208.818 917.985 905.042 444.773 891.628 104.546 766.591 168.221 207.203 140.625 835.468 924.906 753.582 143.999 325.012 965.325 962.503 795.528 105.088 817.376 91.712 593.74 62.489 37.024 443.043 50.298 214.674 333.297 424.558 703.336 415.694 118.332 157.38 704.84 390.99 828.803
844.05 35.507 645.658 223.918 252.076 759.218 112.515 830.514 92.848 324.617 859.437 63.317 1000000000.0 621.175 61.039 317.707 751.926 780.733 150.4 383.544 742.214 914.031 523.774 71.79 476.759 101.726 629.283 823.733 446.901 638.967 662.159 105.266 273.783 225.568 628.952 35.95 231.578 783.412 814.887 453.716 756.904 555.353 740.358 201.249 195.642 393.193 613.691 469.708 60.829 430.336 988.811 139.107 753.1 372.218 406.324 964.05 688.194 529.474 938.797 361.45 508.284 543.841 947.221 33.314 752.818 786.852 793.957 65.617 361.55 455.471 387.137 79.309 384.393 651.093 443.225 534.081 157.065 253.029 994.112 353.947 812.539 912.97 364.696 197.933 902.073 387.577 201.692 831.403 590.742 324.167 344.35 704.794 873.265 531.627 783.538 635.966 608.705 3.09 16.746 325.74
64.251 473.746 715.619 739.425 195.202 184.272 372.431 926.79 844.774 500.512 334.567 540.741 621.175 1000000000.0 810.09 905.725 88.904 746.348 625.704 699.668 766.564 704.47 283.305 763.318 997.395 616.567 972.477 892.671 965.068 151.653 759.43 657.221 232.906 518.025 704.029 708.909 992.281 665.095 156.335 277.329 426.329 447.973 779.069 685.883 85.906 705.205 821.176 312.215 937.187 231.888 527.533 306.882 490.498 88.273 868.969 483.19 395.233 884.359 239.421 443.899 331.33 982.018 344.949 466.277 226.594 764.299 481.602 382.192 403.867 80.959 53.576 819.772 851.055 513.522 458.863 135.544 616.642 932.241 970.852 198.1 727.619 518.079 972.19 24.103 109.991 447.652 828.339 657.24 613.72 353.733 765.611 502.097 645.823 431.229 308.223 626.801 841.324 637.742 876.698 617.898
740.143 80.298 152.24 533.596 909.533 35.677 961.019 29.034 976.46 946.974 122.549 574.936 61.039 810.09 1000000000.0 507.587 810.038 724.731 904.529 960.458 736.541 211.938 864.184 626.719 46.207 374.305 637.049 378.829 225.986 523.354 441.32 92.271 908.306 152.66 51.615 851.074 391.507 905.812 540.057 411.613 297.996 620.219 154.66 13.253 533.476 896.266 989.1 812.182 42.513 50.188 965.748 777.194 171.679 955.088 446.912 911.124 999.242 791.758 960.526 492.774 46.047 124.717 428.873 976.93 3.819 490.452 285.012 724.048 967.926 80.185 318.46 276.615 741.855 416.719 384.038 398.179 19.609 397.053 700.135 187.344 952.768 554.117 571.616 206.903 280.354 587.344 209.108 303.833 3.077 972.332 86.541 31.231 985.389 762.477 100.919 150.266 879.311 237.716 569.884 963.587
82.806 147.419 599.544 88.442 700.432 589.516 288.335 792.767 645.983 56.738 647.649 405.436 317.707 905.725 507.587 1000000000.0 919.318 690.912 510.514 646.323 343.438 494.392 274.823 488.037 356.936 941.758 808.349 185.809 71.825 181.223 961.286 20.127 425.489 364.147 207.762 619.547 505.544 871.693 417.543 79.901 759.991 753.74 294.637 77.446 166.85 624.063 534.981 227.117 956.445 954.235 21.157 281.314 746.129 688.495 524.463 646.241 311.004 477.393 302.935 377.954 568.75 217.418 518.13 460.653 921.921 878.966 610.487 589.021 659.765 402.658 788.968 85.551 573.639 649.582 530.941 341.088 872.985 761.324 193.532 790.03 269.391 647.492 679.888 736.636 332.327 175.754 490.635 849.235 975.27 162.147 386.22 735.064 604.797 368.38 377.792 609.228 971.87 896.935 466.924 53.449
507.777 298.529 541.447 460.909 416.214 256.252 536.933 155.922 762.489 467.503 228.0 23.979 751.926 88.904 810.038 919.318 1000000000.0 356.606 93.965 806.411 988.585 103.308 873.074 161.959 693.84 922.571 941.485 135.798 587.698 766.323 773.674 230.135 657.431 114.068 881.809 87.719 80.927 218.291 404.491 1.655 397.262 951.413 110.929 553.214 761.152 806.903 653.032 439.677 774.251 898.735 907.581 864.26 553.489 316.543 117.358 382.078 785.03 835.386 772.574 275.629 273.267 148.73 337.047 481.677 492.046 254.801 495.405 888.693 404.19 257.427 244.565 890.372 96.789 786.61 625.618 819.077 523.495 980.561 681.861 658.776 246.051 542.073 110.458 268.581 236.853 25.506 389.128 627.329 559.206 485.474 442.64 482.183 276.576 989.978 332.547 102.288 547.949 48.378 520.169 465.415
155.935 579.223 585.732 376.28 781.924 265.99 721.105 474.102 569.378 423.095 762.546 925.222 780.733 746.348 724.731 690.912 356.606 1000000000.0 730.363 866.86 156.497 543.684 804.318 750.806 968.244 756.205 307.33 901.694 338.911 232.423 960.133 108.274 691.571 375.927 607.066 90.5 155.758 115.962 797.32 430.226 854.274 682.263 484.565 320.117 846.253 735.798 278.429 327.896 524.439 876.258 342.252 667.398 585.556 634.103 925.843 71.315 218.315 592.344 958.371 571.751 142.815 281.798 35.53 51.646 108.002 650.029 119.24 376.26 979.557 661.131 617.423 493.301 595.13 865.582 264.854 891.828 152.645 39.03 705.055 897.26 81.132 507.036 333.447 824.737 833.189 340.339 245.161 311.576 624.923 131.981 517.792 324.695 583.254 561.16 709.59 560.999 794.06 535.832 300.768 25.935
152.581 420.698 10.006 593.407 12.054 654.799 441.769 322.854 362.561 494.472 135.913 424.604 150.4 625.704 904.529 510.514 93.965 730.363 1000000000.0 979.676 626.677 760.358 457.843 276.811 709.913 554.793 551.037 604.445 96.128 864.812 774.41 342.114 365.621 446.177 309.86 349.943 229.214 389.318 957.812 59.364 291.211 642.951 634.202 725.858 664.179 38.532 533.276 517.882 792.938 383.071 370.928 285.113 647.323 28.034 884.269 387.04 831.526 14.038 786.45 674.541 167.198 586.612 163.334 748.023 64.39 922.472 391.782 336.791 135.345 125.721 256.323 17.603 477.385 873.067 273.956 998.285 530.334 753.632 935.198 653.513 252.724 13.978 254.308 586.461 18.991 660.513 215.564 352.911 980.896 704.094 261.495 466.321 554.38 458.819 813.985 503.665 441.086 77.292 24.039 283.408
701.716 737.789 418.31 898.554 976.336 137.474 264.435 485.8 696.353 242.513 268.739 774.762 383.544 699.668 960.458 646.323 806.411 866.86 979.676 1000000000.0 499.497 566.265 859.712 9.106 417.547 353.031 764.971 303.749 311.391 185.986 396.627 239.356 787.862 657.97 641.334 956.888 35.5 912.308 269.856 398.153 326.122 680.716 986.569 563.296 180.945 864.286 232.891 78.078 88.787 647.317 178.521 283.701 903.651 795.088 997.293 142.027 376.921 643.489 871.486 586.082 488.526 433.059 369.331 97.549 132.503 990.944 937.501 621.176 441.836 348.276 592.316 916.768 946.045 559.685 281.662 611.116 272.378 706.741 782.237 242.943 268.151 407.716 22.985 508.868 73.912 328.511 84.503 936.26 619.02 760.884 15.507 64.833 172.944 946.772 842.216 828.187 600.229 506.72 581.01 984.895
557.023 783.627 296.194 153.09 23.202 80.604 218.67 339.252 817.245 167.373 912.009 16.387 742.214 766.564 736.541 343.438 988.585 156.497 626.677 499.497 1000000000.0 644.148 428.617 97.063 837.761 711.924 976.834 417.135 6.966 835.93 996.948 173.517 426.223 392.749 602.339 44.015 98.283 936.04 849.972 201.459 805.575 761.86 795.948 760.445 221.515 588.727 1.744 67.056 919.773 740.246 993.608 890.01 27.099 825.853 761.231 338.393 534.829 650.275 901.675 163.836 118.741 285.099 503.159 925.991 661.494 393.917 530.055 604.046 269.632 606.872 478.514 718.64 780.804 374.802 395.278 477.539 333.717 266.687 65.896 89.548 429.553 430.67 881.267 798.132 733.055 806.423 52.904 560.902 227.904 571.895 401.118 708.881 244.557 662.006 43.592 589.618 89.116 617.772 43.394 298.936
532.608 922.504 632.297 458.473 752.18 89.914 682.623 102.745 359.055 674.893 63.787 138.139 914.031 704.47 211.938 494.392 103.308 543.684 760.358 566.265 644.148 1000000000.0 386.252 735.08 176.14 257.445 675.287 799.066 99.963 211.493 6.162 455.362 391.485 626.929 684.95 594.13 809.487 329.82 376.447 94.425 83.27 611.903 882.826 105.362 702.284 280.848 705.477 76.071 884.616 837.955 343.723 109.56 957.136 260.121 180.571 292.317 725.976 799.818 39.554 3.541 726.609 109.749 865.646 616.678 253.863 443.768 484.074 112.827 2.477 59.971 308.604 684.978 298.808 520.439 799.954 76.2 920.266 196.689 312.141 538.766 128.349 630.644 826.928 888.411 963.912 522.5 967.754 122.359 706.739 566.787 101.873 363.123 119.936 996.963 645.967 328.262 111.129 155.172 978.926 74.502
92.078 3.853 119.891 974.575 789.06 370.007 936.285 231.954 334.073 299.463 439.683 416.818 523.774 283.305 864.184 274.823 873.074 804.318 457.843 859.712 428.617 386.252 1000000000.0 27.998 967.677 810.089 920.866 561.607 185.125 983.612 18.448 487.045 707.269 915.021 893.765 969.756 932.857 237.67 806.967 237.814 542.722 104.857 679.003 258.651 694.627 647.866 258.899 255.181 199.16 530.714 762.094 620.078 308.059 351.545 756.955 831.647 151.072 876.157 276.639 682.106 865.461 165.067 778.852 733.44 452.116 662.61 721.683 398.569 400.972 40.404 558.185 80.484 368.588 315.988 982.556 316.086 421.569 59.43 866.569 670.881 681.873 439.088 809.236 389.281 385.133 370.279 100.889 265.179 476.387 278.435 871.561 776.336 43.874 715.061 421.865 559.714 518.558 323.285 416.405 972.432
814.634 551.134 116.134 992.926 809.024 892.143 402.652 532.928 653.756 438.896 55.536 584.167 71.79 763.318 626.719 488.037 161.959 750.806 276.811 9.106 97.063 735.08 27.998 1000000000.0 472.055 414.643 16.193 123.74 929.64 61.288 573.686 911.471 877.856 670.588 999.99 298.043 444.52 973.39 311.998 941.003 777.773 501.386 55.075 741.278 987.98 101.127 350.861 99.757 703.506 58.243 927.599 941.512 551.507 34.468 118.823 603.107 681.47 848.015 172.118 890.158 604.185 325.029 867.037 810.819 438.348 941.049 858.421 289.538 59.01 55.592 898.026 818.079 311.379 9.385 711.23 676.874 422.623 470.495 713.225 50.446 641.995 270.829 177.658 798.07 799.805 446.263 446.889 169.747 285.957 186.059 279.268 848.36 300.632 47.159 24.832 287.542 768.013 246.493 712.538 421.054
586.497 981.281 889.427 634.053 474.879 258.035 878.626 222.366 762.194 400.8 539.845 468.898 476.759 997.395 46.207 356.936 693.84 968.244 709.913 417.547 837.761 176.14 967.677 472.055 1000000000.0 21.946 456.67 920.13 320.762 257.594 626.921 958.446 975.192 303.843 969.455 600.792 527.213 652.575 68.789 469.972 546.083 767.825 121.652 279.477 996.378 518.404 974.768 599.369 373.192 632.677 646.743 615.995 665.86 950.729 713.544 542.535 242.976 802.499 806.45 351.734 749.173 385.323 291.127 814.585 912.258 668.158 355.409 132.876 483.356 490.434 882.733 834.845 14.732 904.161 641.957 662.034 864.777 514.349 704.293 468.584 519.964 135.953 92.166 536.087 75.516 472.576 488.923 275.895 3.597 776.145 977.683 21.49 924.676 238.434 352.16 568.651 763.636 377.021 291.243 612.08
417.219 192.877 286.388 233.409 152.169 385.211 658.868 767.254 667.99 593.216 686.928 622.037 101.726 616.567 374.305 941.758 922.571 756.205 554.793 353.031 711.924 257.445 810.089 414.643 21.946 1000000000.0 215.022 253.472 111.655 532.364 59.946 906.208 33.604 458.149 149.176 836.096 722.453 191.445 1.917 824.075 342.222 1.806 264.696 346.821 59.593 151.552 823.871 371.569 450.867 681.466 614.99 25.241 209.559 225.417 118.957 680.751 863.698 502.129 81.819 462.808 692.721 145.034 417.253 914.083 396.102 373.014 780.293 123.036 958.547 209.362 73.683 85.857 126.983 634.971 324.821 27.628 601.179 946.141 266.933 176.617 369.931 666.313 569.196 475.618 411.536 992.324 575.317 377.479 238.4 598.354 559.291 208.6 793.237 778.737 949.431 597.695 237.358 885.382 281.722 85.696
915.167 223.46 28.687 697.477 941.2 640.746 495.482 682.514 603.186 604.699 514.741 965.072 629.283 972.477 637.049 808.349 941.485 307.33 551.037 764.971 976.834 675.287 920.866 16.193 456.67 215.022 1000000000.0 681.901 625.105 530.383 165.958 193.948 79.175 535.819 520.241 784.929 901.967 94.752 943.907 17.727 755.295 375.383 73.05 52.646 419.193 5.014 758.829 432.394 410.441 189.964 836.85 411.313 127.862 646.29 364.864 167.918 848.75 494.614 442.67 241.265 312.528 409.716 381.745 748.393 572.605 444.795 813.573 6.773 769.144 528.078 660.991 77.881 611.033 13.585 82.3 619.565 924.977 875.336 902.673 219.559 454.387 595.839 689.123 91.521 14.146 696.648 981.495 519.023 1.416 368.36 355.523 634.771 260.556 681.512 754.899 448.889 214.223 892.777 624.355 423.911
394.744 399.107 986.902 221.683 476.6 181.239 687.289 93.187 932.384 685.122 926.921 611.319 823.733 892.671 378.829 185.809 135.798 901.694 604.445 303.749 417.135 799.066 561.607 123.74 920.13 253.472 681.901 1000000000.0 202.149 284.854 457.725 140.461 139.706 558.783 461.077 816.318 828.647 892.927 190.974 257.817 127.23 769.87 787.823 845.531 793.752 621.058 753.658 997.289 335.164 769.728 950.48 357.204 758.305 173.65 951.31 493.919 143.594 884.188 366.643 767.038 203.346 566.425 461.297 322.601 628.634 997.052 152.954 594.014 148.686 840.605 424.72 738.524 73.464 837.562 282.95 887.772 996.592 527.582 958.825 779.805 879.928 355.675 509.273 71.939 511.518 578.362 785.944 651.938 235.375 726.585 381.483 902.389 700.899 637.183 496.651 5.215 540.618 471.186 946.836 265.464
540.911 787.329 413.435 894.901 574.409 39.975 520.689 42.2 746.041 449.331 928.382 157.842 446.901 965.068 225.986 71.825 587.698 338.911 96.128 311.391 6.966 99.963 185.125 929.64 320.762 111.655 625.105 202.149 1000000000.0 740.581 875.817 123.213 467.245 326.066 686.426 992.987 396.177 371.243 378.032 488.302 967.402 904.825 959.331 190.386 578.285 681.096 382.401 645.047 980.164 636.131 608.224 910.866 78.25 280.595 360.998 581.842 482.972 369.184 749.862 796.724 484.126 716.324 236.162 3.83 968.41 39.922 198.414 542.318 65.992 705.709 867.355 814.478 624.808 610.496 604.288 929.093 894.473 141.581 481.727 504.98 399.693 712.268 297.66 501.152 402.074 87.848 528.441 740.207 705.839 480.478 431.104 775.201 541.615 332.201 666.338 966.838 266.231 183.495 694.688 716.767
54.219 603.309 945.967 230.952 19.441 848.956 359.51 114.559 277.763 664.461 881.549 125.218 638.967 151.653 523.354 181.223 766.323 232.423 864.812 185.986 835.93 211.493 983.612 61.288 257.594 532.364 530.383 284.854 740.581 1000000000.0 314.767 821.877 576.225 20.893 324.028 378.222 431.466 36.255 162.151 917.22 720.037 805.437 195.937 650.959 667.065 52.217 68.328 281.509 308.321 587.365 570.225 333.623 243.403 407.684 419.3 611.075 261.3 878.527 954.788 671.334 973.207 14.269 316.401 583.969 477.514 385.755 426.922 844.215 266.183 642.671 950.822 348.656 277.294 25.729 203.036 607.59 794.332 617.501 984.078 677.421 862.603 151.904 127.173 707.425 826.323 61.581 122.394 146.02 609.319 190.01 417.174 685.449 368.161 768.663 962.465 617.062 97.786 802.546 379.835 5.005
52.873 519.082 877.032 45.497 491.204 487.057 215.776 306.857 853.982 425.045 938.05 415.472 662.159 759.43 441.32 961.286 773.674 960.133 774.41 396.627 996.948 6.162 18.448 573.686 626.921 59.946 165.958 457.725 875.817 314.767 1000000000.0 868.08 631.917 923.085 764.353 915.007 740.943 808.521 518.831 568.148 202.199 476.447 227.553 233.774 472.609 699.684 916.247 947.61 600.524 165.629 675.919 244.756 989.347 696.023 8.631 830.267 787.696 524.252 446.474 536.916 315.837 985.094 598.728 82.615 814.872 857.915 736.684 495.736 848.824 244.717 944.949 200.302 400.292 812.501 451.73 663.498 460.393 955.233 408.426 723.789 759.991 91.122 919.07 945.671 523.813 71.924 89.863 253.63 546.592 250.354 487.826 930.508 76.856 437.626 113.353 793.774 619.24 917.645 740.13 518.122
850.732 980.807 672.1 560.631 733.828 959.847 884.912 577.631 103.478 742.863 103.435 424.329 105.266 657.221 92.271 20.127 230.135 108.274 342.114 239.356 173.517 455.362 487.045 911.471 958.446 906.208 193.948 140.461 123.213 821.877 868.08 1000000000.0 816.387 683.99 614.613 410.493 329.18 936.59 863.826 258.031 670.682 416.463 185.596 998.318 713.648 868.831 375.056 306.732 62.914 803.844 4.54 772.567 114.81 143.092 247.705 435.201 180.174 241.012 888.417 118.736 888.808 436.166 25.276 949.581 48.723 289.458 265.681 684.834 674.072 206.291 742.255 890.072 931.694 610.474 68.48 448.915 692.916 566.523 595.295 861.913 307.014 282.326 38.023 988.6 557.278 92.481 290.846 148.238 860.708 173.203 431.49 740.122 315.249 547.926 215.501 359.257 879.314 121.946 994.035 119.075
187.34 341.635 490.169 307.214 787.745 841.878 654.543 517.177 243.75 530.151 288.335 46.845 273.783 232.906 908.306 425.489 657.431 691.571 365.621 787.862 426.223 391.485 707.269 877.856 975.192 33.604 79.175 139.706 467.245 576.225 631.917 816.387 1000000000.0 680.816 189.058 913.091 520.576 95.993 524.004 342.598 548.705 855.135 90.213 452.078 84.474 759.294 862.506 668.601 254.105 623.836 759.945 500.736 156.826 864.64 613.578 70.947 467.705 491.207 926.515 451.369 530.449 767.838 625.215 756.913 354.488 635.121 815.935 802.615 800.255 640.859 349.94 150.48 421.32 971.503 455.546 375.699 456.631 729.625 703.037 841.266 164.415 225.583 711.786 469.716 998.407 82.658 923.077 872.063 294.181 91.751 453.995 804.725 681.907 172.935 248.682 767.481 386.995 826.392 36.133 594.779
55.781 88.9 545.179 690.71 177.553 70.766 803.543 91.767 854.351 535.764 442.639 526.873 225.568 518.025 152.66 364.147 114.068 375.927 446.177 657.97 392.749 626.929 915.021 670.588 303.843 458.149 535.819 558.783 326.066 20.893 923.085 683.99 680.816 1000000000.0 669.19 340.86 551.687 454.665 314.825 431.989 281.578 387.719 475.45 958.934 938.25 89.88 431.886 108.639 918.78 750.606 663.035 104.713 241.947 395.37 410.599 204.857 507.566 450.617 124.563 893.033 145.078 368.936 617.263 102.328 216.926 197.081 170.792 795.672 241.433 888.771 914.023 510.131 265.046 106.987 417.462 924.941 625.16 836.596 945.922 485.336 585.294 347.618 13.196 485.339 466.871 323.685 706.752 787.452 172.763 962.58 686.417 575.322 583.264 839.236 495.211 577.324 927.567 519.97 812.678 701.582
841.394 507.184 527.345 599.893 4.847 972.861 714.065 276.59 813.41 519.852 926.022 745.702 628.952 704.029 51.615 207.762 881.809 607.066 309.86 641.334 602.339 684.95 893.765 999.99 969.455 149.176 520.241 461.077 686.426 324.028 764.353 614.613 189.058 669.19 1000000000.0 207.738 604.882 149.062 599.585 90.346 737.045 878.445 353.792 828.577 40.662 295.29 856.436 375.215 837.027 189.702 972.965 351.148 188.971 207.767 313.893 454.388 561.02 940.168 306.508 138.938 763.599 133.257 153.433 672.771 966.376 483.296 910.017 191.328 18.024 413.611 990.359 573.208 244.794 809.856 502.622 653.573 580.538 699.728 955.335 191.693 517.451 753.827 759.092 569.217 802.937 179.492 244.269 912.371 143.785 284.903 641.473 691.096 715.975 94.451 658.696 343.218 590.233 290.512 292.653 779.817
933.321 935.369 637.734 777.701 679.258 139.038 303.473 524.791 237.327 230.225 574.573 149.825 35.95 708.909 851.074 619.547 87.719 90.5 349.943 956.888 44.015 594.13 969.756 298.043 600.792 836.096 784.929 816.318 992.987 378.222 915.007 410.493 913.091 340.86 207.738 1000000000.0 781.304 278.309 545.181 922.204 195.156 105.523 14.997 330.516 464.545 566.217 825.425 783.112 124.384 942.192 126.136 385.704 303.101 698.308 955.523 537.644 214.611 868.258 156.264 558.321 565.923 889.675 657.085 171.785 759.191 875.632 626.062 761.124 591.632 375.96 923.525 695.274 511.685 687.217 803.181 60.589 856.193 697.878 120.547 366.735 377.904 648.093 265.379 398.195 743.328 66.91 821.563 69.16 10.426 665.611 871.023 69.777 349.621 969.444 532.139 925.088 344.643 531.445 372.296 901.941
932.148 356.11 360.7 397.389 60.534 988.529 669.854 671.474 354.332 213.103 20.963 474.692 231.578 992.281 391.507 505.544 80.927 155.758 229.214 35.5 98.283 809.487 932.857 444.52 527.213 722.453 901.967 828.647 396.177 431.466 740.943 329.18 520.576 551.687 604.882 781.304 1000000000.0 411.148 635.589 651.73 381.203 633.061 180.987 669.12 724.912 712.992 505.384 72.564 131.821 618.274 734.938 810.855 82.769 635.837 179.67 922.673 282.778 328.52 172.918 722.979 772.015 516.614 568.679 955.167 105.673 918.008 828.863 343.037 469.866 641.094 97.041 341.581 127.368 849.348 292.917 794.215 478.35 876.466 995.181 639.731 892.507 296.305 160.693 215.421 34.534 50.557 302.661 752.813 278.348 86.083 62.907 295.189 895.408 754.955 841.456 584.829 664.183 672.737 338.861 900.777
474.971 926.473 313.349 58.987 308.93 937.766 49.038 136.909 172.688 202.251 492.964 815.92 783.412 665.095 905.812 871.693 218.291 115.962 389.318 912.308 936.04 329.82 237.67 973.39 652.575 191.445 94.752 892.927 371.243 36.255 808.521 936.59 95.993 454.665 149.062 278.309 411.148 1000000000.0 306.313 540.033 120.634 211.962 142.413 998.425 528.143 662.588 777.178 236.797 77.599 310.903 37.255 533.795 410.906 183.015 437.826 309.318 410.471 111.676 672.968 173.939 867.058 776.302 452.367 363.739 736.737 26.96 114.135 533.525 802.514 378.055 940.525 38.609 398.527 153.644 275.04 842.018 677.944 141.803 639.859 117.249 906.095 118.275 394.42 805.538 1.134 858.037 924.017 107.157 916.9 400.416 383.756 311.059 478.549 378.879 424.423 655.398 470.414 207.216 231.739 129.526
774.195 152.623 291.562 687.843 449.295 313.831 309.332 173.937 72.516 492.612 167.507 253.783 814.887 156.335 540.057 417.543 404.491 797.32 957.812 269.856 849.972 376.447 806.967 311.998 68.789 1.917 943.907 190.974 378.032 162.151 518.831 863.826 524.004 314.825 599.585 545.181 635.589 306.313 1000000000.0 625.449 391.493 85.895 340.613 790.782 877.848 635.283 600.045 488.009 450.102 461.851 825.851 640.608 302.725 92.292 305.146 616.643 170.669 54.598 715.52 122.895 831.181 522.281 95.762 174.794 227.426 484.205 6.456 572.539 712.459 316.034 132.529 920.156 454.61 929.076 500.958 307.816 361.325 789.077 413.695 712.735 908.53 688.228 158.434 639.454 910.823 49.264 269.244 16.787 804.632 585.131 92.58 461.149 428.705 788.928 882.905 467.944 627.489 148.544 819.41 144.434
659.439 651.16 642.363 505.992 440.519 402.12 747.514 768.384 808.096 721.165 675.341 372.531 453.716 277.329 411.613 79.901 1.655 430.226 59.364 398.153 201.459 94.425 237.814 941.003 469.972 824.075 17.727 257.817 488.302 917.22 568.148 258.031 342.598 431.989 90.346 922.204 651.73 540.033 625.449 1000000000.0 786.131 590.337 328.907 456.141 779.089 790.7 875.279 17.964 330.126 801.157 151.563 759.855 624.622 195.041 423.198 505.055 683.408 284.243 607.948 26.55 291.919 810.989 265.205 190.075 218.646 907.428 622.445 449.18 106.726 260.385 163.96 659.834 628.977 739.806 700.349 709.319 189.362 752.953 75.767 658.5 754.742 930.534 203.14 165.002 710.299 122.97 67.382 232.806 872.116 318.248 829.6 536.442 485.99 938.066 240.074 915.142 548.22 782.002 789.644 822.991
693.616 11.261 15.839 943.505 232.066 539.644 832.831 110.239 5.403 978.332 960.095 162.331 756.904 426.329 297.996 759.991 397.262 854.274 291.211 326.122 805.575 83.27 542.722 777.773 546.083 342.222 755.295 127.23 967.402 720.037 202.199 670.682 548.705 281.578 737.045 195.156 381.203 120.634 391.493 786.131 1000000000.0 92.004 304.867 55.641 731.238 736.234 753.6 426.933 954.246 990.371 353.966 833.768 368.128 463.392 874.159 252.521 710.304 627.305 557.537 362.901 663.856 511.923 852.123 274.333 337.837 930.079 493.916 693.674 586.8 293.639 127.303 77.287 731.556 334.927 786.24 227.127 435.154 332.323 679.487 85.604 75.011 16.383 961.945 340.316 301.691 276.997 139.736 766.234 909.56 784.195 954.333 692.418 738.258 246.065 112.438 345.847 630.006 189.778 973.039 634.87
678.757 358.882 809.833 867.612 355.894 956.813 208.838 870.561 337.818 39.043 873.837 786.428 555.353 447.973 620.219 753.74 951.413 682.263 642.951 680.716 761.86 611.903 104.857 501.386 767.825 1.806 375.383 769.87 904.825 805.437 476.447 416.463 855.135 387.719 878.445 105.523 633.061 211.962 85.895 590.337 92.004 1000000000.0 431.062 227.195 166.043 429.918 576.611 290.619 759.24 350.491 449.836 268.716 811.311 200.117 738.633 781.35 186.019 164.047 765.871 8.245 552.361 313.762 181.698 230.338 664.787 742.11 499.494 379.098 337.763 948.146 384.967 382.741 311.319 226.02 205.83 129.176 848.206 193.857 817.042 161.056 21.567 723.952 290.841 93.925 536.815 650.976 722.018 998.523 411.373 162.05 263.722 345.778 737.086 127.111 735.045 245.743 822.595 983.039 117.427 895.213
3.055 204.917 410.217 336.826 611.082 63.867 741.857 583.946 871.383 798.114 129.529 27.475 740.358 779.069 154.66 294.637 110.929 484.565 634.202 986.569 795.948 882.826 679.003 55.075 121.652 264.696 73.05 787.823 959.331 195.937 227.553 185.596 90.213 475.45 353.792 14.997 180.987 142.413 340.613 328.907 304.867 431.062 1000000000.0 623.293 866.681 222.943 950.469 41.931 736.786 53.466 427.582 441.581 732.475 744.506 797.566 856.918 16.391 457.367 883.635 835.774 258.596 496.75 532.805 930.961 709.974 92.774 255.409 126.902 744.644 208.961 88.933 740.659 143.105 712.213 536.121 571.36 357.795 969.646 329.376 793.997 437.652 26.988 795.853 566.913 412.748 173.405 219.994 512.127 45.459 351.942 800.665 711.839 581.334 48.191 979.079 916.97 736.474 699.656 38.746 362.893
952.99 204.494 532.838 440.518 398.089 893.18 129.603 375.75 429.442 727.807 878.012 364.931 201.249 685.883 13.253 77.446 553.214 320.117 725.858 563.296 760.445 105.362 258.651 741.278 279.477 346.821 52.646 845.531 190.386 650.959 233.774 998.318 452.078 958.934 828.577 330.516 669.12 998.425 790.782 456.141 55.641 227.195 623.293 1000000000.0 35.506 366.65 248.562 620.178 787.74 272.088 106.971 805.309 576.928 389.431 890.38 904.419 711.249 844.334 303.282 477.898 62.821 615.199 476.585 9.83 196.824 109.189 88.474 329.277 832.042 951.258 258.973 430.069 949.642 830.582 892.521 106.956 298.365 512.643 369.939 486.719 345.113 360.839 892.916 786.03 880.537 207.562 921.689 651.883 63.793 441.87 811.165 855.673 964.888 676.636 149.604 753.776 105.586 838.603 259.692 223.032
317.298 324.724 9.641 519.064 748.562 627.048 194.977 249.343 34.433 340.895 274.303 465.685 195.642 85.906 533.476 166.85 761.152 846.253 664.179 180.945 221.515 702.284 694.627 987.98 996.378 59.593 419.193 793.752 578.285 667.065 472.609 713.648 84.474 938.25 40.662 464.545 724.912 528.143 877.848 779.089 731.238 166.043 866.681 35.506 1000000000.0 844.438 615.094 721.357 169.408 188.013 745.466 17.457 209.636 89.541 148.123 546.916 488.973 804.588 859.164 566.327 787.717 429.645 508.724 238.127 977.936 391.437 588.006 210.93 716.948 293.057 298.465 790.304 524.071 691.449 625.054 47.221 790.574 761.973 469.831 852.489 431.373 688.313 696.434 541.308 668.363 275.15 366.55 223.52 25.306 674.671 531.721 17.082 1.942 817.7 194.727 742.282 283.781 140.289 621.164 920.806
552.66 525.635 64.711 388.735 564.452 476.612 632.197 458.698 204.352 588.309 741.26 302.552 393.193 705.205 896.266 624.063 806.903 735.798 38.532 864.286 588.727 280.848 647.866 101.127 518.404 151.552 5.014 621.058 681.096 52.217 699.684 868.831 759.294 89.88 295.29 566.217 712.992 662.588 635.283 790.7 736.234 429.918 222.943 366.65 844.438 1000000000.0 205.268 105.354 434.009 758.125 618.084 148.689 383.221 80.339 528.612 183.192 633.17 685.391 372.579 642.173 587.389 607.277 986.653 358.901 656.97 30.778 149.274 247.841 68.888 157.533 655.613 960.495 553.594 40.904 886.125 896.732 737.11 834.829 742.903 263.4 375.295 364.815 359.673 277.043 916.785 844.732 626.177 169.154 861.785 349.753 664.753 541.407 105.41 351.34 500.349 461.27 500.207 41.548 114.407 704.195
485.62 674.74 816.106 90.699 117.717 734.278 871.717 87.559 913.706 519.7 51.03 839.867 613.691 821.176 989.1 534.981 653.032 278.429 533.276 232.891 1.744 705.477 258.899 350.861 974.768 823.871 758.829 753.658 382.401 68.328 916.247 375.056 862.506 431.886 856.436 825.425 505.384 777.178 600.045 875.279 753.6 576.611 950.469 248.562 615.094 205.268 1000000000.0 230.47 374.294 587.647 261.246 802.064 498.821 969.191 189.254 214.541 223.568 527.086 479.544 938.055 589.769 97.501 844.843 984.89 25.531 137.264 483.186 609.591 192.513 830.602 18.912 134.505 683.132 517.314 3.8 443.278 290.219 48.154 636.928 903.034 9.828 130.783 161.347 564.651 670.287 425.827 611.27 527.232 47.44 499.338 5.685 117.011 570.201 746.653 845.437 90.358 388.952 140.461 278.773 700.906
839.137 46.138 14.837 782.954 867.884 137.67 136.195 525.502 874.64 737.174 244.161 471.194 469.708 312.215 812.182 227.117 439.677 327.896 517.882 78.078 67.056 76.071 255.181 99.757 599.369 371.569 432.394 997.289 645.047 281.509 947.61 306.732 668.601 108.639 375.215 783.112 72.564 236.797 488.009 17.964 426.933 290.619 41.931 620.178 721.357 105.354 230.47 1000000000.0 172.068 770.349 705.303 356.36 735.003 255.637 306.058 880.654 576.718 961.004 36.945 620.607 993.413 288.391 64.388 821.395 416.815 567.009 634.279 715.675 730.409 185.638 521.004 440.992 237.198 149.075 295.583 681.219 266.337 192.363 604.551 43.082 359.686 923.11 81.007 982.944 452.821 263.276 86.25 959.28 915.57 394.243 413.328 181.021 225.036 505.503 434.482 643.343 215.93 324.139 556.866 933.972
27.305 962.558 471.93 233.593 973.953 935.847 851.99 734.978 447.768 405.477 406.151 740.371 60.829 937.187 42.513 956.445 774.251 524.439 792.938 88.787 919.773 884.616 199.16 703.506 373.192 450.867 410.441 335.164 980.164 308.321 600.524 62.914 254.105 918.78 837.027 124.384 131.821 77.599 450.102 330.126 954.246 759.24 736.786 787.74 169.408 434.009 374.294 172.068 1000000000.0 995.721 512.257 898.477 766.117 231.324 430.826 606.95 122.7 674.139 900.474 904.642 315.51 349.684 674.301 269.641 464.523 265.572 280.213 507.611 591.671 580.676 770.654 528.403 831.669 699.482 742.195 672.917 339.217 137.456 498.322 73.347 497.555 358.349 746.327 431.283 945.784 814.75 159.509 133.607 458.48 647.784 553.517 754.122 313.154 928.475 603.704 42.412 791.859 862.211 35.525 990.525
549.244 249.98 545.841 429.611 209.034 825.414 331.863 725.393 651.287 848.336 811.9 482.009 430.336 231.888 50.188 954.235 898.735 876.258 383.071 647.317 740.246 837.955 530.714 58.243 632.677 681.466 189.964 769.728 636.131 587.365 165.629 803.844 623.836 750.606 189.702 942.192 618.274 310.903 461.851 801.157 990.371 350.491 53.466 272.088 188.013 758.125 587.647 770.349 995.721 1000000000.0 683.111 232.117 566.264 35.401 912.533 536.864 868.644 727.763 157.414 160.746 553.956 727.229 763.291 113.843 574.067 561.437 16.887 488.305 947.815 350.303 632.253 605.974 94.467 705.284 711.278 874.156 541.198 461.256 160.221 874.106 273.866 92.97 838.011 594.669 62.362 823.451 191.684 350.888 379.221 150.65 398.993 659.458 80.626 578.185 878.064 155.135 391.616 138.179 399.918 350.359
249.75 22.812 20.935 739.75 167.644 189.266 312.045 438.996 229.549 963.213 551.487 905.164 988.811 527.533 965.748 21.157 907.581 342.252 370.928 178.521 993.608 343.723 762.094 927.599 646.743 614.99 836.85 950.48 608.224 570.225 675.919 4.54 759.945 663.035 972.965 126.136 734.938 37.255 825.851 151.563 353.966 449.836 427.582 106.971 745.466 618.084 261.246 705.303 512.257 683.111 1000000000.0 635.632 631.263 240.129 696.903 448.247 513.012 269.403 328.238 163.702 181.703 180.149 706.49 61.687 373.594 60.787 796.812 683.947 313.841 239.557 896.418 686.584 361.787 103.674 206.223 65.926 773.115 972.107 798.366 881.665 712.488 277.052 365.305 932.168 206.02 933.316 645.054 833.233 658.706 480.876 829.383 663.345 773.445 138.682 960.005 123.45 564.079 694.418 521.606 318.617
