100
1000000000.0 750.552 559.844 819.485 922.903 407.152 399.09 922.062 958.16 434.851 631.489 302.354 599.796 472.425 585.109 732.269 827.875 80.492 771.244 640.408 841.784 119.149 795.037 897.873 749.383 308.024 538.394 382.205 389.055 508.813 649.949 676.767 563.604 214.249 784.152 164.437 500.7 209.888 342.494 505.45 957.437 885.0 33.509 298.958 419.59 464.511 428.805 304.602 800.094 447.366 883.076 350.726 402.438 535.099 442.74 689.437 916.28 982.363 96.812 544.6 2.267 102.225 15.102 709.156 702.446 627.582 840.182 118.563 178.809 529.424 467.707 153.155 906.302 367.213 896.523 251.689 980.253 845.423 374.235 814.065 222.303 485.873 819.62 888.722 837.244 421.407 939.421 712.271 98.301 306.11 498.721 906.73 202.767 367.419 447.818 970.054 890.807 529.052 90.419 40.405
750.552 1000000000.0 859.037 642.208 270.374 679.11 645.703 429.224 686.4 226.79 141.585 422.163 908.121 413.922 219.755 901.573 270.171 936.891 643.062 509.7 372.012 352.23 239.21 445.866 540.861 970.403 268.93 889.609 250.698 807.826 436.546 426.642 471.122 925.191 358.146 173.289 927.97 204.86 896.078 316.373 346.564 434.416 675.248 212.591 443.899 669.436 34.22 642.955 584.617 196.369 367.665 63.511 569.462 56.493 735.395 735.596 723.595 215.58 723.373 372.042 66.987 837.758 623.886 372.004 335.636 79.737 922.566 341.471 190.342 702.306 523.601 948.216 978.374 906.794 503.364 215.717 86.814 525.537 354.227 200.325 118.781 569.139 928.901 412.395 104.736 961.638 852.824 65.051 163.611 547.655 708.197 812.815 851.808 98.631 913.952 96.713 324.774 210.703 85.496 654.889
559.844 859.037 1000000000.0 6.207 521.087 930.113 299.704 30.387 551.604 859.45 901.317 620.67 171.682 851.878 8.497 437.022 304.029 940.08 733.675 256.164 495.99 727.131 378.503 242.38 228.656 289.564 224.541 417.037 110.239 135.987 886.347 149.778 826.86 967.482 668.746 512.365 512.026 304.234 113.059 500.056 487.398 938.621 810.077 731.781 666.903 237.382 816.672 733.874 185.433 395.899 244.231 810.022 861.197 614.088 957.283 364.944 997.36 402.762 272.426 966.858 418.594 954.733 202.946 50.499 978.845 925.969 889.114 270.618 174.824 452.117 426.174 463.784 898.962 337.905 126.261 446.044 756.124 771.769 691.902 771.725 99.919 89.661 836.138 204.159 710.545 579.245 407.554 202.346 278.295 354.281 283.999 492.264 212.635 186.824 992.777 882.876 386.04 876.379 798.167 624.562
819.485 642.208 6.207 1000000000.0 271.388 50.232 443.183 526.102 669.798 883.496 531.728 284.94 621.228 773.932 226.773 644.857 751.837 59.055 570.212 598.034 435.999 844.032 285.44 211.796 37.01 710.894 828.908 655.12 122.452 686.286 967.623 425.295 739.432 982.659 119.547 264.813 715.777 813.449 992.051 476.097 589.491 284.811 772.183 517.466 512.417 826.398 241.634 836.538 510.243 68.517 998.128 895.3 642.619 174.121 689.589 509.121 126.786 69.85 332.917 210.713 635.141 297.55 594.26 944.468 252.499 942.279 574.751 119.767 695.178 363.553 334.093 535.703 457.003 633.458 377.647 656.925 491.176 217.858 438.962 712.073 755.962 555.238 540.56 265.985 316.689 19.891 58.442 345.291 929.033 176.851 576.436 235.102 758.879 927.354 358.367 612.769 968.916 734.644 234.381 753.66
922.903 270.374 521.087 271.388 1000000000.0 124.349 750.239 655.221 463.748 782.854 493.345 41.678 311.372 191.598 504.655 400.816 187.577 713.869 840.867 510.732 766.456 144.72 527.293 100.27 920.895 57.121 131.074 101.1 237.088 791.952 498.365 652.452 950.848 537.614 68.63 14.926 570.401 721.291 723.501 772.237 318.406 267.97 727.575 232.24 888.775 650.298 260.734 736.375 11.86 944.83 317.783 781.116 830.575 802.077 898.684 821.062 449.713 627.061 172.318 248.201 62.478 848.103 339.21 592.42 671.156 62.547 447.383 831.016 867.624 314.247 584.92 25.127 688.945 396.375 179.997 440.783 259.452 706.948 845.609 370.253 170.141 612.911 505.921 419.011 459.695 921.958 825.273 710.548 412.156 881.272 392.867 345.003 222.031 347.845 148.55 82.75 41.151 518.036 727.413 933.827
407.152 679.11 930.113 50.232 124.349 1000000000.0 273.046 986.468 791.881 62.04 830.956 105.224 510.733 308.945 936.824 246.469 476.841 767.329 209.355 686.086 879.838 821.817 747.716 799.745 586.324 395.465 690.553 451.909 517.156 560.448 863.479 889.783 788.758 754.664 470.789 63.927 886.585 863.256 176.973 638.502 321.735 702.301 470.151 699.621 697.881 321.654 100.083 735.307 175.258 792.136 887.839 334.967 47.799 88.091 490.502 31.218 918.045 699.63 710.44 577.189 41.416 379.304 55.823 610.527 313.833 117.889 80.834 314.359 199.242 989.439 758.114 663.509 985.439 570.952 207.103 219.509 407.713 856.987 305.781 10.37 16.9 200.163 32.804 848.08 931.992 854.479 933.918 110.313 469.299 558.838 250.489 838.92 911.289 141.105 95.679 66.825 507.183 403.421 911.733 603.044
399.09 645.703 299.704 443.183 750.239 273.046 1000000000.0 661.014 77.927 623.412 313.582 699.959 85.302 544.809 113.061 305.4 956.325 128.352 368.804 304.238 370.363 67.365 338.477 372.194 153.907 270.456 576.483 211.65 960.187 323.879 223.0 188.944 663.826 147.52 402.93 113.15 510.942 471.222 216.011 312.659 78.228 398.421 596.716 651.724 287.651 993.217 399.355 172.717 599.082 721.303 174.458 801.103 794.708 59.733 377.651 723.389 693.878 908.341 403.018 4.431 181.626 715.397 130.633 121.105 94.405 759.121 952.961 81.444 149.412 462.14 731.198 82.755 545.664 558.835 194.368 474.373 921.905 860.197 277.599 426.139 407.768 434.704 916.436 162.817 162.515 801.476 763.467 479.104 30.94 273.986 225.98 11.671 592.493 653.615 867.978 309.851 986.618 525.445 569.271 653.137
922.062 429.224 30.387 526.102 655.221 986.468 661.014 1000000000.0 853.058 661.855 26.819 191.88 881.817 270.338 491.797 283.333 246.783 719.846 448.053 388.944 631.786 329.958 908.038 743.771 255.045 551.644 162.387 41.895 34.259 629.36 590.723 482.932 868.866 837.382 70.477 222.176 841.978 920.094 54.846 564.631 861.136 954.354 700.552 579.599 679.88 239.331 849.875 392.686 66.085 149.453 747.595 355.788 294.865 305.617 333.337 127.711 639.843 658.621 760.321 878.443 742.823 611.68 795.383 716.324 412.271 446.531 261.66 301.948 784.162 26.186 514.575 669.469 136.415 595.766 214.003 383.015 917.114 35.138 808.429 113.787 739.505 903.538 240.578 432.141 304.958 958.62 588.504 808.892 841.659 462.538 208.155 840.478 982.603 806.655 856.278 439.483 729.119 259.613 36.351 650.695
958.16 686.4 551.604 669.798 463.748 791.881 77.927 853.058 1000000000.0 193.944 505.664 173.006 550.112 241.623 123.671 707.835 559.833 154.598 545.152 836.854 508.493 526.23 880.145 300.379 407.648 116.227 140.873 342.682 35.88 239.888 461.682 686.244 966.352 687.574 176.241 434.109 735.216 529.225 796.958 18.935 272.525 105.087 882.304 158.17 958.887 401.87 579.999 283.686 55.559 9.272 827.829 990.257 989.765 703.727 615.632 752.268 826.182 140.515 428.688 593.765 293.954 400.187 701.701 934.538 999.427 634.698 691.578 179.264 421.766 478.028 911.341 811.233 519.796 720.232 144.504 446.462 970.039 294.717 767.216 167.534 489.485 289.695 447.911 418.64 544.562 368.763 891.726 372.556 814.498 936.084 870.87 857.402 225.312 98.763 999.352 369.25 869.181 474.852 304.788 788.116
434.851 226.79 859.45 883.496 782.854 62.04 623.412 661.855 193.944 1000000000.0 42.421 264.908 94.46 46.461 943.28 74.858 901.567 252.824 196.323 339.5 463.001 23.033 655.98 225.728 693.76 21.338 67.703 957.738 93.072 967.858 614.943 974.91 320.473 447.122 376.454 47.946 718.313 650.688 316.795 823.702 222.041 875.072 585.357 351.039 180.758 67.106 686.735 915.981 719.525 68.598 966.274 458.168 469.213 926.559 662.772 420.238 888.422 650.818 462.992 102.081 675.217 205.874 111.043 785.388 96.734 918.294 141.807 660.997 971.647 990.845 638.912 511.925 99.836 801.263 653.219 720.899 366.621 707.195 176.308 915.252 524.948 547.827 776.084 359.424 248.459 726.831 493.773 84.091 455.44 707.329 300.939 360.225 311.964 885.016 99.3 561.213 783.772 851.63 232.635 578.129
631.489 141.585 901.317 531.728 493.345 830.956 313.582 26.819 505.664 42.421 1000000000.0 135.452 737.439 845.94 325.161 934.442 314.025 248.412 32.294 896.82 962.138 456.486 515.188 955.663 495.115 335.073 811.735 753.445 825.85 919.873 497.436 879.648 179.758 150.494 916.981 816.713 663.934 980.841 549.303 160.011 62.394 854.39 540.128 79.05 714.797 430.699 993.139 382.137 629.138 959.791 90.395 412.032 875.069 473.219 256.597 441.493 108.215 156.338 566.369 201.973 256.67 465.282 533.912 173.173 902.153 119.127 119.431 537.417 945.742 934.233 970.737 754.735 671.757 92.613 160.127 496.634 893.113 998.641 629.371 893.282 292.391 500.172 713.234 635.85 175.453 92.671 719.309 448.965 823.687 341.113 667.65 777.28 504.202 15.516 792.763 47.507 679.819 316.899 132.702 629.696
302.354 422.163 620.67 284.94 41.678 105.224 699.959 191.88 173.006 264.908 135.452 1000000000.0 849.54 285.092 631.396 208.504 365.8 629.637 621.707 238.537 981.857 966.857 62.726 150.739 402.81 959.151 471.747 95.239 874.325 445.303 579.25 786.772 574.127 782.248 927.246 307.828 402.636 895.472 369.803 85.71 560.835 123.289 688.593 965.497 473.578 614.832 64.047 440.088 746.845 732.049 265.002 45.344 658.119 564.753 914.116 274.75 553.094 163.535 35.187 407.35 152.618 85.234 373.707 427.218 995.734 391.312 21.294 220.848 513.694 786.707 759.513 719.711 613.895 531.546 633.519 659.926 240.842 955.338 661.275 310.206 688.097 844.649 964.874 686.367 175.121 101.356 752.177 869.524 475.436 960.738 367.523 617.358 728.999 485.739 246.864 827.036 161.176 661.417 540.834 576.312
599.796 908.121 171.682 621.228 311.372 510.733 85.302 881.817 550.112 94.46 737.439 849.54 1000000000.0 786.791 12.315 942.06 49.45 128.438 155.331 656.649 269.601 862.848 104.591 689.564 112.948 88.537 109.958 930.143 63.682 606.636 780.479 974.326 245.199 717.045 920.088 979.668 488.995 2.453 126.896 615.523 778.599 217.776 389.738 662.6 835.375 22.913 493.945 95.527 328.832 244.692 82.815 936.9 550.086 250.837 143.94 469.52 226.213 64.938 546.863 247.678 286.606 97.659 717.965 730.343 95.248 106.192 835.489 971.875 879.16 781.725 928.978 976.356 248.698 192.691 621.154 778.614 254.786 468.547 251.19 236.11 498.116 326.346 493.953 227.357 513.923 730.486 802.959 743.891 338.517 482.711 249.167 621.063 867.205 667.575 529.067 815.333 900.995 654.977 970.701 243.239
472.425 413.922 851.878 773.932 191.598 308.945 544.809 270.338 241.623 46.461 845.94 285.092 786.791 1000000000.0 59.728 726.522 388.602 934.351 272.283 191.562 189.585 265.451 625.556 539.45 570.051 647.981 433.012 934.97 36.398 831.374 396.049 554.975 749.003 356.602 881.478 246.549 746.512 519.473 461.08 444.777 396.865 651.745 755.077 802.76 175.001 73.653 13.336 498.945 425.137 343.265 965.314 136.461 71.272 771.944 334.319 739.536 997.602 179.61 788.608 130.717 427.213 497.513 27.632 313.952 267.189 409.918 88.73 339.994 217.07 466.117 127.734 912.9 305.055 910.536 618.086 736.269 569.547 394.574 653.158 289.507 717.692 69.935 574.767 706.917 911.327 260.193 106.114 194.045 922.219 386.317 352.412 380.929 532.833 481.399 108.085 399.691 251.811 88.317 612.001 451.744
585.109 219.755 8.497 226.773 504.655 936.824 113.061 491.797 123.671 943.28 325.161 631.396 12.315 59.728 1000000000.0 530.752 445.725 200.405 32.948 660.687 317.299 466.456 567.717 588.79 74.579 296.751 715.366 595.927 923.55 5.094 192.256 519.512 88.031 825.023 521.213 771.12 456.57 789.585 407.514 323.7 561.655 978.644 871.512 604.638 853.72 620.968 685.772 138.268 899.487 318.275 745.178 102.837 655.68 123.398 190.135 102.605 926.846 593.492 985.865 944.174 715.823 891.662 655.387 425.629 369.858 467.599 168.971 778.981 470.139 584.152 826.82 571.696 816.68 392.406 694.757 307.478 769.036 694.717 613.994 268.902 728.873 462.895 44.214 995.765 646.648 397.102 711.525 739.488 90.615 166.677 4.013 205.702 777.615 353.809 44.254 700.554 395.986 709.253 998.731 26.051
732.269 901.573 437.022 644.857 400.816 246.469 305.4 283.333 707.835 74.858 934.442 208.504 942.06 726.522 530.752 1000000000.0 150.656 240.25 133.663 126.749 715.155 483.722 605.315 42.134 498.815 397.017 571.242 95.601 18.791 840.945 916.143 403.375 967.442 588.634 642.391 358.679 998.459 129.366 146.063 360.123 110.799 934.467 243.985 993.368 195.023 977.367 617.862 317.929 66.787 486.883 467.451 297.896 459.461 191.216 766.462 442.811 998.894 722.817 113.635 870.265 670.355 295.968 923.688 875.414 270.293 95.212 572.426 800.643 666.115 745.516 882.562 649.211 395.254 178.244 534.786 183.872 898.402 199.182 543.294 450.037 314.6 795.758 162.405 638.471 294.774 122.375 853.098 812.406 306.18 501.872 607.091 886.297 178.882 713.683 998.992 118.79 134.6 36.445 680.244 259.171
827.875 270.171 304.029 751.837 187.577 476.841 956.325 246.783 559.833 901.567 314.025 365.8 49.45 388.602 445.725 150.656 1000000000.0 755.633 827.468 466.981 433.464 853.546 938.075 652.938 206.628 198.788 734.33 129.891 787.432 526.102 503.4 251.022 857.74 849.197 968.946 10.227 497.334 417.453 108.001 776.594 721.68 583.003 348.461 135.367 414.138 869.067 234.884 795.303 921.51 843.667 26.075 986.862 910.074 19.958 889.384 791.285 335.719 142.331 720.57 863.907 192.395 925.351 702.443 237.087 588.586 859.803 476.831 746.832 327.637 886.223 144.924 327.694 757.079 877.85 287.52 54.763 420.335 156.12 122.324 788.572 810.504 894.008 407.59 256.036 81.484 346.41 819.774 955.538 742.826 465.374 681.678 845.266 568.81 110.102 386.457 86.879 751.94 203.546 989.63 567.415
80.492 936.891 940.08 59.055 713.869 767.329 128.352 719.846 154.598 252.824 248.412 629.637 128.438 934.351 200.405 240.25 755.633 1000000000.0 805.361 825.816 613.11 121.225 92.217 979.071 582.238 489.363 653.082 980.06 935.687 8.468 247.646 957.739 307.774 392.997 885.621 87.713 887.138 119.389 267.085 89.842 64.59 567.498 567.162 543.904 984.531 481.908 171.521 722.526 159.907 555.106 634.19 101.075 45.576 547.48 689.679 142.6 623.896 328.114 928.55 368.615 81.929 43.744 784.338 116.431 347.258 670.446 638.517 612.397 836.291 235.807 238.997 324.816 358.092 644.28 781.19 73.353 636.832 439.322 468.157 243.688 249.861 405.084 358.052 71.582 459.612 765.403 600.936 202.594 227.308 845.939 675.572 816.234 528.945 572.009 837.135 504.224 36.991 101.869 254.504 176.477
771.244 643.062 733.675 570.212 840.867 209.355 368.804 448.053 545.152 196.323 32.294 621.707 155.331 272.283 32.948 133.663 827.468 805.361 1000000000.0 106.587 208.639 612.981 982.152 773.376 368.693 615.891 368.038 552.981 515.687 455.749 891.459 807.874 537.497 856.882 635.622 29.37 500.967 327.643 2.481 732.554 415.21 613.188 544.867 101.055 510.186 981.015 358.81 771.74 597.224 26.352 995.108 178.828 505.543 549.763 875.251 932.082 203.744 126.843 198.531 516.427 679.329 33.111 990.343 161.31 587.988 111.34 938.69 878.199 555.137 603.106 507.176 441.405 659.026 57.029 24.538 950.362 127.185 513.296 889.591 572.439 297.364 154.833 550.489 556.719 176.692 424.869 183.777 478.86 641.737 272.579 683.51 154.196 729.695 905.101 209.921 829.379 547.458 262.693 382.969 777.767
640.408 509.7 256.164 598.034 510.732 686.086 304.238 388.944 836.854 339.5 896.82 238.537 656.649 191.562 660.687 126.749 466.981 825.816 106.587 1000000000.0 124.911 519.597 791.047 443.93 614.867 568.337 149.46 51.597 249.282 50.316 847.758 273.821 188.946 355.957 997.04 678.904 912.552 617.988 809.478 55.632 627.003 66.803 350.831 539.023 752.607 200.688 669.349 178.691 506.089 457.935 118.098 903.199 790.719 395.565 30.271 230.933 87.131 735.964 929.45 800.791 826.607 476.742 178.019 444.09 709.355 439.044 211.784 771.542 824.686 220.011 317.941 806.927 110.728 39.796 301.439 474.76 864.422 170.754 554.161 286.31 574.633 886.882 508.87 268.667 397.015 248.086 843.126 966.658 560.42 769.659 974.706 819.245 249.472 393.421 13.545 178.463 210.109 679.53 333.014 458.924
841.784 372.012 495.99 435.999 766.456 879.838 370.363 631.786 508.493 463.001 962.138 981.857 269.601 189.585 317.299 715.155 433.464 613.11 208.639 124.911 1000000000.0 338.375 382.989 160.154 552.168 448.707 824.297 964.94 90.375 601.711 667.45 960.14 348.239 998.738 457.254 590.6 958.297 850.2 224.461 740.133 589.001 513.583 889.689 547.054 247.457 83.355 360.597 310.923 103.152 981.304 920.028 468.438 839.177 690.311 91.591 200.519 456.754 291.621 447.691 393.282 686.827 668.854 809.926 717.678 892.692 680.379 940.434 676.231 82.831 900.887 13.588 860.707 199.287 54.906 350.363 730.741 27.427 364.687 56.423 581.262 474.74 894.458 102.158 604.402 564.836 270.978 360.898 223.784 847.698 909.787 845.244 104.825 120.275 462.32 378.866 913.032 412.352 339.02 621.378 959.622
119.149 352.23 727.131 844.032 144.72 821.817 67.365 329.958 526.23 23.033 456.486 966.857 862.848 265.451 466.456 483.722 853.546 121.225 612.981 519.597 338.375 1000000000.0 111.434 101.461 499.94 552.656 397.192 812.056 288.999 743.209 216.162 74.796 16.997 543.989 147.788 500.847 573.461 393.265 29.771 300.338 471.471 231.482 756.913 981.874 780.78 73.777 226.805 356.181 225.832 23.622 989.529 125.561 976.772 549.728 9.224 288.648 947.423 884.432 30.472 938.054 413.627 174.343 828.581 215.85 963.821 686.631 581.099 682.333 19.429 291.013 344.383 519.733 98.332 582.051 131.695 248.968 954.871 728.414 491.311 920.171 818.459 635.287 802.649 713.337 75.505 659.499 254.186 547.635 160.49 828.893 886.681 136.235 319.787 885.583 26.495 771.791 510.858 323.304 449.939 326.274
795.037 239.21 378.503 285.44 527.293 747.716 338.477 908.038 880.145 655.98 515.188 62.726 104.591 625.556 567.717 605.315 938.075 92.217 982.152 791.047 382.989 111.434 1000000000.0 967.4 262.04 924.014 791.878 723.552 24.041 814.48 636.16 517.221 103.198 890.135 419.268 182.357 149.964 695.762 584.245 21.637 750.206 576.49 297.837 177.138 678.366 853.335 60.59 617.225 585.349 368.808 337.227 815.122 870.463 395.642 234.203 790.205 221.056 134.835 487.175 623.006 40.35 168.488 762.877 676.953 144.998 516.926 70.616 528.409 494.033 612.916 609.738 862.944 527.395 705.348 345.543 200.447 253.422 327.338 560.942 368.061 825.4 223.479 127.441 812.646 433.895 239.07 122.22 528.522 212.073 896.513 583.879 953.455 487.862 813.684 602.593 548.765 765.542 604.289 569.717 408.439
897.873 445.866 242.38 211.796 100.27 799.745 372.194 743.771 300.379 225.728 955.663 150.739 689.564 539.45 588.79 42.134 652.938 979.071 773.376 443.93 160.154 101.461 967.4 1000000000.0 766.642 604.279 430.75 641.22 918.781 873.519 867.841 851.066 745.21 196.333 358.65 920.672 881.813 403.008 916.334 264.935 979.831 76.044 507.462 872.648 104.763 620.853 483.957 435.33 552.504 555.717 791.99 334.27 769.481 50.651 732.346 318.339 205.263 956.307 56.484 81.778 452.052 559.287 329.422 436.401 162.373 89.236 305.744 993.373 401.024 183.974 213.73 52.352 381.587 97.851 138.672 39.151 174.287 953.906 503.484 69.028 729.085 487.057 710.887 357.306 636.617 574.712 185.263 271.738 403.054 582.127 552.581 877.724 512.345 947.957 262.847 200.459 260.054 926.063 202.62 808.279
749.383 540.861 228.656 37.01 920.895 586.324 153.907 255.045 407.648 693.76 495.115 402.81 112.948 570.051 74.579 498.815 206.628 582.238 368.693 614.867 552.168 499.94 262.04 766.642 1000000000.0 683.308 740.847 281.764 849.635 941.84 790.054 579.185 389.846 413.689 233.878 405.059 737.531 748.045 733.715 587.974 34.387 456.266 955.269 757.634 57.996 163.871 704.604 500.824 837.108 552.89 5.187 876.058 728.006 929.621 828.008 932.727 951.098 447.187 394.522 967.875 550.435 439.591 296.614 649.229 838.373 364.484 403.132 880.844 981.209 678.214 121.26 82.719 764.247 823.299 799.582 559.35 544.83 321.523 652.686 546.081 811.696 916.284 550.316 207.997 903.352 717.472 496.898 785.686 706.069 536.481 701.199 733.398 526.212 242.973 883.993 242.291 233.352 581.165 757.561 889.308
308.024 970.403 289.564 710.894 57.121 395.465 270.456 551.644 116.227 21.338 335.073 959.151 88.537 647.981 296.751 397.017 198.788 489.363 615.891 568.337 448.707 552.656 924.014 604.279 683.308 1000000000.0 632.134 435.693 423.325 125.857 835.493 62.398 792.001 575.52 613.902 310.412 501.533 683.915 187.587 88.078 205.155 156.278 107.167 296.664 126.001 809.941 777.168 776.621 922.85 137.729 660.876 680.893 186.645 80.222 693.433 180.931 982.66 909.918 825.491 87.03 369.068 352.464 928.181 821.816 726.548 788.169 375.024 780.463 989.043 53.266 333.854 874.869 444.189 965.871 599.448 378.842 266.567 553.72 449.824 467.703 962.836 140.514 205.347 275.761 231.453 857.497 716.523 316.276 359.008 631.795 943.486 558.96 41.224 557.832 991.889 465.592 268.601 957.252 614.018 490.577
538.394 268.93 224.541 828.908 131.074 690.553 576.483 162.387 140.873 67.703 811.735 471.747 109.958 433.012 715.366 571.242 734.33 653.082 368.038 149.46 824.297 397.192 791.878 430.75 740.847 632.134 1000000000.0 678.074 491.316 461.566 172.03 48.782 554.52 752.909 103.425 297.195 835.741 160.426 457.727 423.455 122.743 23.609 429.703 615.848 52.592 944.683 949.707 356.576 672.688 634.745 58.2 211.284 185.921 924.799 741.088 104.28 205.708 693.875 992.031 340.813 997.802 928.234 389.252 544.749 76.057 405.452 652.683 307.556 871.824 285.026 692.591 298.739 731.869 900.751 292.172 95.478 704.849 66.248 771.706 673.442 849.37 18.866 686.783 303.495 51.98 878.227 214.806 479.678 268.299 20.935 950.457 676.99 103.496 591.84 654.801 822.389 253.594 662.128 359.73 249.611
382.205 889.609 417.037 655.12 101.1 451.909 211.65 41.895 342.682 957.738 753.445 95.239 930.143 934.97 595.927 95.601 129.891 980.06 552.981 51.597 964.94 812.056 723.552 641.22 281.764 435.693 678.074 1000000000.0 777.024 126.282 772.269 921.013 911.738 147.218 656.842 193.566 278.728 118.035 602.795 985.736 458.093 831.668 48.713 418.326 81.214 912.93 39.546 750.701 894.61 623.725 788.642 524.188 938.138 946.31 803.175 744.36 185.757 920.224 337.407 32.698 761.395 82.515 735.076 691.206 368.197 303.72 602.92 12.822 87.534 561.788 339.708 236.798 477.398 205.346 64.377 793.861 978.967 697.175 313.037 146.692 819.73 299.356 170.595 898.346 729.949 485.537 900.766 355.318 58.685 171.755 910.87 196.613 253.475 976.753 413.222 671.076 769.719 451.912 884.07 791.829
389.055 250.698 110.239 122.452 237.088 517.156 960.187 34.259 35.88 93.072 825.85 874.325 63.682 36.398 923.55 18.791 787.432 935.687 515.687 249.282 90.375 288.999 24.041 918.781 849.635 423.325 491.316 777.024 1000000000.0 658.484 873.717 221.385 320.798 885.556 443.519 358.035 549.135 388.217 778.661 619.379 332.532 986.674 305.363 718.81 823.566 457.732 955.575 406.941 388.634 210.563 321.211 752.158 762.373 987.161 989.607 544.399 592.185 67.294 503.271 500.676 554.734 341.238 363.221 226.4 577.789 823.488 225.541 363.433 36.246 420.534 100.352 842.769 822.144 624.695 707.294 209.221 819.926 276.453 70.945 807.224 347.23 668.739 844.311 473.956 865.771 243.113 744.271 696.07 303.397 599.988 242.803 394.76 753.497 262.113 840.281 501.882 389.77 802.457 717.711 350.31
508.813 807.826 135.987 686.286 791.952 560.448 323.879 629.36 239.888 967.858 919.873 445.303 606.636 831.374 5.094 840.945 526.102 8.468 455.749 50.316 601.711 743.209 814.48 873.519 941.84 125.857 461.566 126.282 658.484 1000000000.0 68.819 974.078 858.56 242.031 805.775 522.207 290.645 934.449 222.608 228.148 404.147 623.58 391.069 600.93 128.214 644.926 536.287 326.905 52.059 137.501 963.835 317.066 329.208 262.019 973.55 120.0 466.668 212.626 567.517 995.071 136.5 895.023 843.07 580.615 363.377 942.222 228.541 843.421 814.578 278.812 547.868 717.181 374.209 167.568 614.335 917.574 83.507 471.597 721.361 464.016 893.915 904.083 184.643 992.95 459.359 897.294 937.966 634.343 905.961 248.194 31.532 649.32 922.372 58.901 726.123 453.817 363.032 669.368 672.348 605.946
649.949 436.546 886.347 967.623 498.365 863.479 223.0 590.723 461.682 614.943 497.436 579.25 780.479 396.049 192.256 916.143 503.4 247.646 891.459 847.758 667.45 216.162 636.16 867.841 790.054 835.493 172.03 772.269 873.717 68.819 1000000000.0 867.975 538.177 761.099 664.504 768.508 113.636 889.671 642.151 433.442 91.312 442.126 727.645 635.286 552.925 232.508 465.33 742.076 419.141 868.693 747.056 315.901 521.764 334.334 111.905 239.333 436.779 551.734 951.107 998.593 160.836 221.409 522.467 344.294 286.651 407.434 270.517 489.556 258.585 869.651 395.813 885.621 174.419 586.652 243.522 549.424 999.546 614.082 18.061 997.269 495.995 717.319 440.641 334.484 735.379 130.344 460.848 166.58 953.14 277.787 579.475 866.08 190.594 898.546 328.385 931.956 581.521 858.19 560.911 316.902
676.767 426.642 149.778 425.295 652.452 889.783 188.944 482.932 686.244 974.91 879.648 786.772 974.326 554.975 519.512 403.375 251.022 957.739 807.874 273.821 960.14 74.796 517.221 851.066 579.185 62.398 48.782 921.013 221.385 974.078 867.975 1000000000.0 808.185 448.857 684.455 116.633 954.664 961.768 820.565 715.683 305.298 276.561 941.764 982.203 949.833 462.807 259.576 413.002 324.972 167.593 983.803 701.184 739.65 911.085 37.865 55.453 216.48 908.163 105.773 902.791 278.558 286.742 406.37 79.706 335.469 66.532 38.475 330.339 979.623 930.303 54.996 901.762 736.106 145.992 727.813 806.278 837.069 837.242 455.832 388.155 749.822 2.431 43.365 838.142 578.537 168.622 829.787 602.786 875.259 695.673 85.954 573.724 283.396 412.641 133.052 471.464 439.962 299.965 543.617 860.46
563.604 471.122 826.86 739.432 950.848 788.758 663.826 868.866 966.352 320.473 179.758 574.127 245.199 749.003 88.031 967.442 857.74 307.774 537.497 188.946 348.239 16.997 103.198 745.21 389.846 792.001 554.52 911.738 320.798 858.56 538.177 808.185 1000000000.0 922.361 727.642 657.948 312.033 530.329 752.202 670.062 852.955 453.036 962.473 265.443 895.045 550.348 258.718 905.042 342.673 671.266 171.405 914.815 415.914 585.272 257.945 348.981 443.026 603.899 724.691 57.064 114.21 818.132 554.477 911.486 87.083 937.484 176.8 902.29 808.94 461.805 381.913 395.768 730.011 820.751 108.476 823.116 121.328 962.251 4.449 498.426 170.429 32.348 779.9 979.06 75.796 262.854 930.662 772.296 947.461 518.841 537.459 532.167 22.501 491.095 978.587 794.48 824.614 847.738 741.088 894.373
214.249 925.191 967.482 982.659 537.614 754.664 147.52 837.382 687.574 447.122 150.494 782.248 717.045 356.602 825.023 588.634 849.197 392.997 856.882 355.957 998.738 543.989 890.135 196.333 413.689 575.52 752.909 147.218 885.556 242.031 761.099 448.857 922.361 1000000000.0 317.577 886.649 995.543 854.176 744.016 2.608 535.407 977.096 112.062 712.18 370.823 71.148 718.467 636.934 273.167 611.313 479.175 766.287 141.472 238.591 563.1 769.738 448.938 917.317 163.944 895.945 920.794 784.028 862.147 398.435 237.031 336.329 180.27 886.076 10.902 568.332 129.094 813.64 869.964 804.126 712.41 261.121 499.881 921.421 690.485 104.638 867.051 951.042 146.355 515.694 322.069 951.665 738.288 482.944 370.823 593.727 295.567 489.895 313.192 124.135 921.548 141.307 368.067 777.864 905.422 127.715
784.152 358.146 668.746 119.547 68.63 470.789 402.93 70.477 176.241 376.454 916.981 927.246 920.088 881.478 521.213 642.391 968.946 885.621 635.622 997.04 457.254 147.788 419.268 358.65 233.878 613.902 103.425 656.842 443.519 805.775 664.504 684.455 727.642 317.577 1000000000.0 114.245 269.155 601.009 519.579 63.204 187.153 740.919 559.57 640.401 846.936 782.791 622.111 975.322 690.495 105.979 782.679 684.808 404.405 11.924 887.222 612.58 176.216 848.323 583.175 68.561 490.768 682.433 483.817 863.51 43.885 304.837 158.905 160.388 812.16 858.377 180.278 603.48 96.107 492.159 238.341 277.509 636.127 246.962 842.176 36.55 968.732 833.246 19.861 324.332 263.817 906.501 608.537 789.174 859.915 942.088 498.869 723.621 389.251 939.98 917.837 251.428 597.684 678.405 927.846 261.956
164.437 173.289 512.365 264.813 14.926 63.927 113.15 222.176 434.109 47.946 816.713 307.828 979.668 246.549 771.12 358.679 10.227 87.713 29.37 678.904 590.6 500.847 182.357 920.672 405.059 310.412 297.195 193.566 358.035 522.207 768.508 116.633 657.948 886.649 114.245 1000000000.0 469.505 840.166 73.041 284.76 55.374 457.207 524.421 629.966 370.774 395.034 153.161 316.807 342.714 570.392 449.628 693.302 655.656 60.725 233.098 534.898 255.591 372.451 952.92 12.721 709.984 731.88 479.631 81.625 157.76 786.531 868.725 978.557 464.353 918.189 175.038 451.577 342.77 565.408 11.777 974.456 487.772 697.626 586.998 246.199 849.571 522.612 541.138 764.639 910.871 765.179 986.582 186.608 590.425 977.418 296.689 789.037 615.838 158.768 776.231 977.451 600.554 37.738 353.447 82.803
500.7 927.97 512.026 715.777 570.401 886.585 510.942 841.978 735.216 718.313 663.934 402.636 488.995 746.512 456.57 998.459 497.334 887.138 500.967 912.552 958.297 573.461 149.964 881.813 737.531 501.533 835.741 278.728 549.135 290.645 113.636 954.664 312.033 995.543 269.155 469.505 1000000000.0 266.659 819.639 205.536 957.115 270.913 246.358 727.914 402.533 117.143 563.71 674.341 546.662 775.658 674.392 565.586 982.899 412.376 157.502 719.702 467.957 566.964 19.855 799.228 357.619 254.305 963.014 669.655 408.694 177.246 805.683 146.663 402.268 676.277 246.47 336.839 829.498 853.063 42.402 651.225 829.485 417.673 386.81 202.767 691.474 987.012 732.041 10.473 839.009 645.619 53.911 428.499 524.833 548.601 871.38 590.131 537.877 918.396 928.835 600.412 926.648 583.131 600.673 969.849
209.888 204.86 304.234 813.449 721.291 863.256 471.222 920.094 529.225 650.688 980.841 895.472 2.453 519.473 789.585 129.366 417.453 119.389 327.643 617.988 850.2 393.265 695.762 403.008 748.045 683.915 160.426 118.035 388.217 934.449 889.671 961.768 530.329 854.176 601.009 840.166 266.659 1000000000.0 17.781 771.259 965.721 519.336 610.931 605.319 455.66 352.724 935.281 534.71 391.202 177.793 698.197 335.981 595.124 566.364 75.486 385.406 718.356 255.777 611.107 710.562 35.054 843.35 843.98 995.802 659.562 890.475 898.702 867.401 875.434 151.423 379.113 444.419 251.917 177.146 451.443 238.926 9.677 652.018 711.133 873.601 883.856 457.564 666.295 236.655 462.906 151.999 969.789 581.882 615.798 241.854 623.214 82.574 149.344 171.727 568.125 685.281 620.292 682.557 326.998 267.02
342.494 896.078 113.059 992.051 723.501 176.973 216.011 54.846 796.958 316.795 549.303 369.803 126.896 461.08 407.514 146.063 108.001 267.085 2.481 809.478 224.461 29.771 584.245 916.334 733.715 187.587 457.727 602.795 778.661 222.608 642.151 820.565 752.202 744.016 519.579 73.041 819.639 17.781 1000000000.0 207.074 307.877 642.088 923.642 723.075 820.569 889.88 605.135 228.739 753.575 115.168 498.384 495.741 639.861 753.035 583.601 835.972 878.175 957.549 838.786 538.361 185.609 908.391 762.24 648.666 175.679 733.46 440.442 526.898 447.692 563.094 608.521 54.75 115.96 145.872 482.311 354.582 981.379 216.782 299.046 551.837 764.212 152.183 49.4 877.931 47.118 994.22 625.73 808.614 838.921 343.193 769.468 133.561 213.484 498.4 952.705 931.909 902.023 623.372 587.57 623.031
505.45 316.373 500.056 476.097 772.237 638.502 312.659 564.631 18.935 823.702 160.011 85.71 615.523 444.777 323.7 360.123 776.594 89.842 732.554 55.632 740.133 300.338 21.637 264.935 587.974 88.078 423.455 985.736 619.379 228.148 433.442 715.683 670.062 2.608 63.204 284.76 205.536 771.259 207.074 1000000000.0 200.727 583.464 27.147 661.807 525.634 909.465 890.568 979.433 364.949 156.234 164.077 43.099 411.457 133.863 453.36 79.807 994.727 697.558 687.369 387.293 810.371 39.078 483.053 948.003 506.699 91.738 495.122 527.497 333.859 666.369 641.232 137.032 215.557 173.997 244.915 204.316 61.041 765.783 794.365 787.689 529.264 142.594 889.951 90.931 887.094 364.955 230.884 447.272 676.618 143.168 57.414 593.502 851.879 966.246 600.001 861.633 201.694 55.571 164.678 968.973
957.437 346.564 487.398 589.491 318.406 321.735 78.228 861.136 272.525 222.041 62.394 560.835 778.599 396.865 561.655 110.799 721.68 64.59 415.21 627.003 589.001 471.471 750.206 979.831 34.387 205.155 122.743 458.093 332.532 404.147 91.312 305.298 852.955 535.407 187.153 55.374 957.115 965.721 307.877 200.727 1000000000.0 381.575 640.247 1.045 494.453 739.659 6.747 175.641 937.284 238.241 544.644 946.9 94.808 863.693 289.482 892.851 986.308 383.122 289.863 194.1 64.986 412.044 292.111 690.655 254.232 332.514 85.362 231.447 941.724 410.124 454.166 715.565 640.161 754.325 788.526 154.89 386.904 885.096 76.619 946.595 190.547 531.135 642.014 362.276 175.786 384.099 883.443 967.619 30.164 853.641 731.424 903.607 981.772 330.924 334.562 665.653 413.767 827.03 20.198 7.806
885.0 434.416 938.621 284.811 267.97 702.301 398.421 954.354 105.087 875.072 854.39 123.289 217.776 651.745 978.644 934.467 583.003 567.498 613.188 66.803 513.583 231.482 576.49 76.044 456.266 156.278 23.609 831.668 986.674 623.58 442.126 276.561 453.036 977.096 740.919 457.207 270.913 519.336 642.088 583.464 381.575 1000000000.0 19.533 394.283 639.211 670.55 395.755 365.893 229.742 472.847 638.605 446.578 46.573 868.793 288.943 956.352 15.027 333.284 949.79 209.491 811.828 66.601 72.089 4.948 57.036 134.506 405.577 182.922 76.153 375.056 165.169 697.562 540.417 320.812 353.271 576.993 635.373 670.714 581.309 715.728 509.522 206.889 9.92 288.705 990.035 423.328 256.29 135.911 329.312 127.075 214.555 968.663 418.311 847.154 532.259 464.044 79.126 184.233 480.849 30.964
33.509 675.248 810.077 772.183 727.575 470.151 596.716 700.552 882.304 585.357 540.128 688.593 389.738 755.077 871.512 243.985 348.461 567.162 544.867 350.831 889.689 756.913 297.837 507.462 955.269 107.167 429.703 48.713 305.363 391.069 727.645 941.764 962.473 112.062 559.57 524.421 246.358 610.931 923.642 27.147 640.247 19.533 1000000000.0 959.317 464.397 410.449 128.265 99.151 186.563 305.584 900.01 757.563 42.678 843.347 463.822 237.344 225.957 952.206 660.252 497.995 399.852 447.722 854.601 209.613 17.736 155.837 701.496 222.347 849.234 201.696 439.54 462.565 169.832 15.739 598.32 426.339 840.836 718.511 448.407 613.567 19.47 715.56 329.217 46.835 613.74 856.03 399.069 808.342 829.274 571.38 771.782 808.998 850.393 526.003 438.45 270.541 468.615 494.752 115.194 829.109
298.958 212.591 731.781 517.466 232.24 699.621 651.724 579.599 158.17 351.039 79.05 965.497 662.6 802.76 604.638 993.368 135.367 543.904 101.055 539.023 547.054 981.874 177.138 872.648 757.634 296.664 615.848 418.326 718.81 600.93 635.286 982.203 265.443 712.18 640.401 629.966 727.914 605.319 723.075 661.807 1.045 394.283 959.317 1000000000.0 571.788 4.494 447.683 731.857 647.175 146.296 168.852 101.222 482.663 171.661 560.975 634.506 274.734 766.181 760.295 901.033 908.105 311.982 408.775 176.58 637.387 695.932 158.222 239.129 531.98 331.985 229.448 214.869 409.94 273.114 370.508 706.446 453.587 196.226 361.516 187.614 688.372 280.111 401.178 541.562 62.792 170.592 152.285 745.632 451.906 637.039 786.418 50.048 648.425 808.205 196.363 744.551 108.268 912.015 685.218 18.972
419.59 443.899 666.903 512.417 888.775 697.881 287.651 679.88 958.887 180.758 714.797 473.578 835.375 175.001 853.72 195.023 414.138 984.531 510.186 752.607 247.457 780.78 678.366 104.763 57.996 126.001 52.592 81.214 823.566 128.214 552.925 949.833 895.045 370.823 846.936 370.774 402.533 455.66 820.569 525.634 494.453 639.211 464.397 571.788 1000000000.0 318.918 111.937 156.059 76.321 431.695 238.531 60.19 405.873 601.04 70.167 795.749 562.982 72.138 901.885 97.763 222.68 33.364 775.028 166.828 849.447 183.318 496.791 486.54 80.256 615.092 368.235 767.256 490.462 900.107 71.265 935.538 925.928 475.948 30.933 677.324 985.76 779.023 200.571 489.742 67.173 7.827 298.428 65.127 384.579 265.075 563.29 310.415 854.057 1.557 860.087 990.2 885.945 634.431 241.63 756.273
464.511 669.436 237.382 826.398 650.298 321.654 993.217 239.331 401.87 67.106 430.699 614.832 22.913 73.653 620.968 977.367 869.067 481.908 981.015 200.688 83.355 73.777 853.335 620.853 163.871 809.941 944.683 912.93 457.732 644.926 232.508 462.807 550.348 71.148 782.791 395.034 117.143 352.724 889.88 909.465 739.659 670.55 410.449 4.494 318.918 1000000000.0 349.517 850.615 809.919 829.9 785.392 531.502 69.215 151.291 745.295 923.795 193.91 680.059 327.806 818.735 113.708 775.54 829.987 338.48 143.291 178.457 358.688 544.375 266.143 431.707 93.051 427.382 885.238 813.817 12.589 92.243 513.642 263.437 667.993 840.095 740.026 155.586 335.805 251.479 733.838 535.504 675.012 972.673 858.113 461.731 509.69 509.993 577.157 634.286 729.59 572.623 949.855 192.226 792.327 67.389
428.805 34.22 816.672 241.634 260.734 100.083 399.355 849.875 579.999 686.735 993.139 64.047 493.945 13.336 685.772 617.862 234.884 171.521 358.81 669.349 360.597 226.805 60.59 483.957 704.604 777.168 949.707 39.546 955.575 536.287 465.33 259.576 258.718 718.467 622.111 153.161 563.71 935.281 605.135 890.568 6.747 395.755 128.265 447.683 111.937 349.517 1000000000.0 550.315 459.262 582.733 637.086 99.37 979.924 346.315 439.767 509.463 899.242 694.5 407.918 1.662 22.056 210.473 404.104 291.779 270.1 467.291 476.491 789.793 320.059 269.446 415.139 860.57 653.759 377.259 374.728 972.62 833.336 754.218 414.788 464.944 803.936 409.386 604.645 715.325 776.645 798.682 338.039 813.481 998.733 756.885 946.994 74.308 526.153 891.618 171.512 153.549 839.443 495.456 852.399 858.992
304.602 642.955 733.874 836.538 736.375 735.307 172.717 392.686 283.686 915.981 382.137 440.088 95.527 498.945 138.268 317.929 795.303 722.526 771.74 178.691 310.923 356.181 617.225 435.33 500.824 776.621 356.576 750.701 406.941 326.905 742.076 413.002 905.042 636.934 975.322 316.807 674.341 534.71 228.739 979.433 175.641 365.893 99.151 731.857 156.059 850.615 550.315 1000000000.0 432.988 668.284 530.715 146.505 768.343 232.801 237.771 568.257 898.829 765.38 782.584 485.313 8.935 716.734 308.992 504.538 853.086 96.533 984.524 858.446 623.556 741.331 790.829 198.105 43.717 172.881 772.018 488.346 288.036 498.422 658.819 242.02 901.261 915.628 194.514 654.864 45.296 199.494 887.64 483.275 843.637 375.652 783.46 209.074 201.262 32.545 250.226 884.292 448.742 533.636 57.292 105.203
800.094 584.617 185.433 510.243 11.86 175.258 599.082 66.085 55.559 719.525 629.138 746.845 328.832 425.137 899.487 66.787 921.51 159.907 597.224 506.089 103.152 225.832 585.349 552.504 837.108 922.85 672.688 894.61 388.634 52.059 419.141 324.972 342.673 273.167 690.495 342.714 546.662 391.202 753.575 364.949 937.284 229.742 186.563 647.175 76.321 809.919 459.262 432.988 1000000000.0 435.497 203.143 14.328 552.821 706.348 783.383 214.474 276.836 723.402 902.011 429.746 183.92 73.977 114.428 280.122 161.196 773.342 789.79 762.604 223.937 820.524 448.479 432.987 260.707 959.887 590.144 959.616 188.848 277.672 511.247 251.165 887.643 390.262 467.743 498.075 625.47 297.212 317.197 734.83 691.863 843.157 792.739 671.8 568.202 791.482 170.549 446.969 863.212 243.225 37.1 900.94
447.366 196.369 395.899 68.517 944.83 792.136 721.303 149.453 9.272 68.598 959.791 732.049 244.692 343.265 318.275 486.883 843.667 555.106 26.352 457.935 981.304 23.622 368.808 555.717 552.89 137.729 634.745 623.725 210.563 137.501 868.693 167.593 671.266 611.313 105.979 570.392 775.658 177.793 115.168 156.234 238.241 472.847 305.584 146.296 431.695 829.9 582.733 668.284 435.497 1000000000.0 514.544 181.617 380.25 362.865 964.817 742.282 518.08 98.038 216.904 938.358 406.759 367.279 411.598 325.746 179.684 731.506 943.441 876.973 659.148 62.918 732.303 731.954 512.118 833.614 967.233 539.264 741.36 154.656 378.168 766.018 406.504 518.595 270.378 436.24 712.902 633.98 596.115 791.417 425.764 312.281 168.189 210.835 804.373 40.655 828.546 476.449 378.567 261.313 437.383 566.473
883.076 367.665 244.231 998.128 317.783 887.839 174.458 747.595 827.829 966.274 90.395 265.002 82.815 965.314 745.178 467.451 26.075 634.19 995.108 118.098 920.028 989.529 337.227 791.99 5.187 660.876 58.2 788.642 321.211 963.835 747.056 983.803 171.405 479.175 782.679 449.628 674.392 698.197 498.384 164.077 544.644 638.605 900.01 168.852 238.531 785.392 637.086 530.715 203.143 514.544 1000000000.0 975.584 752.236 731.945 689.25 332.943 254.005 444.961 1.57 117.526 496.42 741.235 423.294 986.407 163.067 36.663 392.384 632.15 860.941 715.564 802.599 853.625 603.208 521.478 244.355 468.099 348.062 308.793 369.517 296.714 506.416 604.586 463.509 594.433 636.284 194.61 686.387 176.223 42.403 603.104 978.562 296.308 140.042 445.882 599.444 229.057 117.648 425.166 603.521 602.896
