100
1000000000.0 28.524 131.376 210.341 127.677 763.311 190.57 188.197 808.468 999.305 486.627 576.192 556.97 579.541 370.773 913.59 892.334 945.52 292.192 971.167 309.373 809.418 439.249 659.009 403.109 277.171 233.643 441.716 738.386 675.04 743.27 137.563 275.917 138.172 71.432 622.093 200.669 752.768 295.131 857.626 760.804 315.05 515.248 672.347 973.783 804.435 899.207 97.334 309.926 196.495 585.217 650.693 718.303 835.624 358.902 406.062 92.84 976.146 467.578 126.104 959.921 38.994 826.524 866.275 195.308 937.501 928.282 31.215 865.147 419.019 813.851 340.422 207.904 810.77 693.444 181.808 940.434 140.531 939.841 125.695 509.621 549.56 859.262 498.479 722.379 391.96 224.497 354.889 969.942 54.81 934.843 565.148 790.971 663.474 407.742 660.459 425.09 912.19 510.63 224.467
28.524 1000000000.0 535.018 979.906 706.028 940.588 396.619 771.09 141.457 553.435 688.123 169.871 741.201 171.54 793.717 449.031 126.315 944.345 889.041 813.181 962.521 343.507 257.596 608.015 49.848 618.588 488.668 487.671 42.368 719.088 670.66 764.657 543.755 830.218 956.985 805.003 899.891 578.068 43.127 581.831 693.129 832.719 305.971 741.947 818.33 777.538 880.817 866.483 167.806 357.106 799.939 390.21 390.798 774.479 419.283 749.975 180.791 25.851 585.921 430.082 303.61 121.539 939.889 897.064 855.802 698.518 472.13 456.289 164.01 815.882 734.74 131.62 232.405 494.955 779.164 422.059 503.895 847.551 433.617 220.449 389.286 282.012 770.342 388.316 812.874 719.507 742.024 694.485 156.354 230.755 881.436 286.23 309.892 929.081 854.656 394.352 423.003 460.038 527.935 290.172
131.376 535.018 1000000000.0 538.915 353.495 212.537 963.177 21.18 267.522 542.877 616.013 127.893 552.53 384.799 414.685 608.517 767.702 723.471 781.657 758.983 39.271 918.297 462.161 528.318 311.675 113.041 632.282 920.872 392.913 281.939 672.553 122.518 792.756 682.975 545.273 313.81 386.937 314.34 503.872 607.746 451.142 891.51 718.646 498.481 589.62 205.33 289.962 652.167 862.707 35.421 328.133 299.691 293.836 682.339 909.192 26.654 191.403 405.032 948.633 514.125 196.499 590.807 384.638 208.627 168.805 72.419 287.73 360.229 134.843 256.071 203.797 526.86 821.704 9.089 389.446 443.341 154.65 158.616 632.605 97.177 947.007 600.391 551.767 748.472 738.936 914.175 104.832 719.549 577.004 713.615 552.736 424.189 814.908 927.793 69.211 115.462 488.685 990.456 374.586 179.478
210.341 979.906 538.915 1000000000.0 381.755 941.434 860.143 358.734 362.929 620.23 585.508 696.52 387.815 941.26 109.969 823.877 280.531 365.924 199.244 690.944 160.882 24.193 479.602 781.745 551.755 238.692 196.058 846.679 50.987 421.407 388.823 752.256 605.877 820.501 939.572 182.925 631.211 342.071 751.149 397.761 704.927 204.812 156.731 911.607 405.949 110.877 565.908 657.004 542.526 562.546 935.369 640.52 565.353 789.966 743.844 480.323 837.641 972.934 929.125 246.524 200.299 789.056 640.963 84.827 448.512 307.678 562.072 424.997 110.75 728.587 249.185 412.353 398.637 885.191 784.524 712.244 134.838 213.252 737.745 731.356 746.014 494.616 888.79 92.568 955.148 387.406 818.988 359.024 636.676 542.24 101.91 294.261 507.907 88.198 302.802 544.348 226.607 896.482 941.477 775.642
127.677 706.028 353.495 381.755 1000000000.0 241.125 204.842 115.092 196.113 5.476 821.056 706.211 706.757 442.027 863.144 264.655 116.72 31.912 381.932 698.495 486.247 594.156 672.44 885.257 532.703 11.236 592.167 506.183 812.477 199.253 577.913 623.229 712.527 227.067 121.163 536.903 671.647 438.857 689.636 168.357 302.24 47.136 167.475 391.804 521.593 630.506 293.853 778.249 267.127 505.797 32.466 659.927 72.127 265.389 406.989 311.212 754.885 311.096 886.64 806.697 103.292 465.697 973.272 185.187 487.386 996.359 991.973 979.25 292.862 219.85 595.1 864.752 125.459 80.3 286.226 679.828 509.856 460.365 877.867 86.66 637.534 610.041 211.978 14.452 397.34 124.303 432.108 828.142 845.501 652.457 986.945 958.112 89.241 911.975 528.015 9.157 949.273 612.432 707.406 963.999
763.311 940.588 212.537 941.434 241.125 1000000000.0 255.328 220.707 220.904 610.673 938.115 178.646 932.041 505.59 977.986 997.595 533.293 643.885 101.017 813.904 773.489 700.266 428.758 627.943 99.231 921.429 267.283 343.255 448.79 995.391 419.345 738.346 781.044 517.134 637.313 879.826 965.976 522.224 884.503 303.636 725.398 931.118 801.786 761.574 206.559 637.794 869.572 15.605 330.167 211.984 697.083 689.219 491.529 829.99 24.205 383.42 988.689 840.474 417.631 874.845 514.218 282.285 794.443 800.517 113.745 95.219 723.959 9.532 75.354 732.483 767.128 361.727 338.695 737.255 313.38 82.664 345.939 972.191 174.464 661.685 704.413 180.724 952.132 223.294 973.062 279.328 8.408 577.363 650.345 330.659 887.182 638.327 962.282 609.553 333.252 947.775 83.922 812.254 557.201 240.301
190.57 396.619 963.177 860.143 204.842 255.328 1000000000.0 904.625 731.991 146.109 408.117 817.019 236.222 802.675 458.879 970.366 780.541 358.186 416.467 52.906 731.196 914.067 917.871 912.164 922.816 176.101 998.811 773.64 506.784 963.439 664.27 251.194 796.786 68.709 66.256 4.2 287.777 940.111 698.842 261.024 369.918 640.259 343.919 510.336 652.013 869.224 936.38 4.621 723.47 558.233 704.98 204.397 312.651 964.742 716.72 640.354 587.991 181.607 199.778 323.934 197.378 359.593 944.658 20.338 162.583 288.161 410.091 175.027 22.051 371.29 187.371 524.0 715.327 935.533 668.087 894.351 756.96 819.216 192.709 470.658 136.535 537.325 580.82 681.114 1.215 253.119 574.399 332.919 355.849 250.366 450.309 166.72 767.319 290.926 547.206 611.578 753.781 686.147 614.174 751.492
188.197 771.09 21.18 358.734 115.092 220.707 904.625 1000000000.0 874.519 219.071 863.404 682.209 570.604 536.325 611.1 256.837 550.657 95.861 783.04 868.732 359.624 897.401 882.718 343.723 20.358 741.648 204.884 460.167 333.646 564.919 467.376 80.921 613.11 69.241 699.36 902.511 609.092 406.739 722.596 588.536 583.726 235.236 513.129 289.076 859.191 843.727 933.878 514.702 720.168 166.5 813.722 51.866 445.189 165.225 930.912 133.606 614.573 325.621 442.325 235.115 483.361 672.894 685.132 74.566 326.721 790.623 122.37 233.312 115.971 98.834 109.309 716.971 843.682 484.106 147.211 511.334 258.499 907.854 760.539 712.167 149.033 359.083 821.106 634.573 498.919 417.142 907.011 315.719 312.143 694.019 961.637 528.232 707.715 326.786 456.246 532.547 83.65 685.499 975.949 28.488
808.468 141.457 267.522 362.929 196.113 220.904 731.991 874.519 1000000000.0 192.516 221.174 385.74 746.314 740.591 515.885 786.887 148.066 589.98 1.547 665.479 824.784 938.195 927.242 441.152 595.428 233.049 30.953 334.367 45.623 777.733 164.802 138.468 628.369 385.607 369.675 75.967 60.406 395.085 570.793 769.955 699.677 680.576 748.477 229.265 47.953 768.203 810.489 777.324 267.046 84.18 896.586 918.071 4.718 736.257 739.072 127.53 948.099 333.598 768.352 597.09 155.432 455.199 651.579 345.559 920.769 904.4 753.356 506.728 683.566 879.663 324.58 507.313 590.698 815.07 751.288 87.376 700.713 922.489 249.946 702.95 310.719 17.234 636.097 117.692 404.046 921.143 44.344 254.835 66.083 798.078 633.975 246.253 868.064 974.159 393.675 931.156 773.694 159.105 349.859 735.157
999.305 553.435 542.877 620.23 5.476 610.673 146.109 219.071 192.516 1000000000.0 950.445 916.314 784.275 737.295 314.675 495.579 665.502 941.01 651.086 7.166 584.487 129.365 720.796 720.188 837.465 239.168 215.556 961.126 241.061 361.031 58.937 586.423 837.365 250.857 895.367 710.281 97.388 853.259 685.808 547.495 317.377 561.425 263.441 435.316 399.594 912.083 566.52 388.96 57.769 574.047 180.15 532.601 234.611 305.121 529.467 96.291 443.193 140.832 586.178 438.638 16.29 439.971 907.798 85.067 272.179 803.931 847.361 127.234 102.756 638.777 84.199 731.675 169.068 186.974 734.197 688.82 222.406 966.323 196.676 776.184 854.487 499.129 245.142 471.779 530.227 703.936 495.133 410.603 156.255 827.348 411.209 615.14 672.273 733.239 438.084 527.192 346.645 256.625 164.841 499.838
486.627 688.123 616.013 585.508 821.056 938.115 408.117 863.404 221.174 950.445 1000000000.0 686.033 206.174 354.878 920.165 235.941 579.195 752.261 500.373 601.486 302.27 85.885 582.294 388.586 839.508 861.377 156.399 8.579 596.132 992.596 957.75 903.838 636.185 405.954 977.379 294.068 273.315 69.149 831.902 818.823 569.73 524.768 708.62 166.361 21.155 744.703 455.151 516.776 990.233 164.329 677.933 942.773 279.029 940.124 320.168 440.451 215.06 466.401 558.427 735.402 339.935 276.761 173.798 44.831 134.117 471.586 651.377 930.643 37.748 632.214 298.826 518.788 453.357 181.283 947.808 44.591 406.589 49.839 142.625 585.594 616.323 26.86 149.137 605.024 466.38 304.22 582.413 563.372 896.756 732.381 996.23 941.214 128.901 405.455 987.281 844.06 966.691 637.769 293.386 90.653
576.192 169.871 127.893 696.52 706.211 178.646 817.019 682.209 385.74 916.314 686.033 1000000000.0 147.224 34.835 176.359 615.711 969.481 803.115 13.163 766.887 140.857 583.166 786.274 296.564 947.307 959.991 584.611 593.13 987.118 104.059 976.895 30.347 400.954 833.909 533.103 368.189 429.057 803.206 795.759 598.97 872.257 980.957 92.698 287.868 619.679 356.333 30.345 753.534 384.179 33.565 528.99 475.3 606.565 764.017 911.201 972.879 745.217 112.888 175.371 247.35 122.235 577.123 495.024 616.429 828.732 262.978 475.085 763.573 340.587 409.939 953.074 474.927 996.609 550.314 885.675 54.102 980.274 477.591 999.14 238.943 169.256 129.477 25.914 306.239 332.147 102.093 260.604 913.097 455.109 406.994 350.745 364.148 774.912 571.014 589.579 774.405 453.892 547.393 78.954 916.335
556.97 741.201 552.53 387.815 706.757 932.041 236.222 570.604 746.314 784.275 206.174 147.224 1000000000.0 520.883 794.364 491.362 499.967 988.691 238.398 567.631 27.714 731.579 181.63 869.506 264.071 672.088 605.81 866.297 453.248 200.113 322.907 529.645 173.07 948.911 932.292 163.43 240.512 457.694 219.502 145.626 875.865 55.039 270.583 869.948 691.854 417.64 333.923 805.026 531.715 641.8 513.748 530.189 957.786 248.295 561.042 439.433 58.115 861.396 349.393 540.044 775.732 905.013 481.621 149.574 939.014 933.881 959.62 354.5 381.058 615.491 369.924 226.841 113.776 893.482 844.356 993.645 294.944 632.073 251.116 148.304 141.877 500.221 659.331 56.876 624.922 860.159 501.069 111.178 403.287 522.728 674.954 999.198 502.56 918.962 564.93 895.401 321.478 734.131 609.923 646.006
579.541 171.54 384.799 941.26 442.027 505.59 802.675 536.325 740.591 737.295 354.878 34.835 520.883 1000000000.0 518.527 207.768 610.538 706.215 809.595 555.066 237.7 871.983 53.563 645.261 50.901 922.602 997.476 756.783 846.397 497.209 857.56 822.977 166.292 687.289 691.154 198.196 662.72 815.922 994.865 919.46 90.498 118.467 402.207 560.539 961.452 51.598 305.768 437.964 778.087 491.834 521.952 262.368 775.441 841.567 906.321 677.363 567.633 443.736 640.461 7.342 115.751 987.984 534.921 491.695 263.18 5.176 15.383 672.106 380.814 211.606 833.212 859.641 998.482 705.335 827.853 34.269 439.672 934.08 988.097 249.712 682.46 701.461 853.589 327.947 76.713 602.351 299.54 772.448 778.69 324.309 92.956 359.757 999.715 55.143 809.01 621.247 18.035 54.013 991.892 133.629
370.773 793.717 414.685 109.969 863.144 977.986 458.879 611.1 515.885 314.675 920.165 176.359 794.364 518.527 1000000000.0 497.418 504.483 354.347 271.974 739.93 894.982 425.038 761.08 427.295 209.165 665.177 783.513 945.713 603.673 982.959 110.147 522.615 4.334 213.84 701.247 585.525 237.423 40.053 445.318 748.483 269.948 480.954 143.18 565.261 563.268 419.544 263.298 451.062 28.666 896.327 11.904 297.903 875.775 400.563 757.984 344.471 361.074 97.245 50.276 89.72 93.43 354.966 793.054 766.323 926.839 604.909 703.996 384.638 82.577 575.338 539.05 52.775 712.268 167.162 656.568 447.306 413.736 563.592 983.206 962.333 936.151 682.627 24.435 577.795 91.004 42.831 447.843 84.131 43.887 67.521 429.101 326.788 919.352 147.803 406.997 5.949 611.493 142.812 754.444 116.56
913.59 449.031 608.517 823.877 264.655 997.595 970.366 256.837 786.887 495.579 235.941 615.711 491.362 207.768 497.418 1000000000.0 454.314 824.926 594.395 71.054 935.089 812.722 695.161 223.716 944.305 13.63 883.518 307.128 411.417 702.131 975.081 891.614 7.859 615.689 392.045 539.016 616.447 743.808 988.189 59.699 797.065 199.181 518.376 478.407 957.094 216.309 864.46 224.616 123.681 854.346 922.951 588.867 647.274 101.139 154.014 711.667 707.003 330.392 126.931 387.891 679.575 376.0 539.31 332.573 416.843 812.205 533.115 177.878 732.526 52.261 9.391 325.069 556.224 834.039 854.181 404.41 78.349 838.197 632.399 526.208 910.039 19.502 439.618 864.663 312.117 428.605 931.876 40.248 671.528 835.737 901.317 797.633 477.395 232.324 657.84 887.306 174.043 671.691 749.299 87.229
892.334 126.315 767.702 280.531 116.72 533.293 780.541 550.657 148.066 665.502 579.195 969.481 499.967 610.538 504.483 454.314 1000000000.0 37.445 364.518 704.273 735.454 123.575 205.325 38.494 540.267 57.553 159.883 70.557 474.675 156.57 333.468 50.751 281.533 499.087 300.6 995.275 151.955 518.904 433.704 398.381 493.801 772.271 944.713 443.143 69.45 40.291 999.961 626.322 880.562 154.632 527.705 502.684 34.015 356.58 711.464 357.845 361.312 144.987 84.094 358.077 615.488 901.438 921.218 753.388 100.44 487.233 564.9 577.953 342.408 373.409 90.447 773.315 297.907 716.181 480.029 514.348 141.011 214.212 648.928 378.128 280.542 270.138 725.615 576.977 920.02 634.688 892.12 310.412 875.865 500.787 331.567 296.549 576.223 53.305 473.51 560.197 717.497 319.183 972.946 927.764
945.52 944.345 723.471 365.924 31.912 643.885 358.186 95.861 589.98 941.01 752.261 803.115 988.691 706.215 354.347 824.926 37.445 1000000000.0 489.214 147.544 746.037 538.806 178.88 699.399 901.168 830.26 583.015 334.501 989.175 93.64 514.684 220.141 143.447 340.036 573.011 200.003 29.092 356.397 143.861 105.881 999.05 825.76 876.197 688.032 168.233 229.743 671.418 321.152 163.675 902.696 159.348 557.603 734.18 315.046 211.424 214.692 730.73 802.787 632.37 862.777 781.342 402.442 636.713 23.18 944.609 321.628 461.044 427.774 323.019 400.425 673.25 952.309 581.331 645.283 821.255 625.708 655.83 946.186 473.838 550.391 309.38 515.242 102.781 547.368 74.429 818.527 942.742 992.116 958.282 119.797 599.863 859.459 447.13 111.623 398.834 495.506 540.192 505.265 496.557 366.33
292.192 889.041 781.657 199.244 381.932 101.017 416.467 783.04 1.547 651.086 500.373 13.163 238.398 809.595 271.974 594.395 364.518 489.214 1000000000.0 802.626 710.792 599.109 486.603 972.514 317.289 32.345 293.49 662.036 790.805 91.573 169.443 880.637 545.333 390.583 116.207 279.239 329.349 583.83 653.071 848.414 147.606 416.008 593.054 194.92 224.869 485.406 310.821 845.033 77.673 734.213 715.002 382.288 894.306 614.83 180.566 970.494 205.498 430.859 773.904 84.34 556.366 582.648 214.123 820.908 107.3 381.365 429.211 753.818 545.909 912.004 810.608 357.472 414.273 593.832 287.336 801.805 935.946 354.137 355.874 670.28 489.438 886.583 696.001 970.603 30.415 163.021 821.643 654.83 288.213 441.413 8.698 155.756 518.345 146.386 570.497 502.974 842.662 588.974 330.605 989.897
971.167 813.181 758.983 690.944 698.495 813.904 52.906 868.732 665.479 7.166 601.486 766.887 567.631 555.066 739.93 71.054 704.273 147.544 802.626 1000000000.0 892.244 88.369 576.844 27.792 835.304 757.028 663.198 461.269 648.033 547.993 669.078 361.763 280.861 292.112 250.102 657.76 999.671 594.92 36.525 210.376 870.607 551.706 436.702 250.855 452.081 682.951 329.284 434.051 440.046 628.422 873.084 533.511 114.875 523.187 911.779 53.671 199.714 226.073 295.103 102.047 964.386 924.339 67.985 342.329 411.883 44.018 611.256 284.856 317.928 147.405 436.59 275.248 287.023 551.881 107.147 210.092 361.098 908.08 746.585 924.339 411.046 544.596 845.573 46.286 210.349 978.392 384.637 73.052 429.628 621.676 605.739 306.942 632.926 804.962 779.879 699.531 402.558 304.241 81.064 241.301
309.373 962.521 39.271 160.882 486.247 773.489 731.196 359.624 824.784 584.487 302.27 140.857 27.714 237.7 894.982 935.089 735.454 746.037 710.792 892.244 1000000000.0 575.46 6.151 736.805 858.672 831.73 755.803 401.491 712.213 961.768 82.029 491.872 102.371 119.648 83.273 99.559 59.394 553.168 332.442 256.9 949.389 349.661 505.655 983.596 771.996 274.648 197.111 677.8 579.923 805.768 830.477 225.55 768.01 978.716 122.066 184.816 973.646 822.834 541.653 130.241 944.962 442.81 520.184 126.445 708.489 401.859 956.182 873.702 433.65 808.914 43.487 787.562 161.482 859.103 334.999 47.436 342.548 757.317 888.163 668.354 382.687 240.987 170.265 435.937 94.381 392.057 973.47 546.733 906.509 404.851 802.231 655.924 9.924 976.939 278.083 705.854 204.165 174.216 606.78 604.332
809.418 343.507 918.297 24.193 594.156 700.266 914.067 897.401 938.195 129.365 85.885 583.166 731.579 871.983 425.038 812.722 123.575 538.806 599.109 88.369 575.46 1000000000.0 332.726 336.501 501.324 437.176 319.437 417.269 642.537 117.403 811.316 121.455 85.525 937.213 782.156 161.653 303.142 473.747 68.653 760.027 963.621 816.967 495.389 225.756 411.047 152.768 994.073 564.439 254.458 655.132 516.434 860.048 445.065 634.054 254.735 148.237 770.437 791.998 892.498 55.976 979.976 392.281 339.411 832.039 302.684 213.751 875.132 348.652 922.876 748.689 391.805 131.993 266.649 677.863 357.335 706.905 623.584 241.087 126.979 297.924 681.291 857.119 719.648 638.833 739.006 182.519 345.203 817.237 581.779 257.148 670.314 151.814 495.124 689.76 928.314 618.804 616.062 125.288 460.918 523.864
439.249 257.596 462.161 479.602 672.44 428.758 917.871 882.718 927.242 720.796 582.294 786.274 181.63 53.563 761.08 695.161 205.325 178.88 486.603 576.844 6.151 332.726 1000000000.0 941.67 310.908 414.329 61.567 104.845 202.636 201.805 493.457 302.498 492.435 877.242 291.123 822.27 66.051 282.144 882.244 413.712 765.974 324.148 789.627 456.496 357.5 27.937 220.441 824.79 181.763 998.314 343.428 550.445 759.052 568.337 801.5 685.041 7.705 778.614 852.07 110.623 185.912 793.364 177.517 893.865 455.824 943.165 107.403 145.961 36.825 56.969 741.394 769.478 417.723 663.569 41.111 188.613 827.576 25.888 899.722 852.344 961.746 778.18 349.441 400.008 737.208 134.104 375.641 141.626 973.056 708.699 640.529 565.289 264.34 10.385 353.099 640.373 13.941 103.189 750.863 973.17
659.009 608.015 528.318 781.745 885.257 627.943 912.164 343.723 441.152 720.188 388.586 296.564 869.506 645.261 427.295 223.716 38.494 699.399 972.514 27.792 736.805 336.501 941.67 1000000000.0 43.008 492.145 375.473 320.934 35.301 654.638 547.195 302.421 807.349 949.82 406.154 137.058 882.964 434.239 415.213 205.553 719.056 196.816 168.821 934.964 673.288 689.078 161.554 964.144 159.744 934.377 312.768 759.365 392.924 393.434 849.72 277.665 793.633 561.978 280.128 312.479 59.458 694.554 492.784 398.85 65.432 216.672 676.241 740.962 757.746 79.574 163.056 573.552 254.945 545.989 723.055 438.788 702.679 488.322 588.766 447.186 633.032 200.524 321.391 577.42 523.526 608.204 861.825 667.945 114.919 204.763 34.869 46.879 326.758 168.984 856.089 191.359 341.312 237.24 270.338 311.712
403.109 49.848 311.675 551.755 532.703 99.231 922.816 20.358 595.428 837.465 839.508 947.307 264.071 50.901 209.165 944.305 540.267 901.168 317.289 835.304 858.672 501.324 310.908 43.008 1000000000.0 432.379 988.967 178.36 7.61 891.095 757.402 231.868 924.099 423.725 607.236 587.378 706.23 111.503 301.233 470.242 306.552 297.314 15.422 943.396 105.987 877.241 266.414 308.051 368.671 697.118 806.964 551.68 772.216 361.272 109.989 278.588 49.803 956.198 272.266 138.569 296.157 328.11 532.266 9.666 110.044 109.567 293.513 712.212 894.965 599.219 726.38 996.515 547.858 770.098 609.309 751.212 257.014 431.337 239.435 686.484 302.358 551.114 493.911 333.487 863.554 789.656 550.117 483.668 797.456 747.229 401.156 72.607 724.398 662.714 477.113 854.775 703.195 906.668 60.061 699.423
277.171 618.588 113.041 238.692 11.236 921.429 176.101 741.648 233.049 239.168 861.377 959.991 672.088 922.602 665.177 13.63 57.553 830.26 32.345 757.028 831.73 437.176 414.329 492.145 432.379 1000000000.0 914.927 226.231 475.176 517.28 327.071 560.861 536.068 86.76 437.416 154.53 64.476 171.387 465.792 721.203 371.27 910.986 802.408 96.689 80.181 243.411 106.504 151.621 102.481 199.732 350.089 545.457 927.267 633.806 400.617 828.69 377.471 747.143 662.402 96.616 478.545 766.117 196.079 801.192 357.247 749.348 732.504 501.95 592.49 237.173 176.878 773.731 209.746 674.71 786.801 869.762 310.657 467.65 404.061 288.422 790.912 935.958 256.105 337.682 205.275 86.131 97.768 348.84 930.027 447.578 258.391 108.659 740.959 933.214 473.859 418.063 46.655 697.62 850.017 631.528
233.643 488.668 632.282 196.058 592.167 267.283 998.811 204.884 30.953 215.556 156.399 584.611 605.81 997.476 783.513 883.518 159.883 583.015 293.49 663.198 755.803 319.437 61.567 375.473 988.967 914.927 1000000000.0 45.346 766.174 188.76 679.944 385.179 125.064 743.86 438.013 72.395 66.097 434.356 937.13 849.828 429.821 666.356 652.301 846.878 334.456 986.524 370.724 533.729 980.286 269.949 450.09 676.862 627.685 688.16 464.631 67.889 22.679 851.983 301.027 593.323 603.439 182.155 193.246 540.69 505.903 780.305 730.605 936.913 909.594 528.835 766.859 175.272 535.898 458.457 469.575 321.807 182.708 435.017 631.007 452.639 762.215 590.804 293.254 326.371 285.52 7.641 178.383 911.538 312.425 58.494 22.444 579.99 854.46 924.024 794.147 523.908 474.423 359.746 990.515 654.776
441.716 487.671 920.872 846.679 506.183 343.255 773.64 460.167 334.367 961.126 8.579 593.13 866.297 756.783 945.713 307.128 70.557 334.501 662.036 461.269 401.491 417.269 104.845 320.934 178.36 226.231 45.346 1000000000.0 38.616 14.981 118.862 598.327 899.899 848.916 237.249 86.372 333.046 426.092 306.329 605.31 251.598 32.995 744.784 617.406 797.738 644.731 698.249 241.971 110.331 354.061 373.783 537.297 245.935 548.002 270.633 135.86 598.489 781.025 780.566 535.445 290.544 984.938 64.661 704.259 152.876 313.241 320.818 648.289 438.786 794.644 989.499 28.618 380.17 923.66 883.588 723.114 504.415 500.919 372.833 337.962 627.448 754.076 434.31 307.62 731.456 77.084 787.156 15.007 192.673 354.782 844.995 773.122 197.961 921.801 726.474 724.098 365.504 610.904 780.804 644.918
738.386 42.368 392.913 50.987 812.477 448.79 506.784 333.646 45.623 241.061 596.132 987.118 453.248 846.397 603.673 411.417 474.675 989.175 790.805 648.033 712.213 642.537 202.636 35.301 7.61 475.176 766.174 38.616 1000000000.0 927.474 825.984 15.485 627.014 530.885 661.14 701.805 833.263 484.327 248.294 461.429 109.347 881.17 848.215 81.312 183.304 790.998 817.53 909.002 392.649 183.582 876.616 206.749 116.045 419.012 874.038 262.782 131.987 341.314 965.392 340.97 634.396 242.435 77.077 951.796 58.837 989.549 593.983 933.589 644.576 776.108 296.38 656.222 350.938 442.605 88.884 998.238 198.033 142.013 180.936 632.13 995.021 187.329 664.987 10.922 951.592 250.61 744.194 993.795 702.68 588.826 480.38 536.565 759.943 252.79 742.877 572.854 158.587 687.417 362.023 844.468
675.04 719.088 281.939 421.407 199.253 995.391 963.439 564.919 777.733 361.031 992.596 104.059 200.113 497.209 982.959 702.131 156.57 93.64 91.573 547.993 961.768 117.403 201.805 654.638 891.095 517.28 188.76 14.981 927.474 1000000000.0 84.879 88.176 45.192 579.08 619.729 488.648 577.152 210.05 382.94 152.992 584.514 615.458 948.012 170.157 543.375 33.664 516.685 664.772 356.668 446.869 319.855 572.007 317.765 271.949 282.839 968.587 248.65 20.27 759.381 707.604 79.924 313.578 651.573 203.218 893.511 677.908 749.004 902.433 221.047 479.311 117.777 83.969 664.66 66.908 218.434 210.356 284.668 479.373 379.899 783.376 209.586 128.578 68.915 113.013 830.036 768.228 707.333 262.624 923.965 361.675 641.804 123.916 874.799 494.514 29.211 54.71 864.863 638.277 885.252 685.465
743.27 670.66 672.553 388.823 577.913 419.345 664.27 467.376 164.802 58.937 957.75 976.895 322.907 857.56 110.147 975.081 333.468 514.684 169.443 669.078 82.029 811.316 493.457 547.195 757.402 327.071 679.944 118.862 825.984 84.879 1000000000.0 76.585 197.071 841.275 797.172 690.789 942.005 612.228 552.89 752.533 179.207 272.467 569.129 537.722 489.01 716.08 276.824 977.946 133.614 451.963 514.329 782.781 427.645 891.089 253.661 212.933 24.72 210.982 70.731 991.247 625.663 264.741 510.132 126.495 750.173 470.45 432.338 92.593 414.077 463.307 93.46 471.719 531.622 3.262 821.553 36.16 828.594 875.736 279.395 878.018 271.613 825.712 886.14 95.795 12.471 538.983 779.088 414.245 714.046 985.589 78.55 60.103 887.976 224.375 69.605 452.458 418.663 360.837 64.949 964.366
137.563 764.657 122.518 752.256 623.229 738.346 251.194 80.921 138.468 586.423 903.838 30.347 529.645 822.977 522.615 891.614 50.751 220.141 880.637 361.763 491.872 121.455 302.498 302.421 231.868 560.861 385.179 598.327 15.485 88.176 76.585 1000000000.0 28.351 941.227 539.074 118.589 856.65 537.333 732.587 370.111 984.666 171.277 733.18 854.353 994.687 727.672 133.001 82.206 997.793 431.447 545.947 219.467 915.401 201.914 685.098 749.664 569.353 36.867 455.974 854.889 543.337 370.914 968.989 481.408 308.385 429.984 552.735 880.427 220.087 678.065 116.181 717.368 81.553 935.514 359.676 936.667 27.464 445.145 380.091 515.941 258.372 188.431 951.672 32.538 717.543 377.447 920.488 127.822 615.338 627.571 19.848 706.616 685.289 986.564 793.295 105.279 292.532 782.629 979.086 913.631
275.917 543.755 792.756 605.877 712.527 781.044 796.786 613.11 628.369 837.365 636.185 400.954 173.07 166.292 4.334 7.859 281.533 143.447 545.333 280.861 102.371 85.525 492.435 807.349 924.099 536.068 125.064 899.899 627.014 45.192 197.071 28.351 1000000000.0 824.316 588.806 179.735 180.111 503.592 31.259 375.407 507.691 325.073 317.26 305.309 665.672 987.084 784.968 978.167 43.275 322.637 209.041 830.479 462.758 551.903 771.951 377.722 210.383 67.774 769.53 212.65 305.295 626.383 746.935 180.057 513.113 854.38 764.484 908.089 891.806 434.537 83.013 506.06 426.259 663.778 622.152 967.979 297.016 385.651 183.116 739.109 978.241 234.098 399.516 833.982 429.06 742.88 504.923 187.43 18.053 57.111 253.3 458.188 300.237 615.826 419.883 611.872 762.686 358.582 603.957 938.65
138.172 830.218 682.975 820.501 227.067 517.134 68.709 69.241 385.607 250.857 405.954 833.909 948.911 687.289 213.84 615.689 499.087 340.036 390.583 292.112 119.648 937.213 877.242 949.82 423.725 86.76 743.86 848.916 530.885 579.08 841.275 941.227 824.316 1000000000.0 461.13 754.074 180.177 319.811 590.876 564.009 338.243 42.051 371.052 611.59 511.333 674.369 619.579 122.461 595.109 695.429 742.988 728.48 730.547 180.425 836.312 808.407 619.131 328.171 460.974 559.685 6.438 85.386 360.305 142.508 23.178 683.072 512.098 8.216 501.274 252.641 341.165 152.401 671.76 502.193 137.946 273.105 426.285 842.053 751.286 888.726 451.848 782.313 171.605 696.913 565.851 173.948 851.144 410.144 727.446 51.837 592.939 751.569 48.213 435.543 314.532 219.091 187.999 67.57 743.563 308.011
71.432 956.985 545.273 939.572 121.163 637.313 66.256 699.36 369.675 895.367 977.379 533.103 932.292 691.154 701.247 392.045 300.6 573.011 116.207 250.102 83.273 782.156 291.123 406.154 607.236 437.416 438.013 237.249 661.14 619.729 797.172 539.074 588.806 461.13 1000000000.0 811.076 300.911 906.602 194.185 345.352 234.956 547.202 603.634 246.745 426.102 124.47 261.054 545.944 493.889 14.666 928.05 620.429 754.915 961.58 954.134 734.56 632.711 292.425 161.138 166.552 58.058 397.781 340.571 142.317 706.55 208.755 481.358 104.911 938.451 686.716 704.69 409.273 954.238 125.487 546.028 435.483 704.956 369.849 629.763 446.484 941.032 846.821 17.475 479.321 96.443 172.545 243.003 617.685 373.927 120.996 450.335 819.157 451.794 190.229 826.437 500.634 660.852 63.936 731.392 103.747
622.093 805.003 313.81 182.925 536.903 879.826 4.2 902.511 75.967 710.281 294.068 368.189 163.43 198.196 585.525 539.016 995.275 200.003 279.239 657.76 99.559 161.653 822.27 137.058 587.378 154.53 72.395 86.372 701.805 488.648 690.789 118.589 179.735 754.074 811.076 1000000000.0 249.85 139.372 54.634 372.375 899.048 932.41 496.501 323.11 224.888 998.301 320.583 39.718 70.729 732.582 878.835 318.412 13.861 996.583 858.269 430.794 340.177 913.473 186.072 418.354 389.505 208.559 765.925 807.286 445.147 278.636 818.295 111.345 362.471 779.599 346.705 82.531 400.023 261.902 532.598 189.036 46.137 655.011 160.314 171.531 505.425 730.551 217.454 64.932 448.933 159.509 624.753 370.959 437.305 311.181 645.901 371.843 314.328 616.537 856.225 576.081 552.241 755.84 213.579 932.03
200.669 899.891 386.937 631.211 671.647 965.976 287.777 609.092 60.406 97.388 273.315 429.057 240.512 662.72 237.423 616.447 151.955 29.092 329.349 999.671 59.394 303.142 66.051 882.964 706.23 64.476 66.097 333.046 833.263 577.152 942.005 856.65 180.111 180.177 300.911 249.85 1000000000.0 502.691 808.285 675.914 164.728 834.602 596.479 461.458 306.936 34.539 420.346 839.567 380.277 810.845 420.29 732.295 417.047 761.004 765.186 205.544 769.105 927.597 863.473 257.757 328.518 473.233 695.617 889.833 272.53 512.503 18.188 851.665 122.292 30.884 912.737 135.111 677.538 176.863 736.352 133.088 779.822 263.477 447.025 544.855 746.525 517.149 962.427 83.412 960.015 480.536 526.235 617.325 608.392 650.333 272.767 195.627 895.206 764.074 122.762 816.539 437.76 220.274 455.693 422.414
752.768 578.068 314.34 342.071 438.857 522.224 940.111 406.739 395.085 853.259 69.149 803.206 457.694 815.922 40.053 743.808 518.904 356.397 583.83 594.92 553.168 473.747 282.144 434.239 111.503 171.387 434.356 426.092 484.327 210.05 612.228 537.333 503.592 319.811 906.602 139.372 502.691 1000000000.0 192.386 217.536 65.447 760.757 76.163 112.575 52.956 734.759 212.689 942.858 634.635 431.225 297.281 742.129 773.404 32.383 8.051 676.954 353.81 646.506 905.841 52.599 202.693 676.447 437.089 973.642 132.252 316.197 696.439 305.212 631.059 201.869 716.418 29.559 241.009 508.138 980.806 259.121 130.554 498.182 697.918 397.438 699.157 927.203 61.967 993.773 428.751 217.27 530.604 43.937 878.814 276.917 586.968 919.872 803.414 579.555 530.721 731.374 151.858 890.863 51.097 796.999
295.131 43.127 503.872 751.149 689.636 884.503 698.842 722.596 570.793 685.808 831.902 795.759 219.502 994.865 445.318 988.189 433.704 143.861 653.071 36.525 332.442 68.653 882.244 415.213 301.233 465.792 937.13 306.329 248.294 382.94 552.89 732.587 31.259 590.876 194.185 54.634 808.285 192.386 1000000000.0 864.908 766.194 997.795 757.456 629.125 169.57 248.753 282.167 722.865 96.24 579.369 713.373 679.258 610.808 387.132 592.241 179.523 304.089 572.75 197.085 688.195 14.21 954.759 431.428 17.011 167.113 161.151 901.522 658.036 430.237 475.051 634.005 169.542 946.483 518.433 634.706 111.663 818.413 518.597 746.917 6.403 425.262 339.521 911.789 996.047 958.625 149.26 534.943 751.549 959.834 871.844 380.127 207.268 585.737 507.712 293.88 598.731 436.745 753.08 773.177 139.901
857.626 581.831 607.746 397.761 168.357 303.636 261.024 588.536 769.955 547.495 818.823 598.97 145.626 919.46 748.483 59.699 398.381 105.881 848.414 210.376 256.9 760.027 413.712 205.553 470.242 721.203 849.828 605.31 461.429 152.992 752.533 370.111 375.407 564.009 345.352 372.375 675.914 217.536 864.908 1000000000.0 868.369 496.177 770.768 172.442 53.686 304.389 370.298 350.014 243.081 400.411 15.107 319.723 799.752 509.669 664.436 619.525 608.974 798.395 946.027 407.365 92.389 413.077 650.953 563.411 225.983 276.76 7.704 111.659 278.644 51.473 190.421 850.375 886.118 900.654 7.416 631.72 658.799 424.162 70.823 971.042 904.927 750.104 131.218 517.903 746.593 654.041 148.992 438.752 394.624 157.494 379.184 410.425 425.741 756.904 528.608 520.715 822.403 425.655 228.478 971.239
760.804 693.129 451.142 704.927 302.24 725.398 369.918 583.726 699.677 317.377 569.73 872.257 875.865 90.498 269.948 797.065 493.801 999.05 147.606 870.607 949.389 963.621 765.974 719.056 306.552 371.27 429.821 251.598 109.347 584.514 179.207 984.666 507.691 338.243 234.956 899.048 164.728 65.447 766.194 868.369 1000000000.0 930.63 324.577 608.657 946.472 327.314 853.238 234.864 355.31 795.788 951.691 973.326 903.403 356.683 519.399 218.909 830.971 241.555 632.21 77.437 668.353 155.453 460.053 262.55 234.442 785.262 934.062 102.91 710.13 131.418 45.751 997.123 418.276 453.56 248.105 897.851 95.022 813.114 491.555 794.626 910.097 469.675 236.973 813.971 678.092 559.49 34.268 625.823 730.777 493.238 456.723 292.132 741.597 522.744 347.185 489.285 639.785 154.383 600.435 191.729
315.05 832.719 891.51 204.812 47.136 931.118 640.259 235.236 680.576 561.425 524.768 980.957 55.039 118.467 480.954 199.181 772.271 825.76 416.008 551.706 349.661 816.967 324.148 196.816 297.314 910.986 666.356 32.995 881.17 615.458 272.467 171.277 325.073 42.051 547.202 932.41 834.602 760.757 997.795 496.177 930.63 1000000000.0 133.25 130.146 790.444 945.233 90.153 411.595 801.923 738.074 149.695 960.532 540.138 230.399 356.931 890.091 685.601 496.147 789.882 635.447 523.999 375.456 970.305 268.576 95.049 391.943 638.261 668.569 75.97 927.068 80.241 100.228 772.637 9.688 510.352 503.987 2.56 121.978 289.935 165.511 912.765 116.48 356.835 568.88 774.739 617.237 226.661 55.768 459.185 968.333 603.752 321.634 96.779 36.165 790.119 374.026 298.857 462.792 514.049 4.771
515.248 305.971 718.646 156.731 167.475 801.786 343.919 513.129 748.477 263.441 708.62 92.698 270.583 402.207 143.18 518.376 944.713 876.197 593.054 436.702 505.655 495.389 789.627 168.821 15.422 802.408 652.301 744.784 848.215 948.012 569.129 733.18 317.26 371.052 603.634 496.501 596.479 76.163 757.456 770.768 324.577 133.25 1000000000.0 84.789 619.418 142.398 756.565 499.034 88.014 665.511 338.287 26.237 870.604 759.816 654.278 370.579 435.721 143.119 180.496 324.464 514.937 466.585 518.585 903.067 929.929 996.069 919.096 943.284 107.639 563.487 570.994 548.119 747.683 493.053 627.808 749.73 531.504 739.256 340.265 507.084 345.244 957.711 923.031 55.314 167.429 703.008 772.777 369.282 99.422 776.645 872.465 88.854 60.869 985.827 377.523 835.949 96.704 745.411 560.921 34.91
672.347 741.947 498.481 911.607 391.804 761.574 510.336 289.076 229.265 435.316 166.361 287.868 869.948 560.539 565.261 478.407 443.143 688.032 194.92 250.855 983.596 225.756 456.496 934.964 943.396 96.689 846.878 617.406 81.312 170.157 537.722 854.353 305.309 611.59 246.745 323.11 461.458 112.575 629.125 172.442 608.657 130.146 84.789 1000000000.0 574.627 851.309 158.907 974.682 730.044 239.249 386.808 372.108 738.401 483.062 992.843 615.904 278.986 395.172 41.389 363.415 149.589 508.121 190.477 241.96 250.222 521.071 749.496 439.399 490.562 616.901 372.866 45.471 19.668 685.636 54.017 681.445 868.313 64.509 552.634 966.314 905.709 436.297 818.022 539.078 992.934 855.753 482.235 828.806 656.512 766.318 305.704 436.683 546.968 14.095 873.317 591.147 96.19 699.35 148.564 930.006
973.783 818.33 589.62 405.949 521.593 206.559 652.013 859.191 47.953 399.594 21.155 619.679 691.854 961.452 563.268 957.094 69.45 168.233 224.869 452.081 771.996 411.047 357.5 673.288 105.987 80.181 334.456 797.738 183.304 543.375 489.01 994.687 665.672 511.333 426.102 224.888 306.936 52.956 169.57 53.686 946.472 790.444 619.418 574.627 1000000000.0 276.871 260.229 310.35 489.615 759.02 861.83 352.094 665.411 140.436 940.867 17.874 238.316 86.446 952.413 577.861 49.041 240.991 498.772 242.455 308.118 404.303 118.3 387.368 279.897 868.044 863.883 538.301 652.723 164.994 798.284 993.933 597.019 550.572 328.487 194.202 574.716 101.16 404.344 511.136 478.444 263.837 745.957 516.132 446.318 794.891 296.287 237.783 115.2 938.662 803.246 42.725 263.99 750.179 950.113 121.71
804.435 777.538 205.33 110.877 630.506 637.794 869.224 843.727 768.203 912.083 744.703 356.333 417.64 51.598 419.544 216.309 40.291 229.743 485.406 682.951 274.648 152.768 27.937 689.078 877.241 243.411 986.524 644.731 790.998 33.664 716.08 727.672 987.084 674.369 124.47 998.301 34.539 734.759 248.753 304.389 327.314 945.233 142.398 851.309 276.871 1000000000.0 322.33 76.671 731.778 87.454 888.941 208.633 537.735 488.807 813.413 466.274 863.223 801.939 68.687 371.74 883.017 175.839 287.367 305.074 38.478 488.719 821.344 494.581 867.845 241.434 351.369 791.985 835.944 821.395 893.18 305.552 492.279 580.32 789.708 619.61 989.37 993.443 159.778 324.086 136.932 168.375 45.251 177.023 261.264 158.852 865.392 15.518 823.335 486.872 598.865 971.83 692.553 23.665 645.574 700.304
899.207 880.817 289.962 565.908 293.853 869.572 936.38 933.878 810.489 566.52 455.151 30.345 333.923 305.768 263.298 864.46 999.961 671.418 310.821 329.284 197.111 994.073 220.441 161.554 266.414 106.504 370.724 698.249 817.53 516.685 276.824 133.001 784.968 619.579 261.054 320.583 420.346 212.689 282.167 370.298 853.238 90.153 756.565 158.907 260.229 322.33 1000000000.0 744.784 584.484 526.422 283.66 923.075 603.668 568.414 729.779 236.296 590.384 34.406 33.876 791.622 32.639 161.264 713.244 617.67 269.551 147.688 738.74 325.34 474.106 301.765 602.156 251.296 962.566 571.912 271.283 285.151 929.379 562.323 443.038 683.026 481.754 661.285 119.009 525.895 933.229 766.237 118.564 872.662 400.749 74.395 191.456 906.619 879.398 368.87 669.015 869.108 483.129 573.273 373.882 512.694
97.334 866.483 652.167 657.004 778.249 15.605 4.621 514.702 777.324 388.96 516.776 753.534 805.026 437.964 451.062 224.616 626.322 321.152 845.033 434.051 677.8 564.439 824.79 964.144 308.051 151.621 533.729 241.971 909.002 664.772 977.946 82.206 978.167 122.461 545.944 39.718 839.567 942.858 722.865 350.014 234.864 411.595 499.034 974.682 310.35 76.671 744.784 1000000000.0 969.344 525.394 905.38 298.457 495.698 695.285 356.145 442.997 730.084 386.043 190.802 820.773 32.209 884.05 932.841 838.321 162.886 565.571 115.559 660.386 226.089 316.16 752.013 256.936 303.751 467.328 99.803 140.513 61.512 984.747 340.0 260.352 372.136 582.383 922.887 143.823 829.652 151.54 118.548 777.465 360.041 120.662 850.588 224.813 956.824 658.836 493.97 214.848 701.087 95.743 377.003 481.93
309.926 167.806 862.707 542.526 267.127 330.167 723.47 720.168 267.046 57.769 990.233 384.179 531.715 778.087 28.666 123.681 880.562 163.675 77.673 440.046 579.923 254.458 181.763 159.744 368.671 102.481 980.286 110.331 392.649 356.668 133.614 997.793 43.275 595.109 493.889 70.729 380.277 634.635 96.24 243.081 355.31 801.923 88.014 730.044 489.615 731.778 584.484 969.344 1000000000.0 524.904 947.736 692.089 70.243 782.797 881.548 674.912 769.292 818.786 582.481 816.419 857.282 361.965 726.241 688.999 1.692 552.284 288.418 495.721 514.642 243.338 619.311 41.41 818.432 404.651 872.519 293.857 315.716 13.75 269.891 38.488 575.204 655.43 880.455 74.885 92.186 797.895 696.137 708.202 85.39 994.447 600.437 887.391 494.809 356.422 120.292 508.21 755.696 651.391 164.285 264.205
196.495 357.106 35.421 562.546 505.797 211.984 558.233 166.5 84.18 574.047 164.329 33.565 641.8 491.834 896.327 854.346 154.632 902.696 734.213 628.422 805.768 655.132 998.314 934.377 697.118 199.732 269.949 354.061 183.582 446.869 451.963 431.447 322.637 695.429 14.666 732.582 810.845 431.225 579.369 400.411 795.788 738.074 665.511 239.249 759.02 87.454 526.422 525.394 524.904 1000000000.0 544.896 747.721 845.249 836.768 849.905 335.383 606.64 19.363 943.794 826.399 908.61 769.196 48.91 884.719 762.512 529.517 814.976 489.993 777.07 81.553 154.24 538.184 873.36 322.532 992.257 568.821 483.34 232.355 983.259 305.768 357.441 694.351 180.472 167.266 578.187 700.919 319.865 34.913 458.881 514.369 818.454 571.706 312.704 97.776 359.659 576.794 346.747 651.625 826.395 325.985
585.217 799.939 328.133 935.369 32.466 697.083 704.98 813.722 896.586 180.15 677.933 528.99 513.748 521.952 11.904 922.951 527.705 159.348 715.002 873.084 830.477 516.434 343.428 312.768 806.964 350.089 450.09 373.783 876.616 319.855 514.329 545.947 209.041 742.988 928.05 878.835 420.29 297.281 713.373 15.107 951.691 149.695 338.287 386.808 861.83 888.941 283.66 905.38 947.736 544.896 1000000000.0 664.804 412.175 79.448 559.533 628.964 584.821 185.817 771.738 332.958 827.915 636.317 423.006 220.032 607.42 79.09 934.42 13.529 349.545 767.835 378.323 708.691 135.568 101.258 876.808 566.69 209.727 498.034 324.81 2.355 26.733 644.987 796.312 177.503 380.624 530.274 73.335 989.274 318.239 203.226 118.342 649.358 916.702 166.945 725.685 457.507 985.799 444.536 790.138 451.119
