100
1000000000.0 926.067 200.624 527.269 342.829 593.276 796.976 53.374 966.881 785.528 324.659 380.533 656.276 591.195 761.281 104.711 547.641 58.207 273.657 390.382 673.194 643.658 838.267 595.723 539.992 570.298 942.353 190.019 397.29 489.378 747.909 292.942 31.902 997.372 265.358 97.581 69.141 991.275 962.272 272.448 269.025 917.79 245.41 625.678 379.185 748.031 436.535 456.4 11.176 728.392 508.645 439.287 170.007 535.892 770.67 599.511 575.277 809.963 80.737 541.874 381.921 498.444 938.587 329.67 251.894 504.581 615.52 313.348 320.45 892.054 415.951 573.391 159.562 575.291 553.09 79.966 481.748 114.638 346.199 451.679 691.003 425.892 430.314 876.271 625.949 483.853 696.595 581.915 142.915 696.076 117.321 169.953 478.277 351.169 530.323 467.363 6.012 227.051 106.381 369.924
926.067 1000000000.0 910.067 842.863 896.203 611.269 545.215 372.582 771.747 773.058 509.499 321.83 302.398 954.356 172.328 932.27 569.664 652.938 799.075 266.683 469.197 514.015 209.8 938.586 414.121 413.064 488.502 113.926 947.528 390.562 444.251 65.784 633.656 225.735 911.047 266.844 405.184 226.514 317.487 211.82 584.616 116.042 775.341 633.172 969.654 82.398 785.613 416.885 677.986 76.656 8.311 272.923 116.357 585.12 945.794 897.545 500.291 250.789 116.524 165.733 761.125 483.613 514.964 892.396 543.943 560.106 91.164 784.355 972.027 609.923 789.339 850.075 326.051 123.316 763.107 927.677 941.836 313.239 635.314 81.993 655.33 645.743 552.391 933.432 167.655 325.467 153.005 701.128 967.515 232.264 833.711 984.0 422.653 582.535 212.696 586.631 327.406 805.801 570.03 799.762
200.624 910.067 1000000000.0 456.588 786.297 187.204 70.488 169.666 146.379 979.456 104.991 166.348 981.789 95.798 199.872 870.482 610.446 561.409 532.291 470.249 866.992 784.979 552.428 9.288 757.448 296.045 303.192 326.922 312.115 234.685 131.241 729.943 297.151 473.343 691.929 44.474 400.239 252.146 582.636 378.697 245.194 38.3 609.477 282.091 761.717 952.38 145.589 477.241 105.891 672.778 448.514 735.693 765.351 210.924 64.898 794.721 247.044 788.521 216.064 525.324 828.108 368.794 599.127 740.622 210.381 162.342 560.381 280.765 140.495 268.507 680.302 183.007 518.315 571.595 221.735 741.444 149.721 82.657 943.849 908.049 493.686 953.703 927.389 205.273 486.251 812.976 973.877 73.753 280.859 702.058 352.294 30.722 740.165 738.683 766.377 473.801 634.018 787.908 549.726 641.493
527.269 842.863 456.588 1000000000.0 885.195 379.409 498.76 264.775 214.472 802.793 796.135 991.659 111.335 771.903 923.248 923.424 92.389 24.626 170.115 221.802 153.84 663.22 261.503 369.997 102.293 663.831 756.149 522.581 650.989 162.557 408.193 58.019 261.342 262.979 539.023 140.43 734.092 334.857 900.483 903.482 215.473 524.621 819.089 256.284 625.875 577.567 650.339 748.246 133.782 785.497 401.44 479.102 298.441 966.549 965.394 865.373 939.871 298.287 331.072 746.396 465.441 614.535 447.95 345.511 899.386 511.011 847.551 762.414 559.268 887.472 882.174 547.194 959.091 477.333 604.738 299.129 469.251 785.984 602.08 1.789 905.996 648.22 664.24 145.238 670.241 537.334 619.679 205.391 726.141 831.579 272.525 626.919 384.204 62.433 707.626 478.083 384.116 858.542 85.598 626.99
342.829 896.203 786.297 885.195 1000000000.0 136.197 174.587 434.877 831.223 185.015 883.541 527.319 53.087 115.716 475.4 985.555 158.593 128.601 165.551 452.942 468.189 393.465 801.618 838.4 824.732 643.32 267.88 351.192 271.572 141.837 531.32 633.953 104.18 408.098 235.46 728.726 621.072 510.69 465.491 872.015 237.409 370.186 796.726 443.469 818.536 533.614 750.894 840.355 802.71 35.223 866.08 14.575 918.914 357.114 664.894 620.562 688.87 485.198 41.208 883.239 120.31 903.492 574.327 568.792 709.83 490.16 533.016 209.422 620.608 636.962 488.395 155.491 936.333 440.826 845.073 684.683 967.562 33.222 837.697 933.064 650.119 333.488 192.707 473.253 887.444 364.156 647.956 948.583 971.687 550.818 852.641 255.793 305.611 316.612 136.312 397.571 956.071 937.6 370.332 960.813
593.276 611.269 187.204 379.409 136.197 1000000000.0 685.746 495.163 528.486 484.709 228.229 38.209 125.407 659.381 619.151 580.68 599.79 880.862 846.274 260.347 594.531 351.763 284.95 192.432 510.138 452.489 170.047 679.526 92.688 9.316 624.022 340.546 978.974 193.536 48.632 809.011 788.432 957.542 83.404 928.445 916.281 251.005 585.041 29.918 268.607 206.966 481.031 347.407 439.407 164.818 276.246 472.802 948.588 758.085 974.394 746.409 729.961 971.963 943.65 127.774 467.729 662.933 674.776 216.946 435.288 677.794 718.99 989.827 85.712 137.749 878.797 213.324 187.985 718.81 952.645 317.454 825.529 889.432 783.413 359.52 670.441 949.721 656.762 973.644 986.215 225.278 585.396 876.765 284.63 971.276 915.629 38.728 916.994 35.287 276.081 957.327 922.799 168.94 557.484 626.734
796.976 545.215 70.488 498.76 174.587 685.746 1000000000.0 825.315 81.771 11.374 838.772 170.216 566.748 786.229 990.479 126.326 87.955 226.507 265.898 393.536 711.328 529.325 807.916 756.333 273.907 322.324 143.054 492.134 172.837 272.365 135.828 818.838 198.419 885.357 95.531 341.707 93.193 45.459 418.332 752.059 219.462 62.655 638.435 656.848 877.765 120.198 929.604 899.785 200.876 994.435 516.187 419.433 615.685 232.238 850.525 292.319 477.795 800.665 367.744 979.62 720.016 77.803 474.055 389.089 647.722 606.361 7.347 170.09 264.723 439.165 809.466 9.535 760.088 152.311 283.251 785.368 482.766 209.401 770.011 296.654 92.984 38.823 128.137 643.403 136.851 35.078 278.7 14.289 796.636 559.275 144.721 837.159 849.79 778.681 765.515 950.279 967.163 111.78 291.767 756.291
53.374 372.582 169.666 264.775 434.877 495.163 825.315 1000000000.0 154.258 687.407 946.281 529.001 346.636 456.354 522.182 613.133 984.413 230.954 677.993 75.679 93.257 899.456 657.209 787.083 822.325 75.463 932.536 715.023 559.977 305.968 450.569 446.774 59.02 190.172 721.547 476.643 694.393 832.847 448.169 949.053 658.475 291.423 368.5 204.004 580.516 356.062 285.311 603.857 959.087 661.867 953.507 522.159 966.036 310.722 135.047 986.395 572.494 191.874 181.193 469.415 378.057 491.254 534.071 898.408 852.328 246.838 474.871 423.468 535.54 812.79 809.127 937.159 492.214 923.02 291.235 213.066 5.813 181.192 682.343 302.719 783.849 877.17 279.072 154.435 97.703 947.094 735.588 992.476 874.419 790.208 737.931 740.951 53.884 845.138 149.105 665.865 391.83 942.848 665.478 45.025
966.881 771.747 146.379 214.472 831.223 528.486 81.771 154.258 1000000000.0 369.394 796.709 364.459 136.41 654.652 72.994 231.381 667.918 62.68 732.23 673.53 222.097 533.958 171.017 657.183 17.292 331.175 311.975 380.714 362.125 463.112 404.58 33.38 359.27 315.14 223.241 303.779 47.319 346.82 549.222 861.577 216.13 828.303 508.65 747.984 485.116 841.106 347.282 183.194 132.817 12.675 874.308 15.838 693.733 231.444 761.758 216.187 184.339 381.451 504.21 369.61 817.615 543.659 934.469 431.249 814.166 146.165 946.636 755.879 243.429 663.325 823.236 547.355 350.297 652.451 64.721 894.44 206.107 428.54 95.049 574.689 123.509 688.79 385.039 756.576 867.945 678.17 395.485 283.394 957.225 976.22 732.072 135.263 787.724 953.532 838.702 847.56 945.098 983.13 413.821 43.573
785.528 773.058 979.456 802.793 185.015 484.709 11.374 687.407 369.394 1000000000.0 26.839 367.795 49.355 917.128 577.05 882.149 19.741 697.142 523.127 847.6 185.718 624.046 225.171 718.302 486.078 871.939 250.22 57.899 893.593 898.184 928.369 288.223 777.069 12.471 34.819 382.798 1.086 178.504 409.368 423.738 645.24 250.898 217.637 180.404 342.755 240.827 543.75 527.69 472.822 715.763 269.018 409.122 990.158 166.504 488.036 958.203 717.674 996.012 576.909 357.403 190.019 257.482 250.366 445.316 531.186 683.162 4.126 472.458 161.951 813.28 162.184 126.987 306.422 883.555 308.432 643.679 679.914 864.006 828.316 501.197 721.174 877.343 387.144 412.891 18.911 57.68 272.21 453.417 323.575 633.623 318.155 977.011 236.97 982.993 467.394 65.087 98.521 710.031 432.276 781.152
324.659 509.499 104.991 796.135 883.541 228.229 838.772 946.281 796.709 26.839 1000000000.0 831.681 159.767 389.044 823.73 919.843 413.234 904.984 426.781 538.6 677.59 19.509 444.017 504.062 855.793 834.067 571.014 954.499 688.755 733.521 407.661 993.066 78.168 402.55 202.452 493.313 983.815 737.456 802.2 571.982 553.72 21.128 1.285 441.845 509.376 990.522 815.786 723.81 189.54 729.72 269.289 783.87 177.357 34.106 87.163 389.991 556.649 947.566 59.62 23.123 986.251 140.963 444.917 907.685 212.132 345.458 285.816 755.384 55.298 364.353 671.728 928.695 462.144 338.235 73.554 288.9 316.029 861.937 189.636 633.185 196.665 418.187 738.374 174.356 637.45 886.374 688.801 189.143 508.691 293.413 619.002 165.638 130.329 38.186 665.596 402.442 603.21 798.13 524.306 906.246
380.533 321.83 166.348 991.659 527.319 38.209 170.216 529.001 364.459 367.795 831.681 1000000000.0 306.324 795.182 319.013 239.584 215.38 184.662 454.599 97.658 470.81 74.405 334.218 358.096 672.355 649.75 74.307 719.101 538.535 448.788 826.825 401.912 411.419 166.47 139.895 68.574 985.276 691.51 409.922 640.634 207.921 61.319 908.916 488.569 304.993 136.15 395.469 255.627 691.322 373.421 105.908 397.333 674.102 521.562 625.872 411.013 525.319 40.348 221.748 179.786 380.282 571.502 365.663 965.611 802.683 289.48 785.879 389.503 1.826 573.614 820.796 259.989 990.39 932.972 6.501 432.892 76.166 653.769 179.247 89.458 464.64 724.573 733.077 314.234 816.869 719.404 653.573 357.253 986.895 110.282 868.247 848.295 62.397 710.219 65.313 507.395 590.771 272.815 274.535 802.709
656.276 302.398 981.789 111.335 53.087 125.407 566.748 346.636 136.41 49.355 159.767 306.324 1000000000.0 187.673 662.412 133.326 80.207 465.818 556.715 368.418 937.167 480.246 723.724 435.04 787.344 539.01 715.701 902.384 725.034 785.811 723.542 580.107 878.82 735.581 162.22 723.647 55.003 668.852 835.21 929.879 417.207 300.241 392.061 984.465 728.184 819.545 864.93 831.775 238.849 606.794 572.47 266.84 3.058 133.112 590.715 999.587 6.914 182.045 966.631 445.327 298.364 49.354 173.338 931.017 151.406 412.084 467.017 173.682 577.369 432.654 943.217 349.348 352.799 266.457 872.301 861.508 388.855 815.689 931.007 532.364 940.169 936.072 389.087 852.703 748.26 35.797 187.471 657.676 659.712 747.347 279.561 746.493 745.766 160.992 411.765 732.895 38.963 553.773 806.184 188.229
591.195 954.356 95.798 771.903 115.716 659.381 786.229 456.354 654.652 917.128 389.044 795.182 187.673 1000000000.0 632.305 456.358 185.286 467.311 56.536 669.484 353.455 312.118 837.031 914.341 627.794 873.481 318.859 970.031 42.559 365.793 620.777 429.021 247.044 88.508 349.425 294.147 15.101 597.936 636.009 490.063 621.912 636.106 763.998 873.283 58.019 695.297 169.942 454.849 340.398 288.304 93.591 940.246 757.702 433.061 848.796 228.898 407.38 908.616 121.85 880.126 521.996 725.397 936.185 198.183 549.694 77.452 229.625 660.98 131.014 558.893 50.627 21.651 924.097 749.736 136.531 22.149 155.542 718.169 341.809 7.203 339.53 785.544 490.874 949.347 895.715 333.108 537.614 464.181 867.835 632.177 600.185 346.437 491.232 840.021 308.102 616.674 955.361 679.439 145.754 749.597
761.281 172.328 199.872 923.248 475.4 619.151 990.479 522.182 72.994 577.05 823.73 319.013 662.412 632.305 1000000000.0 117.579 738.407 697.896 955.488 579.345 574.795 233.544 127.398 813.515 947.741 383.143 465.997 977.364 395.895 156.83 548.902 76.139 414.683 730.561 871.637 985.582 111.587 935.402 209.808 718.334 401.589 862.356 602.135 557.744 755.561 909.414 736.284 641.095 192.759 248.075 809.56 588.476 554.991 521.773 329.889 49.539 34.045 609.531 404.69 751.472 967.916 320.871 369.276 451.148 429.378 333.044 139.372 333.376 267.13 110.51 983.498 613.611 416.227 407.704 606.696 988.852 434.306 995.152 138.331 239.538 279.773 10.307 8.699 651.587 370.227 477.105 831.692 587.489 34.453 64.621 697.89 300.59 648.55 979.307 132.058 111.735 990.265 74.699 24.068 166.023
104.711 932.27 870.482 923.424 985.555 580.68 126.326 613.133 231.381 882.149 919.843 239.584 133.326 456.358 117.579 1000000000.0 726.204 407.954 327.403 330.722 928.318 760.965 953.65 809.369 508.347 874.638 172.008 929.111 955.769 198.226 30.846 875.391 276.065 555.425 545.74 315.654 332.685 337.428 559.399 183.083 38.706 98.56 768.632 162.812 548.085 916.913 79.512 440.758 159.074 238.021 225.707 638.974 675.392 636.662 841.524 584.799 519.178 218.173 552.009 867.928 621.972 180.803 226.483 859.682 706.457 770.937 366.214 545.209 466.023 590.498 170.298 804.886 49.632 202.839 512.323 114.776 243.675 863.216 868.704 704.247 818.139 937.305 211.291 859.684 860.16 871.083 589.129 748.313 340.629 783.803 5.454 945.84 369.309 768.793 814.609 959.337 978.371 104.782 157.944 345.337
547.641 569.664 610.446 92.389 158.593 599.79 87.955 984.413 667.918 19.741 413.234 215.38 80.207 185.286 738.407 726.204 1000000000.0 883.669 449.236 330.201 854.659 117.562 627.66 133.502 412.73 330.735 256.041 582.888 783.442 165.821 260.77 354.718 563.993 338.251 301.713 119.357 618.915 345.124 87.339 189.415 482.174 388.103 548.129 261.519 871.805 33.285 12.393 135.361 824.527 530.463 107.343 155.255 734.077 942.433 860.58 41.379 495.478 400.939 657.135 425.874 251.756 61.959 605.42 758.21 502.6 24.754 47.324 765.26 458.291 936.729 438.63 772.902 769.635 196.686 969.855 354.382 669.338 631.848 683.22 739.67 485.666 882.28 23.032 907.265 466.879 805.783 729.416 865.146 644.493 918.737 959.466 418.578 700.165 953.761 925.466 680.704 663.959 116.738 350.149 329.256
58.207 652.938 561.409 24.626 128.601 880.862 226.507 230.954 62.68 697.142 904.984 184.662 465.818 467.311 697.896 407.954 883.669 1000000000.0 883.991 899.503 64.975 743.728 629.408 743.505 424.921 322.554 421.708 414.155 682.509 313.708 43.594 332.917 663.17 787.49 739.296 510.336 75.759 238.854 346.236 802.041 961.302 6.457 986.41 681.353 469.574 136.592 866.227 637.218 184.829 25.066 784.365 846.608 239.945 204.699 417.727 413.586 902.666 36.861 398.507 968.655 699.005 781.866 195.115 156.184 686.23 29.22 699.075 511.454 467.671 732.277 279.962 335.929 110.275 759.153 717.913 158.783 810.326 615.122 57.068 354.341 188.611 532.817 816.43 55.97 940.811 294.621 956.234 453.987 938.402 147.33 378.318 54.861 778.362 254.486 248.524 770.941 582.515 865.153 662.387 422.838
273.657 799.075 532.291 170.115 165.551 846.274 265.898 677.993 732.23 523.127 426.781 454.599 556.715 56.536 955.488 327.403 449.236 883.991 1000000000.0 283.549 736.822 725.393 22.416 565.304 197.243 117.624 842.692 863.255 672.19 118.833 370.438 120.718 6.104 922.01 138.857 948.956 698.923 520.589 818.34 671.241 719.097 459.661 491.388 753.939 799.534 103.338 378.061 313.365 707.439 352.944 195.994 864.8 444.03 275.94 925.912 306.478 77.495 118.772 937.051 663.48 766.484 103.747 995.455 814.656 145.943 399.306 904.813 346.827 987.735 84.722 118.055 254.068 595.92 297.003 601.179 701.044 680.102 171.306 14.547 362.787 969.292 980.416 424.932 967.365 645.636 639.689 72.795 955.304 56.786 69.879 533.59 482.969 343.786 698.009 357.4 867.26 780.603 254.228 511.872 417.07
390.382 266.683 470.249 221.802 452.942 260.347 393.536 75.679 673.53 847.6 538.6 97.658 368.418 669.484 579.345 330.722 330.201 899.503 283.549 1000000000.0 866.689 983.12 363.402 86.068 175.218 98.694 585.103 771.678 459.12 24.248 30.547 545.143 786.947 311.887 837.916 726.917 959.984 413.502 667.846 655.767 71.175 641.68 479.108 940.219 85.571 296.106 767.712 877.08 677.219 115.156 595.998 577.492 50.049 767.724 393.287 470.283 475.005 409.29 234.25 387.947 445.64 500.716 445.792 446.539 889.187 307.65 447.457 111.128 719.239 413.869 674.428 985.819 355.382 166.412 670.688 329.397 154.014 551.3 245.471 176.389 702.743 862.79 877.062 293.723 87.625 83.519 265.707 349.081 69.9 798.201 709.786 993.972 941.297 216.272 129.586 790.817 744.051 803.497 665.01 187.216
673.194 469.197 866.992 153.84 468.189 594.531 711.328 93.257 222.097 185.718 677.59 470.81 937.167 353.455 574.795 928.318 854.659 64.975 736.822 866.689 1000000000.0 455.591 509.15 510.291 560.924 680.112 611.179 606.785 307.902 666.289 635.004 987.605 676.939 600.166 58.557 230.147 967.363 373.63 967.353 576.56 487.006 202.6 727.285 689.199 31.072 938.278 572.543 405.908 316.607 975.384 720.577 543.542 913.967 613.661 922.074 631.787 633.744 258.127 243.838 702.768 99.505 975.805 123.203 94.925 935.626 17.877 732.554 748.366 287.629 508.274 669.056 577.016 177.178 310.397 427.017 889.055 646.93 715.416 699.944 755.862 518.786 703.174 684.329 684.833 16.806 188.841 110.222 774.819 361.288 141.371 767.957 477.577 438.135 891.473 733.557 590.055 628.618 576.607 93.182 30.572
643.658 514.015 784.979 663.22 393.465 351.763 529.325 899.456 533.958 624.046 19.509 74.405 480.246 312.118 233.544 760.965 117.562 743.728 725.393 983.12 455.591 1000000000.0 381.963 57.254 483.795 624.378 511.891 458.003 254.826 425.614 745.826 243.779 164.663 45.296 50.679 336.615 956.38 787.959 939.433 876.927 456.867 771.298 581.092 279.207 367.635 539.399 173.876 105.705 883.393 638.932 99.301 780.09 916.497 410.811 106.951 875.656 445.286 17.744 20.898 633.966 865.046 802.641 427.609 996.245 661.136 335.141 559.59 562.402 267.05 640.888 933.076 522.172 474.953 13.467 934.133 558.869 770.265 535.192 277.284 285.715 190.669 498.011 705.611 35.131 499.711 141.881 627.554 580.636 308.949 34.673 39.889 536.44 420.929 229.461 221.918 807.753 531.48 631.132 274.311 941.788
838.267 209.8 552.428 261.503 801.618 284.95 807.916 657.209 171.017 225.171 444.017 334.218 723.724 837.031 127.398 953.65 627.66 629.408 22.416 363.402 509.15 381.963 1000000000.0 591.636 375.931 579.751 651.915 292.982 701.046 788.308 556.576 447.773 390.942 480.152 916.08 789.929 468.97 595.297 292.512 361.348 844.841 979.693 603.351 428.97 777.527 404.236 157.752 510.267 475.827 862.18 792.353 494.562 217.349 167.002 850.851 636.724 385.277 470.541 241.653 543.857 524.573 400.971 377.588 421.884 122.675 607.024 71.227 268.469 721.919 387.93 469.358 541.277 226.49 463.548 327.367 157.993 157.286 104.981 158.116 380.236 520.307 403.468 519.865 192.018 110.723 940.62 951.836 379.406 235.69 761.177 147.008 806.13 175.787 616.273 328.462 124.241 838.746 461.264 782.266 590.451
595.723 938.586 9.288 369.997 838.4 192.432 756.333 787.083 657.183 718.302 504.062 358.096 435.04 914.341 813.515 809.369 133.502 743.505 565.304 86.068 510.291 57.254 591.636 1000000000.0 207.716 433.047 633.844 549.078 247.706 957.387 362.989 510.854 18.988 370.221 758.373 462.008 961.148 397.085 29.777 66.589 839.657 964.578 957.946 287.244 239.534 118.879 572.101 994.675 10.146 341.323 306.986 620.554 14.791 287.736 534.474 413.117 768.493 492.948 631.396 536.043 369.134 651.962 306.65 48.23 147.489 98.25 354.82 348.958 986.677 4.951 417.697 288.831 132.777 871.912 921.914 528.559 682.218 21.214 832.122 87.051 269.503 131.781 469.317 449.092 367.092 858.363 126.898 753.724 127.748 900.801 181.346 17.089 104.269 526.288 511.746 459.014 63.754 561.563 844.318 496.218
539.992 414.121 757.448 102.293 824.732 510.138 273.907 822.325 17.292 486.078 855.793 672.355 787.344 627.794 947.741 508.347 412.73 424.921 197.243 175.218 560.924 483.795 375.931 207.716 1000000000.0 537.453 805.393 937.75 830.113 296.933 726.142 639.134 179.861 518.179 662.142 271.27 990.574 427.847 144.179 841.321 388.865 565.57 41.209 513.404 576.286 106.515 919.074 458.668 741.303 154.397 385.482 511.159 205.388 791.057 677.623 548.898 446.487 94.561 923.908 275.403 730.265 749.104 17.512 42.826 852.707 143.491 881.983 683.218 297.561 704.728 945.925 712.476 138.694 996.79 867.408 624.063 215.373 381.077 426.939 610.215 265.47 164.467 911.053 605.778 866.273 73.47 484.027 506.843 601.776 936.679 292.86 316.45 618.756 687.726 19.128 345.634 38.015 416.574 807.257 382.968
570.298 413.064 296.045 663.831 643.32 452.489 322.324 75.463 331.175 871.939 834.067 649.75 539.01 873.481 383.143 874.638 330.735 322.554 117.624 98.694 680.112 624.378 579.751 433.047 537.453 1000000000.0 359.43 409.476 900.502 794.742 889.719 820.511 467.879 582.744 659.417 286.225 460.219 929.654 921.434 745.084 200.793 573.186 520.536 246.352 682.233 496.455 141.992 993.499 188.308 72.902 19.614 20.746 971.936 679.834 144.393 766.932 933.925 650.533 546.712 633.959 928.319 813.067 455.094 471.15 428.609 925.017 606.179 845.722 545.431 925.904 162.764 644.841 988.093 482.702 203.212 151.79 119.304 502.706 390.307 652.524 186.542 447.511 95.74 601.509 206.163 608.994 993.525 132.548 492.663 515.801 179.436 583.83 969.369 497.327 527.69 357.756 975.903 462.25 793.168 832.512
942.353 488.502 303.192 756.149 267.88 170.047 143.054 932.536 311.975 250.22 571.014 74.307 715.701 318.859 465.997 172.008 256.041 421.708 842.692 585.103 611.179 511.891 651.915 633.844 805.393 359.43 1000000000.0 478.317 641.761 697.13 344.053 137.878 757.038 511.392 43.049 71.854 259.046 407.92 608.764 851.073 969.087 437.05 682.04 801.98 58.739 156.426 418.066 354.592 147.493 215.085 438.9 788.276 747.127 825.947 462.89 650.078 358.208 157.316 136.125 904.232 374.136 460.883 227.643 849.952 144.092 94.616 402.772 441.153 410.185 536.11 867.605 43.557 208.167 187.519 975.974 356.492 465.559 186.464 23.401 937.261 509.557 659.417 36.867 840.318 569.498 43.83 224.548 547.113 376.681 264.623 842.171 359.136 746.469 829.306 62.459 712.502 138.689 946.372 256.747 804.845
190.019 113.926 326.922 522.581 351.192 679.526 492.134 715.023 380.714 57.899 954.499 719.101 902.384 970.031 977.364 929.111 582.888 414.155 863.255 771.678 606.785 458.003 292.982 549.078 937.75 409.476 478.317 1000000000.0 818.864 857.707 656.996 234.915 453.348 737.825 415.145 231.515 359.541 243.848 738.687 313.395 219.583 396.206 91.569 74.983 927.259 434.24 331.063 963.057 416.925 582.658 930.437 833.176 452.242 587.675 9.495 976.341 917.786 20.284 986.083 412.334 631.502 111.912 434.979 295.197 450.307 661.561 572.39 292.59 530.698 138.559 552.384 135.283 952.186 940.784 418.077 350.491 41.077 268.851 929.79 13.242 673.084 797.486 977.469 306.761 551.695 997.658 860.546 984.585 975.754 717.686 959.83 626.534 779.838 275.328 61.05 267.157 419.493 155.174 606.136 121.802
397.29 947.528 312.115 650.989 271.572 92.688 172.837 559.977 362.125 893.593 688.755 538.535 725.034 42.559 395.895 955.769 783.442 682.509 672.19 459.12 307.902 254.826 701.046 247.706 830.113 900.502 641.761 818.864 1000000000.0 349.41 698.918 586.528 641.039 537.911 878.153 254.77 197.593 594.572 809.044 111.345 135.72 612.982 349.86 761.644 434.14 196.83 784.534 330.071 481.155 374.006 9.773 444.19 197.372 364.886 637.088 9.97 41.591 912.408 787.02 603.157 647.062 460.241 124.561 381.21 608.592 832.248 181.321 96.145 399.07 794.285 18.614 204.725 353.53 168.859 129.265 758.154 37.447 782.043 907.625 27.491 598.563 695.118 986.174 364.484 14.69 309.664 386.281 422.898 111.613 425.702 167.884 93.795 269.905 672.635 989.746 658.616 318.414 607.075 704.194 915.734
489.378 390.562 234.685 162.557 141.837 9.316 272.365 305.968 463.112 898.184 733.521 448.788 785.811 365.793 156.83 198.226 165.821 313.708 118.833 24.248 666.289 425.614 788.308 957.387 296.933 794.742 697.13 857.707 349.41 1000000000.0 341.518 722.187 263.591 4.139 626.912 771.241 100.068 762.14 499.332 29.159 646.351 902.656 191.289 333.679 416.85 510.578 618.96 537.407 20.526 420.552 969.422 395.79 404.638 805.505 15.691 512.796 479.255 144.647 650.665 273.683 821.413 660.408 764.39 587.662 715.275 306.535 872.929 962.778 462.37 453.533 699.858 553.95 567.388 71.29 92.584 642.582 136.132 863.931 797.514 113.748 752.493 194.091 398.734 119.924 752.17 540.236 870.954 45.307 411.39 215.792 879.913 492.616 675.198 608.527 498.86 23.06 774.741 252.711 871.871 563.21
747.909 444.251 131.241 408.193 531.32 624.022 135.828 450.569 404.58 928.369 407.661 826.825 723.542 620.777 548.902 30.846 260.77 43.594 370.438 30.547 635.004 745.826 556.576 362.989 726.142 889.719 344.053 656.996 698.918 341.518 1000000000.0 886.284 328.912 299.498 977.366 771.565 910.24 544.414 174.67 3.671 27.555 436.896 757.792 82.599 501.177 926.84 24.163 120.162 570.723 882.63 252.68 315.681 441.935 869.96 439.538 35.211 147.859 416.6 802.964 100.775 114.059 921.915 209.565 354.972 762.674 492.213 590.838 156.723 223.686 111.431 873.669 37.308 579.42 882.244 602.274 451.31 587.849 408.233 191.004 84.372 369.801 673.947 632.946 682.352 787.487 454.628 423.655 140.417 446.764 388.387 458.04 975.055 338.013 155.06 276.465 546.207 538.694 359.308 337.897 909.461
292.942 65.784 729.943 58.019 633.953 340.546 818.838 446.774 33.38 288.223 993.066 401.912 580.107 429.021 76.139 875.391 354.718 332.917 120.718 545.143 987.605 243.779 447.773 510.854 639.134 820.511 137.878 234.915 586.528 722.187 886.284 1000000000.0 713.645 305.928 730.309 391.511 454.362 787.308 855.664 805.388 740.854 440.316 34.968 21.23 434.587 209.761 205.07 695.935 17.968 837.405 739.937 343.759 637.7 853.215 173.22 679.338 393.665 658.999 775.565 344.91 626.324 91.562 527.374 929.364 318.569 296.147 781.327 398.734 314.046 267.054 213.647 362.13 441.984 128.815 214.7 252.157 575.168 250.241 243.165 172.68 543.964 540.884 948.243 18.221 453.774 787.159 849.982 981.426 925.021 618.263 393.312 157.809 730.91 449.42 664.469 668.394 370.514 291.824 85.679 234.474
31.902 633.656 297.151 261.342 104.18 978.974 198.419 59.02 359.27 777.069 78.168 411.419 878.82 247.044 414.683 276.065 563.993 663.17 6.104 786.947 676.939 164.663 390.942 18.988 179.861 467.879 757.038 453.348 641.039 263.591 328.912 713.645 1000000000.0 738.76 685.468 11.343 494.662 916.586 490.103 154.687 605.257 346.507 817.434 355.245 77.258 817.488 208.861 972.17 620.893 618.6 270.181 177.241 155.762 202.962 777.79 474.504 389.127 600.85 46.593 955.502 855.245 791.556 229.865 160.846 506.976 383.792 718.429 507.256 997.261 488.264 948.266 862.921 345.683 327.519 544.025 322.529 757.871 995.966 898.642 278.224 271.96 18.511 699.075 328.829 928.192 977.245 364.311 858.965 740.727 408.684 834.773 538.933 426.009 524.617 844.206 215.088 876.839 670.608 329.429 366.985
997.372 225.735 473.343 262.979 408.098 193.536 885.357 190.172 315.14 12.471 402.55 166.47 735.581 88.508 730.561 555.425 338.251 787.49 922.01 311.887 600.166 45.296 480.152 370.221 518.179 582.744 511.392 737.825 537.911 4.139 299.498 305.928 738.76 1000000000.0 561.628 80.599 395.52 660.028 233.847 452.983 522.317 39.293 255.215 738.809 327.04 70.826 260.667 256.623 233.128 21.628 232.933 932.732 351.11 351.885 646.224 501.72 266.66 13.046 26.269 944.745 554.864 447.777 493.878 741.378 787.236 888.245 994.264 175.025 742.377 401.876 548.883 266.929 713.889 607.543 323.609 717.841 506.323 591.399 228.001 412.119 675.518 606.42 135.486 753.572 844.148 80.12 768.187 303.317 555.684 755.248 714.062 216.581 57.658 827.857 344.291 537.549 997.635 432.599 893.421 934.449
265.358 911.047 691.929 539.023 235.46 48.632 95.531 721.547 223.241 34.819 202.452 139.895 162.22 349.425 871.637 545.74 301.713 739.296 138.857 837.916 58.557 50.679 916.08 758.373 662.142 659.417 43.049 415.145 878.153 626.912 977.366 730.309 685.468 561.628 1000000000.0 187.18 425.05 896.708 899.422 235.907 481.883 67.854 648.291 273.943 250.582 905.575 609.058 149.91 579.62 407.654 334.963 727.961 547.143 489.316 690.915 828.019 252.62 414.251 698.836 885.073 556.662 120.937 5.893 663.921 771.321 898.457 375.336 955.235 70.16 283.907 968.836 74.916 91.504 714.011 855.473 10.544 336.247 828.351 957.055 572.809 884.94 109.036 442.463 265.961 167.82 414.846 272.045 701.869 246.253 581.606 920.97 364.302 158.511 106.195 529.963 59.979 109.736 323.822 359.087 845.294
97.581 266.844 44.474 140.43 728.726 809.011 341.707 476.643 303.779 382.798 493.313 68.574 723.647 294.147 985.582 315.654 119.357 510.336 948.956 726.917 230.147 336.615 789.929 462.008 271.27 286.225 71.854 231.515 254.77 771.241 771.565 391.511 11.343 80.599 187.18 1000000000.0 816.544 918.446 840.412 72.134 590.885 478.81 565.284 726.394 665.181 444.334 490.084 589.571 828.064 153.297 998.519 429.625 71.568 376.657 691.217 208.032 480.286 607.604 228.305 463.979 566.535 467.667 607.366 714.686 639.735 620.471 889.444 901.493 403.623 797.766 369.965 443.081 707.694 524.085 569.707 619.311 213.396 380.544 357.593 149.601 266.529 806.54 528.567 35.451 615.696 211.486 770.003 470.492 912.187 737.453 249.542 276.98 894.843 262.555 52.36 542.835 911.171 386.591 676.347 972.176
69.141 405.184 400.239 734.092 621.072 788.432 93.193 694.393 47.319 1.086 983.815 985.276 55.003 15.101 111.587 332.685 618.915 75.759 698.923 959.984 967.363 956.38 468.97 961.148 990.574 460.219 259.046 359.541 197.593 100.068 910.24 454.362 494.662 395.52 425.05 816.544 1000000000.0 706.685 833.72 492.438 285.927 116.401 46.637 734.465 670.402 466.574 23.04 961.044 445.121 3.18 840.537 187.832 217.918 431.925 665.778 930.801 348.268 313.423 485.487 301.889 486.078 233.027 981.827 704.095 272.436 274.748 768.027 295.718 972.936 958.502 123.941 684.48 80.125 97.294 721.012 111.123 427.468 866.814 898.347 438.507 768.594 979.014 991.373 799.512 253.18 101.395 2.901 56.034 777.85 16.236 487.385 282.36 540.816 463.929 899.718 893.926 774.033 117.142 545.559 586.863
991.275 226.514 252.146 334.857 510.69 957.542 45.459 832.847 346.82 178.504 737.456 691.51 668.852 597.936 935.402 337.428 345.124 238.854 520.589 413.502 373.63 787.959 595.297 397.085 427.847 929.654 407.92 243.848 594.572 762.14 544.414 787.308 916.586 660.028 896.708 918.446 706.685 1000000000.0 995.923 840.306 177.823 812.89 663.65 327.351 662.717 708.202 313.711 175.276 944.492 380.577 353.999 338.825 137.118 447.56 134.846 576.703 374.241 685.053 803.719 314.315 241.432 600.479 327.548 543.273 293.826 378.638 304.211 9.099 417.914 595.932 455.288 432.724 255.775 295.357 944.0 92.838 358.067 898.821 873.063 777.313 325.003 186.328 129.457 520.425 418.027 695.284 950.589 714.26 896.385 623.199 712.941 261.869 378.059 548.078 525.722 936.554 17.397 764.301 169.008 176.046
962.272 317.487 582.636 900.483 465.491 83.404 418.332 448.169 549.222 409.368 802.2 409.922 835.21 636.009 209.808 559.399 87.339 346.236 818.34 667.846 967.353 939.433 292.512 29.777 144.179 921.434 608.764 738.687 809.044 499.332 174.67 855.664 490.103 233.847 899.422 840.412 833.72 995.923 1000000000.0 41.633 494.813 488.939 106.736 15.94 154.727 378.954 607.064 803.448 994.299 597.408 216.702 418.862 32.394 608.717 123.074 817.777 386.424 350.474 187.21 683.728 324.634 905.735 523.645 441.977 718.339 848.084 71.233 288.968 272.221 704.379 493.151 763.609 248.487 122.25 831.586 121.573 207.61 78.829 375.908 593.758 894.833 259.173 870.341 520.853 215.121 705.571 837.377 345.442 303.851 825.467 301.567 346.625 759.586 514.116 225.007 444.553 345.563 688.031 497.38 45.088
272.448 211.82 378.697 903.482 872.015 928.445 752.059 949.053 861.577 423.738 571.982 640.634 929.879 490.063 718.334 183.083 189.415 802.041 671.241 655.767 576.56 876.927 361.348 66.589 841.321 745.084 851.073 313.395 111.345 29.159 3.671 805.388 154.687 452.983 235.907 72.134 492.438 840.306 41.633 1000000000.0 888.017 731.52 686.647 89.071 604.158 332.516 326.725 971.771 509.659 844.193 846.884 731.314 465.417 231.63 722.467 25.726 38.056 599.016 23.471 63.198 836.231 433.152 20.808 449.102 500.364 469.794 593.711 483.664 287.144 133.931 23.219 579.068 398.555 432.985 879.267 977.612 532.03 252.442 321.471 265.667 772.803 958.614 740.863 558.906 122.542 169.985 852.03 597.535 677.557 637.302 59.504 664.752 468.282 263.11 217.284 646.224 997.334 332.036 276.161 248.262
269.025 584.616 245.194 215.473 237.409 916.281 219.462 658.475 216.13 645.24 553.72 207.921 417.207 621.912 401.589 38.706 482.174 961.302 719.097 71.175 487.006 456.867 844.841 839.657 388.865 200.793 969.087 219.583 135.72 646.351 27.555 740.854 605.257 522.317 481.883 590.885 285.927 177.823 494.813 888.017 1000000000.0 206.514 923.998 852.908 181.576 88.988 418.834 313.178 13.438 558.077 402.313 15.833 96.278 228.875 783.149 371.088 516.602 859.508 842.255 937.205 554.124 149.822 472.061 668.156 54.343 850.067 907.517 406.873 455.706 307.123 406.282 29.385 231.115 49.246 674.357 83.54 855.358 8.148 919.746 394.033 882.883 870.668 659.717 745.028 464.438 835.659 101.238 650.448 697.849 203.251 561.164 408.842 17.755 466.867 3.325 969.693 834.106 847.94 852.784 862.368
917.79 116.042 38.3 524.621 370.186 251.005 62.655 291.423 828.303 250.898 21.128 61.319 300.241 636.106 862.356 98.56 388.103 6.457 459.661 641.68 202.6 771.298 979.693 964.578 565.57 573.186 437.05 396.206 612.982 902.656 436.896 440.316 346.507 39.293 67.854 478.81 116.401 812.89 488.939 731.52 206.514 1000000000.0 789.889 844.104 14.169 255.805 184.632 715.83 706.715 595.94 799.067 115.493 761.932 742.845 628.595 65.174 454.029 659.841 853.273 416.903 92.206 448.656 40.226 65.427 310.212 14.885 356.68 734.1 176.303 466.906 300.25 778.342 714.388 13.269 218.62 224.2 31.684 667.266 397.612 427.831 526.554 639.296 421.096 770.677 773.339 560.318 979.89 255.576 642.908 856.852 427.155 89.292 183.062 902.547 912.107 213.5 346.493 639.262 849.758 207.709
245.41 775.341 609.477 819.089 796.726 585.041 638.435 368.5 508.65 217.637 1.285 908.916 392.061 763.998 602.135 768.632 548.129 986.41 491.388 479.108 727.285 581.092 603.351 957.946 41.209 520.536 682.04 91.569 349.86 191.289 757.792 34.968 817.434 255.215 648.291 565.284 46.637 663.65 106.736 686.647 923.998 789.889 1000000000.0 251.351 927.837 9.357 631.012 458.073 122.318 580.555 281.805 723.278 518.743 80.028 790.583 200.921 111.143 211.053 939.2 785.641 398.682 765.831 223.469 359.281 553.888 286.391 923.773 153.756 824.354 278.471 537.526 410.111 738.007 956.582 705.771 405.71 719.812 887.062 828.096 187.989 71.682 985.7 251.781 547.831 919.447 590.108 228.076 788.386 178.897 420.117 565.668 732.049 445.96 736.317 186.134 121.325 453.235 972.926 907.372 711.02
625.678 633.172 282.091 256.284 443.469 29.918 656.848 204.004 747.984 180.404 441.845 488.569 984.465 873.283 557.744 162.812 261.519 681.353 753.939 940.219 689.199 279.207 428.97 287.244 513.404 246.352 801.98 74.983 761.644 333.679 82.599 21.23 355.245 738.809 273.943 726.394 734.465 327.351 15.94 89.071 852.908 844.104 251.351 1000000000.0 4.984 724.927 751.869 458.099 990.541 857.081 506.994 454.033 328.589 836.34 47.964 488.533 585.26 290.783 802.884 439.468 681.212 402.833 187.877 310.631 784.015 417.479 747.127 793.907 104.511 209.084 584.506 930.627 56.435 122.298 870.719 310.306 850.356 518.808 862.873 192.681 530.601 879.09 540.702 484.04 399.484 288.892 991.323 828.118 224.722 851.747 973.713 337.151 544.136 500.197 478.635 681.906 221.081 565.65 952.736 293.859
379.185 969.654 761.717 625.875 818.536 268.607 877.765 580.516 485.116 342.755 509.376 304.993 728.184 58.019 755.561 548.085 871.805 469.574 799.534 85.571 31.072 367.635 777.527 239.534 576.286 682.233 58.739 927.259 434.14 416.85 501.177 434.587 77.258 327.04 250.582 665.181 670.402 662.717 154.727 604.158 181.576 14.169 927.837 4.984 1000000000.0 826.393 680.784 551.712 625.38 231.989 309.382 549.967 410.597 590.404 765.899 990.429 226.666 548.62 214.301 698.773 66.993 650.151 27.144 120.105 808.49 39.902 74.591 354.524 173.965 937.573 143.91 316.568 373.367 555.25 551.642 401.094 372.064 343.432 689.134 554.921 154.627 42.902 784.04 316.047 529.631 604.954 329.069 960.127 999.791 450.076 809.799 580.069 555.674 49.369 991.974 945.115 330.496 677.238 783.698 210.183
748.031 82.398 952.38 577.567 533.614 206.966 120.198 356.062 841.106 240.827 990.522 136.15 819.545 695.297 909.414 916.913 33.285 136.592 103.338 296.106 938.278 539.399 404.236 118.879 106.515 496.455 156.426 434.24 196.83 510.578 926.84 209.761 817.488 70.826 905.575 444.334 466.574 708.202 378.954 332.516 88.988 255.805 9.357 724.927 826.393 1000000000.0 61.803 814.281 852.368 181.007 54.607 649.271 837.501 295.274 659.603 449.649 756.407 100.179 565.785 982.35 771.007 36.508 486.872 350.78 710.017 485.975 959.73 779.992 383.129 46.838 264.578 286.515 711.792 318.861 534.895 446.48 499.097 652.444 443.617 337.929 321.178 437.508 643.37 17.479 146.415 569.484 432.287 446.04 492.151 720.146 464.411 39.263 10.47 339.637 754.121 73.26 529.076 764.44 581.173 25.8
436.535 785.613 145.589 650.339 750.894 481.031 929.604 285.311 347.282 543.75 815.786 395.469 864.93 169.942 736.284 79.512 12.393 866.227 378.061 767.712 572.543 173.876 157.752 572.101 919.074 141.992 418.066 331.063 784.534 618.96 24.163 205.07 208.861 260.667 609.058 490.084 23.04 313.711 607.064 326.725 418.834 184.632 631.012 751.869 680.784 61.803 1000000000.0 504.202 984.736 205.298 451.467 58.883 389.101 465.518 784.804 259.364 843.328 555.629 210.272 794.296 327.0 407.477 470.286 329.43 334.405 219.921 205.631 596.099 227.139 935.991 887.486 175.648 783.4 939.618 845.671 886.73 840.185 150.506 307.872 27.574 155.769 418.648 401.639 307.153 223.372 331.111 760.737 291.19 449.582 323.36 213.235 945.205 852.474 406.161 788.863 966.589 428.575 27.893 422.064 827.903
456.4 416.885 477.241 748.246 840.355 347.407 899.785 603.857 183.194 527.69 723.81 255.627 831.775 454.849 641.095 440.758 135.361 637.218 313.365 877.08 405.908 105.705 510.267 994.675 458.668 993.499 354.592 963.057 330.071 537.407 120.162 695.935 972.17 256.623 149.91 589.571 961.044 175.276 803.448 971.771 313.178 715.83 458.073 458.099 551.712 814.281 504.202 1000000000.0 552.41 234.658 202.696 342.84 197.73 414.153 19.111 655.46 420.459 472.7 978.948 332.46 501.079 442.977 50.814 205.501 829.348 763.528 361.888 484.856 409.303 935.831 223.318 471.694 589.426 781.412 733.047 359.344 545.144 530.371 685.562 310.621 328.791 869.412 167.97 732.034 1.684 517.578 397.915 233.664 153.17 160.476 545.751 780.35 591.998 955.103 287.74 277.552 560.399 632.454 77.771 192.18
11.176 677.986 105.891 133.782 802.71 439.407 200.876 959.087 132.817 472.822 189.54 691.322 238.849 340.398 192.759 159.074 824.527 184.829 707.439 677.219 316.607 883.393 475.827 10.146 741.303 188.308 147.493 416.925 481.155 20.526 570.723 17.968 620.893 233.128 579.62 828.064 445.121 944.492 994.299 509.659 13.438 706.715 122.318 990.541 625.38 852.368 984.736 552.41 1000000000.0 381.498 95.523 69.952 435.396 586.449 347.658 799.286 920.315 572.233 805.374 847.732 669.77 498.395 225.858 289.065 165.402 572.322 316.273 974.525 3.282 115.615 475.429 249.075 423.697 341.186 911.562 890.126 759.736 528.614 49.11 852.253 612.865 519.737 131.963 181.693 741.49 268.371 611.126 775.501 787.59 549.114 20.912 692.664 373.679 164.052 703.349 180.428 92.389 460.737 12.426 851.647
728.392 76.656 672.778 785.497 35.223 164.818 994.435 661.867 12.675 715.763 729.72 373.421 606.794 288.304 248.075 238.021 530.463 25.066 352.944 115.156 975.384 638.932 862.18 341.323 154.397 72.902 215.085 582.658 374.006 420.552 882.63 837.405 618.6 21.628 407.654 153.297 3.18 380.577 597.408 844.193 558.077 595.94 580.555 857.081 231.989 181.007 205.298 234.658 381.498 1000000000.0 114.348 352.719 207.837 752.476 735.021 72.029 124.89 735.289 236.731 20.675 45.497 623.281 135.135 223.544 427.378 882.054 448.969 307.182 6.326 430.135 817.459 742.804 612.918 834.431 943.579 858.18 25.43 216.677 905.701 280.63 805.712 713.224 164.465 95.86 935.666 291.791 403.834 661.054 712.385 367.712 646.184 238.447 813.478 5.044 448.992 257.583 284.561 782.477 394.044 928.228
508.645 8.311 448.514 401.44 866.08 276.246 516.187 953.507 874.308 269.018 269.289 105.908 572.47 93.591 809.56 225.707 107.343 784.365 195.994 595.998 720.577 99.301 792.353 306.986 385.482 19.614 438.9 930.437 9.773 969.422 252.68 739.937 270.181 232.933 334.963 998.519 840.537 353.999 216.702 846.884 402.313 799.067 281.805 506.994 309.382 54.607 451.467 202.696 95.523 114.348 1000000000.0 152.56 765.991 773.145 396.255 194.42 436.439 909.203 549.955 93.287 435.032 488.504 22.505 453.269 553.328 127.523 642.523 5.764 678.569 56.821 264.281 228.08 981.614 554.911 846.906 654.299 270.187 450.076 59.015 404.99 192.93 569.017 506.44 394.478 550.276 468.368 963.729 5.385 568.526 407.611 550.393 562.203 595.646 537.126 651.477 454.262 712.216 11.428 813.132 788.131
