100
1000000000.0 646.871 440.898 563.213 899.303 226.486 454.0 453.92 989.518 663.966 456.723 149.667 144.851 546.229 128.846 962.743 519.618 621.296 338.68 727.83 61.817 614.999 886.354 216.897 370.938 865.038 161.669 651.405 933.122 914.03 951.513 358.992 643.556 549.69 420.083 609.693 813.017 607.457 435.357 478.747 310.281 840.555 412.44 369.513 563.605 980.621 350.52 498.574 535.783 162.774 373.476 962.737 101.883 40.0 257.743 856.313 277.002 934.971 423.32 403.002 330.253 805.575 694.159 267.886 624.274 945.699 841.807 908.021 92.697 33.679 76.497 822.325 633.946 918.461 855.806 688.898 576.861 931.12 814.946 339.662 89.659 62.398 790.456 342.342 874.961 262.894 5.165 802.57 611.126 880.161 642.009 495.019 177.501 316.17 245.8 718.007 530.243 162.467 599.706 24.45
646.871 1000000000.0 363.538 939.758 432.974 47.837 718.887 497.882 304.101 720.122 486.846 582.258 767.936 699.172 733.534 257.489 156.663 708.214 887.004 302.158 577.9 253.151 178.161 384.446 387.992 438.023 737.568 816.614 459.602 998.612 858.354 130.712 197.397 877.083 68.453 620.043 724.631 526.126 749.407 946.797 920.143 20.293 444.79 199.099 80.927 319.71 132.793 957.619 940.048 300.363 375.093 702.122 450.648 784.299 775.411 667.765 791.653 949.357 65.518 418.235 404.96 578.89 419.606 642.494 502.302 70.782 548.13 859.928 788.973 95.564 181.245 919.171 29.364 389.015 111.322 656.789 334.023 946.482 814.623 946.446 49.237 358.555 420.875 520.684 997.432 83.968 395.466 124.83 552.851 690.633 153.19 961.856 238.498 845.325 491.045 637.517 605.915 158.632 996.85 143.566
440.898 363.538 1000000000.0 608.088 482.443 808.765 490.885 804.662 56.823 328.465 805.373 846.728 450.409 351.198 147.219 430.965 395.838 672.046 904.966 785.566 647.479 784.843 803.867 989.094 906.558 616.012 706.085 15.238 783.836 141.034 8.941 420.155 384.091 200.268 810.233 444.095 479.228 614.938 654.025 99.591 13.514 129.152 172.944 452.711 277.948 392.82 474.414 78.531 950.876 145.719 523.888 44.071 426.125 330.47 168.879 594.555 947.454 987.895 555.592 392.654 926.9 399.473 19.181 699.697 951.162 128.607 398.756 499.867 608.18 147.715 52.3 755.672 233.249 830.833 345.0 801.178 654.254 822.017 361.461 715.863 333.419 413.279 772.778 973.675 703.1 204.523 684.128 325.719 837.226 63.765 871.69 233.963 736.182 916.568 743.119 54.939 267.816 755.481 911.801 611.378
563.213 939.758 608.088 1000000000.0 695.082 688.984 729.233 369.762 357.182 565.007 115.504 515.078 382.538 727.558 448.266 275.789 713.03 60.127 91.607 259.427 643.323 95.19 688.441 761.626 700.697 723.161 562.968 979.659 69.842 17.029 646.45 508.262 289.794 332.613 456.475 775.347 979.832 141.432 683.25 196.952 250.504 199.069 806.927 985.727 71.874 538.472 328.668 451.599 354.143 103.135 283.046 275.022 183.172 931.543 185.127 523.924 12.954 440.302 550.668 661.354 261.65 549.711 179.846 897.818 810.227 994.997 644.532 439.152 323.297 214.694 27.81 513.991 498.657 253.555 994.227 208.719 218.548 810.783 899.241 574.222 612.62 479.54 969.699 385.669 294.96 306.705 54.376 730.708 351.144 162.914 501.155 90.946 233.155 598.268 914.473 838.762 361.955 630.144 751.875 154.576
899.303 432.974 482.443 695.082 1000000000.0 569.815 86.639 242.899 113.325 239.37 818.136 605.026 704.971 460.972 183.434 67.372 87.277 660.759 193.295 120.082 692.58 615.063 173.425 647.457 849.295 647.666 257.243 544.683 17.414 557.07 519.996 560.08 823.899 893.662 835.528 344.255 982.368 999.311 776.277 318.421 733.131 979.519 884.789 283.164 141.437 84.562 990.861 736.442 247.611 326.821 776.797 616.332 412.71 465.297 828.934 741.211 4.306 535.043 139.669 677.908 560.016 323.188 487.798 29.935 892.85 171.647 792.726 558.319 158.807 444.087 895.899 966.651 742.071 682.984 830.733 463.369 100.404 447.499 167.441 521.534 793.11 949.967 420.833 885.046 691.426 123.189 78.382 87.914 181.655 800.377 362.053 703.303 852.303 323.175 802.838 476.577 445.793 453.876 51.38 145.103
226.486 47.837 808.765 688.984 569.815 1000000000.0 692.757 372.811 895.715 514.784 825.17 548.191 532.185 997.117 286.317 185.897 134.402 393.332 628.309 333.368 692.446 161.552 980.254 95.186 96.215 251.332 257.397 76.482 758.703 989.308 78.773 833.119 832.809 197.433 616.737 204.161 978.848 813.296 970.753 563.457 159.128 783.928 420.891 201.813 825.647 208.545 983.772 911.129 381.328 17.812 544.44 889.528 799.157 863.169 391.857 193.692 237.299 558.851 365.74 695.917 973.664 609.732 443.527 26.523 244.682 133.101 986.927 862.827 844.018 727.764 849.436 193.909 40.72 124.719 475.501 791.367 261.082 613.626 687.949 732.119 962.097 694.027 732.006 939.468 868.091 815.841 266.751 859.498 948.505 2.516 771.733 652.358 733.37 271.07 680.57 218.339 877.835 855.768 285.652 190.185
454.0 718.887 490.885 729.233 86.639 692.757 1000000000.0 437.526 480.799 140.553 475.348 139.878 60.318 40.832 437.276 71.48 702.577 4.184 614.984 974.811 408.158 803.324 76.183 798.153 71.452 84.084 633.47 241.376 453.623 639.248 906.235 948.979 381.001 245.228 14.983 902.418 100.54 481.135 734.877 885.01 865.339 561.221 891.515 721.136 236.896 287.189 723.472 475.251 764.699 453.725 363.94 374.485 51.337 27.283 398.909 407.549 827.82 787.393 909.776 963.029 55.456 732.794 275.835 29.51 430.083 561.861 793.542 53.493 701.949 846.038 292.803 974.685 374.598 73.582 366.525 328.676 219.459 555.822 154.623 496.538 909.341 980.085 853.504 759.314 268.964 42.345 466.64 644.895 998.249 896.752 342.538 858.262 575.742 289.37 554.953 16.736 350.316 820.313 848.257 97.266
453.92 497.882 804.662 369.762 242.899 372.811 437.526 1000000000.0 23.807 112.555 699.559 334.665 424.729 443.639 526.207 281.322 732.257 756.453 828.093 48.037 986.279 699.4 973.392 144.084 546.176 911.222 127.717 908.292 145.507 455.293 330.554 956.082 103.709 79.258 713.617 124.079 450.076 914.107 77.856 99.256 88.247 752.383 273.798 944.634 577.346 763.014 775.123 790.835 400.359 918.522 833.998 159.389 105.245 529.081 267.997 22.519 608.584 6.798 437.551 666.468 171.363 642.521 4.345 75.669 112.16 421.805 169.19 783.406 667.485 532.678 585.338 23.772 980.611 402.502 18.527 344.271 120.159 932.026 19.842 246.054 534.081 335.517 814.38 825.793 273.129 909.129 548.027 900.855 797.223 806.482 523.237 951.267 640.219 285.07 314.665 513.283 967.581 39.011 437.51 316.006
989.518 304.101 56.823 357.182 113.325 895.715 480.799 23.807 1000000000.0 311.557 19.803 963.922 80.352 493.403 876.329 608.665 380.247 953.294 153.865 953.018 788.342 551.873 56.178 29.228 920.731 632.541 999.26 985.864 568.564 266.471 337.689 316.799 648.229 934.928 133.13 725.916 317.887 219.719 129.182 551.643 554.305 622.816 382.307 273.454 513.324 656.017 104.633 780.647 259.432 724.507 536.647 823.87 10.486 817.177 263.065 981.362 466.333 303.943 781.413 783.149 52.352 821.765 346.907 527.407 307.445 890.253 690.644 923.645 176.657 564.906 980.231 778.198 50.889 500.27 876.603 143.099 77.945 810.317 95.883 133.896 673.647 166.044 168.264 525.103 891.948 3.488 671.97 425.445 140.857 264.465 872.398 344.031 523.419 888.724 763.982 591.485 444.287 201.183 825.895 834.408
663.966 720.122 328.465 565.007 239.37 514.784 140.553 112.555 311.557 1000000000.0 71.489 449.125 302.043 905.64 591.572 935.119 832.434 500.811 339.469 360.968 274.132 173.376 628.298 336.923 583.66 531.721 87.642 640.768 592.401 528.428 478.095 95.039 443.945 391.517 499.637 250.615 918.128 269.447 751.484 536.673 165.955 532.296 335.953 195.766 703.3 747.339 26.985 334.508 354.384 929.574 250.015 809.717 587.432 617.567 990.308 447.288 247.984 998.096 193.115 792.618 349.486 333.083 991.874 198.19 388.826 577.769 498.734 906.279 367.548 823.963 882.72 756.471 241.743 52.718 312.942 57.997 459.39 886.327 565.012 472.174 508.322 221.748 443.151 659.953 386.428 378.534 581.269 834.767 655.537 308.607 971.616 35.632 357.856 436.565 602.038 773.029 761.443 265.386 390.603 931.309
456.723 486.846 805.373 115.504 818.136 825.17 475.348 699.559 19.803 71.489 1000000000.0 766.863 205.031 283.098 572.186 949.185 304.754 280.023 872.259 900.048 661.117 150.391 479.233 644.501 393.711 848.466 271.216 465.361 758.01 719.038 831.944 312.032 973.928 952.729 893.313 650.251 656.875 973.522 248.135 899.196 66.731 927.228 607.88 526.806 606.695 403.095 207.913 176.307 234.219 812.873 928.426 558.629 676.46 194.38 597.785 506.807 47.366 793.32 673.866 638.122 52.699 804.156 998.628 322.12 440.167 789.745 704.395 797.603 479.333 698.788 956.912 205.541 831.695 924.727 901.79 549.893 153.365 607.085 252.116 198.792 202.28 753.654 999.587 140.222 279.801 803.156 503.129 265.648 471.482 114.123 649.247 842.165 820.738 747.332 920.38 371.046 117.374 630.372 768.249 489.123
149.667 582.258 846.728 515.078 605.026 548.191 139.878 334.665 963.922 449.125 766.863 1000000000.0 590.362 810.99 36.066 560.754 996.789 748.017 512.455 897.795 387.158 953.632 536.549 944.192 337.002 113.49 196.283 451.428 469.677 899.604 780.183 598.537 119.508 167.538 227.568 887.023 783.975 809.295 207.655 120.155 506.998 816.114 907.591 901.567 483.02 271.503 630.941 805.609 35.895 578.632 716.594 139.454 965.158 595.842 829.693 269.922 199.583 775.874 588.138 340.604 111.97 224.365 377.083 10.911 512.898 205.046 318.78 399.042 679.457 431.458 223.327 313.951 505.625 90.124 368.453 152.509 671.318 908.609 264.978 22.583 979.199 717.965 305.004 230.039 748.333 884.262 273.386 841.534 649.294 218.316 492.908 421.118 824.345 836.436 127.108 241.956 763.287 308.078 323.164 829.323
144.851 767.936 450.409 382.538 704.971 532.185 60.318 424.729 80.352 302.043 205.031 590.362 1000000000.0 259.614 591.544 840.482 552.065 874.205 659.594 649.254 174.351 79.873 141.304 66.311 874.245 199.454 952.017 985.792 532.713 769.433 662.624 924.835 436.451 466.436 505.145 997.646 813.349 373.318 45.409 586.365 199.11 9.227 109.278 154.867 567.243 264.066 980.474 453.165 93.733 979.839 101.37 970.863 299.658 148.79 163.751 599.098 899.161 347.658 340.617 427.672 621.729 151.028 997.498 216.125 641.724 292.363 90.743 618.941 740.299 725.34 689.709 56.806 127.09 330.711 313.681 969.856 680.011 557.617 695.556 3.856 14.141 656.899 755.174 467.477 88.757 636.096 175.051 129.932 850.9 865.48 502.472 891.778 49.241 948.724 960.068 90.822 39.117 885.77 920.336 772.457
546.229 699.172 351.198 727.558 460.972 997.117 40.832 443.639 493.403 905.64 283.098 810.99 259.614 1000000000.0 344.063 582.481 48.271 865.486 194.378 702.894 305.722 917.766 427.971 443.213 689.664 930.706 205.825 164.528 67.479 688.683 17.541 278.366 68.907 645.935 129.898 520.085 88.156 26.146 644.569 757.997 961.907 320.913 775.511 655.44 169.742 316.841 567.955 643.663 742.187 347.899 523.738 623.637 438.15 356.744 726.556 213.027 773.476 889.403 70.443 461.02 189.889 390.562 993.034 851.471 754.812 423.87 605.686 743.381 469.9 240.305 912.859 551.666 972.777 824.439 113.883 630.21 321.282 291.89 484.737 609.284 474.374 463.789 710.002 548.151 474.901 461.705 966.191 602.292 670.094 223.995 337.429 872.313 642.881 880.883 630.791 408.15 72.252 340.212 340.321 212.683
128.846 733.534 147.219 448.266 183.434 286.317 437.276 526.207 876.329 591.572 572.186 36.066 591.544 344.063 1000000000.0 472.159 59.17 796.775 903.138 708.695 772.869 563.384 144.862 753.756 593.417 195.185 228.524 475.397 960.248 821.566 50.889 249.293 453.183 729.453 89.653 550.917 218.334 733.093 797.981 596.416 30.167 62.426 164.078 1.627 980.422 794.754 694.195 229.652 717.3 463.881 354.54 325.858 791.109 813.166 55.226 592.669 497.184 519.661 713.285 7.621 353.702 33.716 128.252 246.587 169.774 418.501 186.866 768.229 491.35 524.529 937.962 730.335 463.204 892.889 664.636 405.869 220.261 403.898 488.333 147.512 911.551 929.467 698.998 797.043 152.397 800.354 909.586 143.078 471.551 85.481 624.958 146.806 945.834 280.362 97.906 34.487 120.466 289.344 171.853 183.454
962.743 257.489 430.965 275.789 67.372 185.897 71.48 281.322 608.665 935.119 949.185 560.754 840.482 582.481 472.159 1000000000.0 39.248 260.139 824.024 514.18 437.953 180.663 560.387 362.001 106.028 206.414 10.499 182.741 520.474 351.162 596.611 60.225 807.822 886.36 447.538 244.226 686.513 246.442 658.809 277.404 979.573 79.43 317.076 959.373 222.216 663.63 494.889 313.238 815.241 256.328 730.457 644.971 536.426 84.48 288.272 218.597 785.771 745.381 705.433 814.898 342.392 494.68 986.782 752.978 577.264 138.397 149.796 280.639 837.406 443.58 299.285 989.287 734.06 985.692 913.989 288.449 624.168 951.149 163.362 315.853 765.919 572.836 115.56 541.458 904.486 379.443 786.673 778.648 561.851 300.88 773.78 965.378 780.686 72.129 712.212 817.191 484.109 822.239 789.688 72.466
519.618 156.663 395.838 713.03 87.277 134.402 702.577 732.257 380.247 832.434 304.754 996.789 552.065 48.271 59.17 39.248 1000000000.0 412.521 490.072 935.263 425.27 121.849 772.284 768.679 388.821 217.43 426.515 918.724 649.002 350.411 761.44 814.896 777.518 11.967 127.817 968.378 672.54 664.654 807.776 791.988 921.925 2.03 922.189 147.401 734.955 323.359 424.221 368.826 641.443 500.014 616.601 104.402 246.529 387.676 771.378 92.71 890.0 549.946 126.981 880.189 490.238 416.957 225.776 933.923 212.423 302.226 529.444 365.602 378.521 521.683 526.344 48.349 27.895 17.92 76.045 964.768 46.793 828.466 45.135 921.316 877.661 956.58 728.383 244.061 360.065 12.953 676.627 804.118 611.538 540.792 739.233 176.517 373.353 713.837 125.606 998.721 997.62 16.558 975.193 460.216
621.296 708.214 672.046 60.127 660.759 393.332 4.184 756.453 953.294 500.811 280.023 748.017 874.205 865.486 796.775 260.139 412.521 1000000000.0 863.218 905.553 18.633 259.911 382.81 660.32 250.373 765.981 267.435 649.468 473.511 146.566 16.643 834.005 34.465 793.338 169.46 481.457 319.257 541.251 156.761 531.152 205.452 111.938 437.925 993.294 714.492 497.228 224.115 832.171 878.781 423.736 755.19 523.273 193.263 353.644 446.177 684.205 221.037 311.334 320.245 559.606 407.789 811.343 451.702 910.761 863.558 794.846 191.014 890.555 428.028 425.216 207.635 563.206 970.698 520.887 80.008 375.805 628.362 23.306 699.178 862.928 244.47 741.667 96.04 422.202 823.569 501.758 699.623 728.847 144.432 688.917 666.184 18.669 689.013 15.921 567.861 113.47 525.149 106.413 515.662 7.544
338.68 887.004 904.966 91.607 193.295 628.309 614.984 828.093 153.865 339.469 872.259 512.455 659.594 194.378 903.138 824.024 490.072 863.218 1000000000.0 234.63 762.522 483.684 417.259 730.074 511.968 684.207 948.016 100.882 1.115 893.928 377.488 49.037 894.834 565.069 722.314 737.095 877.618 755.988 241.7 95.13 35.054 705.51 395.606 368.306 111.06 300.288 951.813 946.574 480.454 655.592 932.614 285.261 856.846 369.097 397.395 927.974 410.169 677.908 200.565 209.835 803.892 155.076 487.535 260.486 535.229 691.357 255.525 580.57 784.558 880.403 6.25 366.768 369.593 406.832 697.53 693.697 971.144 748.774 967.489 887.783 542.991 997.714 160.403 571.576 780.071 612.844 503.913 542.755 186.316 339.468 431.834 846.737 166.772 414.262 178.166 654.08 792.598 20.468 29.566 989.72
727.83 302.158 785.566 259.427 120.082 333.368 974.811 48.037 953.018 360.968 900.048 897.795 649.254 702.894 708.695 514.18 935.263 905.553 234.63 1000000000.0 788.042 420.872 698.944 417.596 962.708 488.315 429.878 642.155 582.588 90.681 705.782 710.787 272.732 77.358 311.78 602.044 553.433 777.341 569.58 32.943 852.767 28.754 910.687 29.22 462.929 166.595 335.53 341.668 345.749 981.623 29.695 483.628 897.942 923.287 864.888 291.438 880.546 496.159 585.225 218.501 780.845 890.046 874.499 608.644 332.025 218.395 629.616 419.996 982.708 511.895 539.586 203.27 264.188 75.397 689.837 571.072 525.83 246.541 594.741 203.732 796.248 526.201 3.575 182.766 845.697 221.194 467.051 881.454 351.647 756.431 916.787 398.98 485.802 843.216 625.415 461.264 742.128 866.351 199.945 179.59
61.817 577.9 647.479 643.323 692.58 692.446 408.158 986.279 788.342 274.132 661.117 387.158 174.351 305.722 772.869 437.953 425.27 18.633 762.522 788.042 1000000000.0 638.916 156.105 196.716 547.935 442.891 950.782 689.531 879.957 749.672 360.738 439.546 656.198 483.884 909.283 701.447 302.384 395.243 610.096 354.199 63.954 223.873 403.672 82.333 427.638 874.013 332.873 425.373 93.428 1.043 913.158 578.872 999.204 500.197 952.721 176.222 344.39 834.835 406.892 808.115 19.586 314.276 361.425 249.081 627.809 858.496 294.648 552.157 564.156 714.217 703.029 935.815 886.362 457.043 126.363 588.616 450.661 915.881 724.617 673.595 369.451 905.454 270.645 422.746 994.262 419.837 915.395 363.466 747.76 802.446 924.959 83.023 430.166 685.87 382.169 329.417 635.894 746.283 738.156 817.438
614.999 253.151 784.843 95.19 615.063 161.552 803.324 699.4 551.873 173.376 150.391 953.632 79.873 917.766 563.384 180.663 121.849 259.911 483.684 420.872 638.916 1000000000.0 147.05 414.863 25.091 53.044 275.002 868.462 391.322 817.617 922.071 991.777 618.504 405.744 424.827 919.333 694.432 905.063 504.24 5.014 778.336 103.641 932.482 460.929 556.21 316.039 224.566 658.022 326.052 685.379 390.789 770.307 31.972 971.993 157.596 978.247 772.699 134.61 632.473 288.1 501.986 414.953 527.559 707.334 249.739 948.714 272.655 132.229 638.618 687.073 907.207 815.777 68.953 704.191 356.67 692.31 301.131 418.94 926.061 612.845 481.542 623.513 916.663 269.963 591.442 411.272 280.145 204.652 92.847 236.609 88.569 189.315 491.661 930.095 361.547 515.02 835.571 29.334 440.279 405.208
886.354 178.161 803.867 688.441 173.425 980.254 76.183 973.392 56.178 628.298 479.233 536.549 141.304 427.971 144.862 560.387 772.284 382.81 417.259 698.944 156.105 147.05 1000000000.0 135.829 679.476 390.513 190.897 725.781 488.575 809.617 633.572 774.549 559.167 27.23 860.564 211.594 513.022 269.39 963.73 27.292 835.63 145.694 731.121 321.18 187.59 501.625 825.071 513.405 874.215 350.763 109.771 971.968 452.858 942.508 133.328 251.595 435.76 600.264 868.758 188.525 150.103 298.784 395.735 796.939 124.577 11.277 702.092 382.748 128.752 275.581 291.007 850.075 790.959 835.088 62.055 562.443 940.523 445.231 166.333 978.438 772.492 29.02 484.573 178.353 849.587 822.619 196.084 998.867 345.785 486.065 636.694 431.25 669.423 580.888 172.352 110.059 148.347 952.739 542.624 993.044
216.897 384.446 989.094 761.626 647.457 95.186 798.153 144.084 29.228 336.923 644.501 944.192 66.311 443.213 753.756 362.001 768.679 660.32 730.074 417.596 196.716 414.863 135.829 1000000000.0 811.586 576.062 927.908 752.939 896.689 103.271 45.211 960.042 996.155 924.075 422.878 676.74 618.838 369.919 270.731 213.57 27.347 227.1 634.578 85.085 415.317 793.74 617.926 942.234 284.67 823.65 965.051 473.7 184.763 233.77 249.939 466.545 182.473 731.98 214.447 559.168 377.226 65.26 478.951 346.274 880.394 556.824 570.373 466.296 406.387 98.267 388.329 501.062 600.956 743.416 548.8 191.923 378.058 753.809 92.231 818.676 244.038 229.387 854.944 690.351 823.425 442.827 48.828 784.032 608.443 377.103 769.24 694.735 778.79 853.454 537.979 36.481 380.799 449.462 632.572 529.82
370.938 387.992 906.558 700.697 849.295 96.215 71.452 546.176 920.731 583.66 393.711 337.002 874.245 689.664 593.417 106.028 388.821 250.373 511.968 962.708 547.935 25.091 679.476 811.586 1000000000.0 41.62 252.588 319.073 798.317 315.249 712.32 668.484 684.346 804.798 672.027 398.631 334.688 907.244 413.89 798.796 562.004 237.796 45.392 599.883 408.258 129.168 723.896 105.928 833.249 297.366 677.521 546.014 750.095 696.305 9.983 532.806 895.707 489.183 783.028 872.332 153.379 111.517 44.679 526.739 875.998 642.77 211.938 236.054 248.985 481.387 651.473 372.013 273.441 3.698 519.033 531.321 177.196 158.492 541.788 367.493 847.531 364.741 255.167 666.767 551.933 843.886 496.645 353.517 416.937 217.937 963.75 865.013 365.369 611.038 218.57 751.536 125.53 776.526 294.378 512.08
865.038 438.023 616.012 723.161 647.666 251.332 84.084 911.222 632.541 531.721 848.466 113.49 199.454 930.706 195.185 206.414 217.43 765.981 684.207 488.315 442.891 53.044 390.513 576.062 41.62 1000000000.0 130.26 195.327 866.154 320.734 277.069 411.325 229.193 230.993 901.713 362.675 880.303 972.474 38.041 996.97 660.033 25.043 149.427 148.386 388.948 713.507 32.937 104.495 920.098 580.413 82.8 556.947 44.023 974.144 382.112 508.13 539.973 938.649 201.639 469.406 678.351 103.746 424.647 413.564 280.104 190.551 369.12 171.578 733.463 90.286 732.501 371.095 948.145 992.391 602.052 387.961 376.907 874.931 974.24 670.726 94.216 711.001 615.192 752.062 888.455 516.327 281.808 574.297 685.579 133.504 793.734 16.363 192.5 853.981 570.043 288.593 52.768 59.841 698.057 91.761
161.669 737.568 706.085 562.968 257.243 257.397 633.47 127.717 999.26 87.642 271.216 196.283 952.017 205.825 228.524 10.499 426.515 267.435 948.016 429.878 950.782 275.002 190.897 927.908 252.588 130.26 1000000000.0 804.151 566.554 605.191 45.677 592.133 888.958 70.598 885.816 996.395 525.374 334.712 464.767 972.445 610.519 610.295 11.628 786.199 272.557 884.855 533.892 244.667 49.777 30.996 177.817 129.475 615.987 644.211 396.169 206.993 298.6 609.449 749.049 552.531 557.635 994.131 331.472 60.576 537.604 922.563 53.494 84.329 201.385 872.081 392.313 348.267 613.61 777.383 504.736 321.227 967.234 685.683 268.968 335.531 15.139 800.098 795.502 610.677 543.106 711.895 29.034 258.492 594.07 527.751 712.898 482.521 589.433 589.871 84.944 514.14 775.704 598.652 26.03 387.782
651.405 816.614 15.238 979.659 544.683 76.482 241.376 908.292 985.864 640.768 465.361 451.428 985.792 164.528 475.397 182.741 918.724 649.468 100.882 642.155 689.531 868.462 725.781 752.939 319.073 195.327 804.151 1000000000.0 806.745 86.04 386.104 84.525 672.288 727.309 40.859 688.044 312.642 147.482 455.576 16.563 178.178 846.469 62.009 300.609 725.612 412.449 673.095 188.478 447.212 771.273 889.336 608.156 113.101 632.511 452.305 329.098 114.452 205.881 992.446 581.826 12.864 275.935 116.067 372.561 23.261 206.112 79.477 371.833 557.726 347.719 575.934 588.537 573.402 824.39 395.378 254.977 87.061 681.819 976.392 666.81 996.022 145.162 145.774 330.755 695.653 749.325 24.847 695.759 214.589 560.818 707.149 709.439 164.529 267.415 779.968 766.38 756.47 315.965 749.752 459.521
933.122 459.602 783.836 69.842 17.414 758.703 453.623 145.507 568.564 592.401 758.01 469.677 532.713 67.479 960.248 520.474 649.002 473.511 1.115 582.588 879.957 391.322 488.575 896.689 798.317 866.154 566.554 806.745 1000000000.0 393.311 641.573 956.373 389.743 349.065 839.071 667.145 500.047 913.408 545.557 120.15 769.125 627.785 130.476 586.785 168.145 508.167 53.955 347.263 417.674 818.882 583.225 28.205 908.825 831.544 132.64 879.318 55.086 877.85 375.559 262.559 673.043 578.157 660.644 356.339 156.42 549.219 572.004 915.939 482.56 339.877 318.467 497.63 639.25 945.806 697.562 20.598 646.722 508.153 598.308 923.12 647.759 4.806 773.566 776.471 15.395 977.412 994.626 328.79 22.664 265.856 885.29 688.77 685.967 491.891 101.056 346.729 26.353 730.198 497.235 306.149
914.03 998.612 141.034 17.029 557.07 989.308 639.248 455.293 266.471 528.428 719.038 899.604 769.433 688.683 821.566 351.162 350.411 146.566 893.928 90.681 749.672 817.617 809.617 103.271 315.249 320.734 605.191 86.04 393.311 1000000000.0 321.094 846.138 756.226 511.468 667.494 72.805 290.834 690.237 966.316 195.225 522.701 149.434 622.003 121.037 904.484 307.267 56.953 444.124 606.932 759.885 439.254 258.921 617.785 376.01 123.564 330.351 48.881 292.353 917.536 756.363 925.983 26.511 414.622 134.071 695.491 495.734 888.174 895.036 36.812 345.119 801.319 501.041 154.585 229.199 531.553 614.067 478.396 939.233 133.861 291.381 682.692 948.907 896.319 447.826 642.213 683.953 891.441 662.661 486.601 54.757 555.385 361.403 267.319 907.563 80.286 735.337 195.066 165.785 150.804 175.773
951.513 858.354 8.941 646.45 519.996 78.773 906.235 330.554 337.689 478.095 831.944 780.183 662.624 17.541 50.889 596.611 761.44 16.643 377.488 705.782 360.738 922.071 633.572 45.211 712.32 277.069 45.677 386.104 641.573 321.094 1000000000.0 344.168 740.622 177.532 944.556 549.995 241.263 208.044 512.444 15.063 791.731 319.981 101.074 791.778 636.263 401.99 679.563 602.283 453.448 1.396 351.655 236.338 479.866 495.344 16.208 376.821 319.865 234.574 759.194 557.864 526.329 882.793 803.471 823.544 261.928 67.936 506.326 881.303 121.649 816.431 445.62 172.912 82.73 824.821 809.594 423.691 579.419 403.597 264.434 110.195 992.998 770.475 348.572 276.549 534.459 412.602 909.148 574.7 254.262 671.987 550.339 569.968 796.789 749.128 688.145 295.772 801.566 775.584 200.008 991.539
358.992 130.712 420.155 508.262 560.08 833.119 948.979 956.082 316.799 95.039 312.032 598.537 924.835 278.366 249.293 60.225 814.896 834.005 49.037 710.787 439.546 991.777 774.549 960.042 668.484 411.325 592.133 84.525 956.373 846.138 344.168 1000000000.0 517.761 142.997 474.93 352.04 144.94 393.911 176.071 724.984 422.863 40.305 42.146 564.027 616.425 636.106 739.072 405.969 801.673 688.907 997.365 395.834 874.893 440.77 230.794 836.166 273.57 808.216 470.179 587.322 458.824 310.055 185.603 235.698 40.613 230.152 193.982 347.392 211.696 839.671 59.063 827.505 405.057 18.97 398.66 287.035 69.009 623.775 662.757 89.051 861.402 291.551 289.602 493.625 417.851 422.115 849.169 893.84 394.13 729.29 152.908 263.687 565.183 758.56 958.794 418.671 462.414 321.472 588.231 480.244
643.556 197.397 384.091 289.794 823.899 832.809 381.001 103.709 648.229 443.945 973.928 119.508 436.451 68.907 453.183 807.822 777.518 34.465 894.834 272.732 656.198 618.504 559.167 996.155 684.346 229.193 888.958 672.288 389.743 756.226 740.622 517.761 1000000000.0 890.1 171.094 115.609 922.871 902.494 989.361 583.879 102.246 197.348 93.778 971.841 594.454 420.116 474.989 479.76 648.784 434.314 175.978 748.71 338.01 945.385 844.621 23.509 44.214 250.598 627.906 19.15 768.464 736.733 29.521 877.909 198.04 190.822 972.243 342.893 390.469 333.46 835.335 584.72 476.261 199.391 430.757 392.407 590.72 165.523 615.455 24.795 292.189 483.579 484.212 647.766 615.011 59.49 554.726 863.91 329.549 971.695 272.397 495.426 486.969 486.081 869.339 497.737 13.103 968.498 943.619 77.645
549.69 877.083 200.268 332.613 893.662 197.433 245.228 79.258 934.928 391.517 952.729 167.538 466.436 645.935 729.453 886.36 11.967 793.338 565.069 77.358 483.884 405.744 27.23 924.075 804.798 230.993 70.598 727.309 349.065 511.468 177.532 142.997 890.1 1000000000.0 770.11 950.784 101.01 522.922 905.264 471.345 743.377 956.364 339.516 462.346 54.792 36.218 568.532 561.807 959.153 120.839 328.631 609.921 506.747 226.761 79.61 727.232 437.763 818.585 744.645 123.66 998.136 84.444 969.948 598.742 126.526 481.581 817.451 523.421 471.46 896.335 149.07 499.496 558.566 562.832 75.892 920.198 573.48 126.824 30.305 959.561 477.834 462.397 128.532 510.588 98.985 257.695 876.397 294.633 927.324 447.335 463.693 990.182 376.497 582.684 875.08 570.673 963.646 622.048 953.782 337.181
420.083 68.453 810.233 456.475 835.528 616.737 14.983 713.617 133.13 499.637 893.313 227.568 505.145 129.898 89.653 447.538 127.817 169.46 722.314 311.78 909.283 424.827 860.564 422.878 672.027 901.713 885.816 40.859 839.071 667.494 944.556 474.93 171.094 770.11 1000000000.0 94.719 582.816 109.501 295.789 198.369 466.41 362.584 858.729 850.238 51.063 9.167 191.514 622.137 759.06 596.505 835.386 728.461 398.179 688.227 424.763 81.213 587.994 807.394 646.245 89.377 179.674 694.617 441.796 271.295 462.814 780.824 119.932 444.187 487.572 132.01 952.534 116.759 803.013 308.173 712.807 776.641 962.956 14.21 59.721 484.655 590.99 954.491 585.364 898.225 827.436 832.997 94.418 838.151 344.469 449.584 998.179 287.163 659.21 12.613 440.46 851.451 111.467 165.929 205.046 595.654
609.693 620.043 444.095 775.347 344.255 204.161 902.418 124.079 725.916 250.615 650.251 887.023 997.646 520.085 550.917 244.226 968.378 481.457 737.095 602.044 701.447 919.333 211.594 676.74 398.631 362.675 996.395 688.044 667.145 72.805 549.995 352.04 115.609 950.784 94.719 1000000000.0 851.373 613.66 576.92 462.996 804.125 851.511 280.508 937.925 372.35 582.312 723.017 901.179 928.272 943.82 71.796 421.281 318.301 989.811 134.518 241.925 245.186 6.671 214.519 352.848 214.999 449.403 953.87 742.145 331.289 270.881 389.068 467.944 591.355 808.856 116.309 844.944 551.308 319.859 407.807 644.76 753.999 745.573 608.778 477.955 193.576 956.221 568.481 278.76 610.328 278.073 898.389 38.211 34.85 939.581 421.833 33.006 598.457 864.428 429.259 543.127 660.417 308.772 529.707 245.136
813.017 724.631 479.228 979.832 982.368 978.848 100.54 450.076 317.887 918.128 656.875 783.975 813.349 88.156 218.334 686.513 672.54 319.257 877.618 553.433 302.384 694.432 513.022 618.838 334.688 880.303 525.374 312.642 500.047 290.834 241.263 144.94 922.871 101.01 582.816 851.373 1000000000.0 851.479 216.29 775.509 972.264 544.927 533.194 351.854 825.404 418.743 890.491 176.817 78.475 380.576 825.555 191.795 944.89 519.909 681.248 16.36 931.802 917.497 477.654 80.612 770.551 287.957 287.335 909.984 764.124 801.718 155.089 297.792 362.151 251.575 576.845 543.97 156.95 75.713 433.519 435.905 200.335 49.142 709.438 679.63 271.67 606.267 456.798 245.799 602.35 944.632 144.27 933.276 419.322 894.833 64.602 569.587 669.576 986.664 109.627 31.241 209.397 586.531 537.414 415.715
607.457 526.126 614.938 141.432 999.311 813.296 481.135 914.107 219.719 269.447 973.522 809.295 373.318 26.146 733.093 246.442 664.654 541.251 755.988 777.341 395.243 905.063 269.39 369.919 907.244 972.474 334.712 147.482 913.408 690.237 208.044 393.911 902.494 522.922 109.501 613.66 851.479 1000000000.0 946.0 135.861 524.984 908.501 789.475 741.445 600.822 100.77 60.104 645.742 912.143 211.958 574.237 932.137 327.9 543.39 252.6 985.229 50.521 912.375 383.686 162.28 989.839 383.981 540.306 96.696 186.507 804.327 104.513 875.296 847.827 83.545 246.216 249.454 85.586 488.102 688.166 645.711 418.639 656.178 163.414 917.178 696.91 20.407 868.771 20.591 173.188 330.724 77.411 340.089 951.692 357.526 835.636 411.069 198.182 229.377 808.762 219.433 585.894 52.225 537.143 961.402
435.357 749.407 654.025 683.25 776.277 970.753 734.877 77.856 129.182 751.484 248.135 207.655 45.409 644.569 797.981 658.809 807.776 156.761 241.7 569.58 610.096 504.24 963.73 270.731 413.89 38.041 464.767 455.576 545.557 966.316 512.444 176.071 989.361 905.264 295.789 576.92 216.29 946.0 1000000000.0 229.105 184.128 864.693 654.758 705.014 103.753 379.03 228.931 132.878 115.619 350.818 252.342 492.952 845.729 281.807 847.43 60.119 957.275 638.971 870.223 466.426 507.216 581.375 780.371 602.628 267.45 332.435 751.73 39.276 17.745 440.329 962.336 608.543 172.026 104.067 703.854 921.49 825.4 228.658 58.397 666.282 99.405 522.809 24.772 716.774 277.362 636.617 355.224 490.349 517.377 878.749 629.149 793.277 577.151 374.0 587.115 597.632 315.433 378.157 81.238 883.865
478.747 946.797 99.591 196.952 318.421 563.457 885.01 99.256 551.643 536.673 899.196 120.155 586.365 757.997 596.416 277.404 791.988 531.152 95.13 32.943 354.199 5.014 27.292 213.57 798.796 996.97 972.445 16.563 120.15 195.225 15.063 724.984 583.879 471.345 198.369 462.996 775.509 135.861 229.105 1000000000.0 684.187 396.811 378.03 678.698 668.729 839.362 858.45 129.146 951.307 53.584 683.258 431.663 532.787 243.044 659.783 734.343 430.149 989.332 413.063 845.887 171.886 639.161 219.627 769.632 970.906 640.618 487.447 390.68 671.934 308.843 418.334 123.967 294.066 957.06 496.439 995.231 491.173 47.979 265.462 837.62 304.374 607.032 394.74 209.334 180.826 981.194 749.43 174.167 417.418 686.546 255.398 80.593 128.876 616.637 361.28 56.31 231.207 510.601 678.28 753.44
310.281 920.143 13.514 250.504 733.131 159.128 865.339 88.247 554.305 165.955 66.731 506.998 199.11 961.907 30.167 979.573 921.925 205.452 35.054 852.767 63.954 778.336 835.63 27.347 562.004 660.033 610.519 178.178 769.125 522.701 791.731 422.863 102.246 743.377 466.41 804.125 972.264 524.984 184.128 684.187 1000000000.0 795.975 157.34 637.739 884.074 104.787 440.45 882.418 255.971 190.234 935.961 386.341 422.527 506.638 519.517 532.672 265.669 940.757 283.108 385.351 233.468 113.784 210.811 677.084 666.078 50.666 423.219 638.777 736.122 171.668 669.265 797.573 951.158 777.83 721.652 936.878 440.365 849.887 351.186 477.457 954.599 73.447 541.224 926.609 492.32 542.846 816.372 489.325 230.916 238.468 20.983 397.787 715.977 124.308 718.215 22.919 623.039 994.51 486.167 249.099
840.555 20.293 129.152 199.069 979.519 783.928 561.221 752.383 622.816 532.296 927.228 816.114 9.227 320.913 62.426 79.43 2.03 111.938 705.51 28.754 223.873 103.641 145.694 227.1 237.796 25.043 610.295 846.469 627.785 149.434 319.981 40.305 197.348 956.364 362.584 851.511 544.927 908.501 864.693 396.811 795.975 1000000000.0 668.603 382.68 499.115 68.21 494.773 22.545 8.21 141.579 538.401 695.491 352.545 132.491 536.018 704.746 637.928 687.074 137.385 730.545 201.096 662.678 687.199 429.091 20.127 311.36 160.621 252.882 426.952 90.208 292.586 118.911 383.722 801.768 710.61 486.448 30.706 915.852 51.598 767.465 209.906 94.756 285.839 484.975 369.887 252.581 301.92 732.596 434.134 735.389 198.98 662.233 430.803 350.472 993.357 950.676 348.311 327.256 508.188 707.345
412.44 444.79 172.944 806.927 884.789 420.891 891.515 273.798 382.307 335.953 607.88 907.591 109.278 775.511 164.078 317.076 922.189 437.925 395.606 910.687 403.672 932.482 731.121 634.578 45.392 149.427 11.628 62.009 130.476 622.003 101.074 42.146 93.778 339.516 858.729 280.508 533.194 789.475 654.758 378.03 157.34 668.603 1000000000.0 244.714 656.752 585.339 809.667 475.805 434.384 115.726 231.936 732.279 479.42 7.369 689.978 532.022 515.79 188.663 851.874 953.51 879.848 138.802 996.733 289.018 656.07 633.174 494.92 790.454 704.798 198.503 736.406 480.565 306.049 701.418 48.114 970.372 844.063 742.141 929.687 134.016 577.237 520.55 892.676 749.661 712.98 977.285 774.223 497.124 508.549 508.928 22.362 14.443 639.485 158.923 546.649 468.23 316.974 429.486 70.024 54.257
369.513 199.099 452.711 985.727 283.164 201.813 721.136 944.634 273.454 195.766 526.806 901.567 154.867 655.44 1.627 959.373 147.401 993.294 368.306 29.22 82.333 460.929 321.18 85.085 599.883 148.386 786.199 300.609 586.785 121.037 791.778 564.027 971.841 462.346 850.238 937.925 351.854 741.445 705.014 678.698 637.739 382.68 244.714 1000000000.0 441.07 583.736 76.802 922.956 691.467 910.566 679.913 474.007 870.343 121.663 993.224 57.084 21.702 749.235 298.743 79.68 791.808 658.894 579.753 557.192 88.076 286.387 766.904 651.761 777.527 955.366 864.533 21.355 74.994 388.719 234.125 82.978 968.124 804.335 459.208 549.563 415.845 566.936 29.788 199.615 650.111 227.806 296.575 548.648 181.137 660.659 809.015 734.988 118.562 106.958 632.986 191.281 341.46 846.024 315.889 487.042
563.605 80.927 277.948 71.874 141.437 825.647 236.896 577.346 513.324 703.3 606.695 483.02 567.243 169.742 980.422 222.216 734.955 714.492 111.06 462.929 427.638 556.21 187.59 415.317 408.258 388.948 272.557 725.612 168.145 904.484 636.263 616.425 594.454 54.792 51.063 372.35 825.404 600.822 103.753 668.729 884.074 499.115 656.752 441.07 1000000000.0 715.054 120.852 740.127 486.415 280.215 955.52 650.636 42.842 886.515 171.177 630.864 114.137 751.092 466.274 189.47 233.691 538.167 899.28 496.533 736.831 515.564 821.973 952.68 728.93 24.78 480.463 866.122 377.87 238.569 243.738 941.934 665.823 52.447 782.544 388.134 635.555 484.336 864.245 487.431 389.015 180.228 72.684 963.393 977.06 898.129 738.189 286.966 585.706 411.917 208.495 531.124 601.778 618.831 20.405 838.234
980.621 319.71 392.82 538.472 84.562 208.545 287.189 763.014 656.017 747.339 403.095 271.503 264.066 316.841 794.754 663.63 323.359 497.228 300.288 166.595 874.013 316.039 501.625 793.74 129.168 713.507 884.855 412.449 508.167 307.267 401.99 636.106 420.116 36.218 9.167 582.312 418.743 100.77 379.03 839.362 104.787 68.21 585.339 583.736 715.054 1000000000.0 660.276 97.438 243.642 483.537 132.357 81.428 507.52 7.998 521.091 629.656 46.944 430.767 380.284 817.246 768.196 676.229 717.503 799.435 349.343 825.104 456.8 887.931 522.722 635.291 91.723 222.878 148.741 892.142 228.88 318.093 575.152 881.477 77.585 541.584 945.639 404.506 804.597 811.601 299.262 541.002 250.666 865.033 608.861 306.783 993.402 807.848 670.324 435.769 404.833 96.224 217.824 304.487 894.373 527.87
350.52 132.793 474.414 328.668 990.861 983.772 723.472 775.123 104.633 26.985 207.913 630.941 980.474 567.955 694.195 494.889 424.221 224.115 951.813 335.53 332.873 224.566 825.071 617.926 723.896 32.937 533.892 673.095 53.955 56.953 679.563 739.072 474.989 568.532 191.514 723.017 890.491 60.104 228.931 858.45 440.45 494.773 809.667 76.802 120.852 660.276 1000000000.0 910.153 656.202 311.828 874.857 725.899 665.092 602.68 942.885 160.839 402.796 945.27 647.198 208.5 787.714 209.961 174.797 793.017 494.168 354.31 289.572 75.082 246.855 134.514 363.145 682.824 201.371 875.476 314.754 367.533 646.663 848.919 24.347 140.347 677.177 837.754 361.208 948.383 216.622 752.071 219.842 589.45 688.845 335.785 443.479 361.024 432.565 459.153 138.58 58.578 133.616 966.481 111.211 455.728
498.574 957.619 78.531 451.599 736.442 911.129 475.251 790.835 780.647 334.508 176.307 805.609 453.165 643.663 229.652 313.238 368.826 832.171 946.574 341.668 425.373 658.022 513.405 942.234 105.928 104.495 244.667 188.478 347.263 444.124 602.283 405.969 479.76 561.807 622.137 901.179 176.817 645.742 132.878 129.146 882.418 22.545 475.805 922.956 740.127 97.438 910.153 1000000000.0 734.476 722.114 449.264 652.815 379.727 799.771 281.075 136.465 352.414 609.61 883.698 488.892 383.401 208.926 199.386 430.691 687.915 456.411 561.583 741.659 137.435 128.361 252.053 284.669 223.581 335.606 719.214 707.717 531.945 489.339 397.176 626.71 395.349 685.309 656.458 733.54 455.821 85.601 680.648 667.143 275.138 208.805 674.445 924.799 311.78 394.92 221.784 547.009 148.227 12.863 950.965 134.089
535.783 940.048 950.876 354.143 247.611 381.328 764.699 400.359 259.432 354.384 234.219 35.895 93.733 742.187 717.3 815.241 641.443 878.781 480.454 345.749 93.428 326.052 874.215 284.67 833.249 920.098 49.777 447.212 417.674 606.932 453.448 801.673 648.784 959.153 759.06 928.272 78.475 912.143 115.619 951.307 255.971 8.21 434.384 691.467 486.415 243.642 656.202 734.476 1000000000.0 401.038 960.122 939.779 727.531 250.658 664.322 513.826 447.944 808.697 28.848 390.565 346.544 89.675 906.731 436.361 86.909 420.883 616.812 653.79 127.549 41.935 83.112 777.481 54.601 206.525 927.271 307.532 962.102 176.988 506.52 110.793 421.052 773.781 102.349 849.826 294.448 27.966 650.359 40.033 313.203 575.479 67.689 762.84 482.969 142.52 140.016 602.444 988.865 272.589 443.867 752.108
162.774 300.363 145.719 103.135 326.821 17.812 453.725 918.522 724.507 929.574 812.873 578.632 979.839 347.899 463.881 256.328 500.014 423.736 655.592 981.623 1.043 685.379 350.763 823.65 297.366 580.413 30.996 771.273 818.882 759.885 1.396 688.907 434.314 120.839 596.505 943.82 380.576 211.958 350.818 53.584 190.234 141.579 115.726 910.566 280.215 483.537 311.828 722.114 401.038 1000000000.0 181.789 767.459 159.932 587.761 824.276 317.25 753.648 956.244 868.084 581.933 231.718 324.849 313.493 72.13 386.759 320.187 402.141 699.081 54.116 61.324 398.968 555.083 828.626 54.916 279.362 459.366 866.878 901.146 631.639 955.062 130.483 837.458 133.047 827.21 505.485 608.448 394.402 872.326 12.157 25.855 912.76 932.892 74.559 563.96 674.71 468.435 51.499 943.838 392.358 491.999
373.476 375.093 523.888 283.046 776.797 544.44 363.94 833.998 536.647 250.015 928.426 716.594 101.37 523.738 354.54 730.457 616.601 755.19 932.614 29.695 913.158 390.789 109.771 965.051 677.521 82.8 177.817 889.336 583.225 439.254 351.655 997.365 175.978 328.631 835.386 71.796 825.555 574.237 252.342 683.258 935.961 538.401 231.936 679.913 955.52 132.357 874.857 449.264 960.122 181.789 1000000000.0 148.116 385.92 691.47 779.258 512.39 810.703 892.654 277.977 489.096 278.419 440.67 561.526 985.589 800.99 383.365 294.931 614.668 839.076 91.904 392.038 103.537 622.532 944.824 241.16 642.85 250.946 591.462 394.967 689.901 322.778 209.676 649.849 982.687 568.745 64.84 506.184 418.468 711.851 552.56 786.279 400.774 539.645 900.498 810.109 839.03 498.296 377.77 77.859 332.684
