100
1000000000.0 391.616 935.338 914.103 887.705 126.827 240.574 516.359 769.085 914.043 447.322 599.229 476.342 333.443 287.096 435.303 2.605 755.604 80.716 739.332 880.41 551.896 955.254 515.22 719.814 730.759 431.182 217.512 152.287 985.682 811.201 821.788 35.164 146.452 823.706 684.809 533.747 784.226 241.702 866.615 702.773 981.07 475.986 559.075 405.72 960.66 813.839 312.023 663.69 984.399 467.62 499.462 759.916 299.033 374.455 858.532 495.473 26.173 217.704 79.34 268.063 47.012 873.642 423.002 512.656 974.94 30.097 331.139 219.169 570.549 998.286 768.437 517.896 551.336 947.748 790.964 543.537 360.668 768.761 230.873 852.832 575.714 270.603 622.239 70.734 284.599 876.59 109.887 293.833 608.115 774.274 467.277 75.018 135.025 388.235 509.028 745.34 694.536 844.857 502.714
391.616 1000000000.0 81.718 281.811 204.883 142.293 131.556 823.142 486.226 511.525 693.107 63.878 697.272 978.354 702.712 399.22 763.318 971.684 524.541 650.261 737.974 678.539 766.973 717.927 270.668 869.859 488.621 82.004 364.646 50.3 159.162 566.178 530.055 553.245 456.054 205.433 767.036 399.255 742.846 468.911 146.852 120.054 965.279 498.344 432.423 453.4 580.508 127.874 955.917 434.304 892.231 513.695 553.125 799.638 321.437 107.08 306.371 912.553 704.698 598.387 693.754 747.819 761.869 701.475 921.408 500.522 155.65 846.597 209.216 732.283 693.359 271.347 484.851 222.881 546.928 806.65 923.578 951.358 806.123 394.635 317.381 191.971 119.062 684.708 676.249 197.974 962.173 904.565 214.72 548.776 956.219 265.06 73.924 908.402 814.158 281.567 561.336 46.282 254.417 710.81
935.338 81.718 1000000000.0 860.934 922.687 240.291 148.054 624.171 779.772 849.086 845.743 699.901 588.378 312.593 973.73 478.183 819.528 876.972 850.874 833.469 415.56 970.881 128.071 955.941 172.443 275.813 821.242 60.594 868.032 522.939 910.122 498.566 881.067 781.754 757.383 941.489 64.793 913.177 384.007 66.551 658.89 848.25 959.802 509.005 172.985 113.037 854.117 148.9 444.944 706.084 467.369 857.906 925.473 120.54 955.493 731.764 562.055 976.763 828.889 267.608 640.23 936.484 596.536 409.261 816.75 622.384 704.66 175.524 212.548 722.192 916.246 631.457 884.314 359.85 162.539 656.592 216.976 639.457 667.289 648.833 743.824 616.887 910.768 675.271 730.907 982.814 405.889 433.383 68.4 248.647 33.513 15.627 366.033 474.391 151.634 979.066 129.401 173.058 649.545 274.7
914.103 281.811 860.934 1000000000.0 569.841 515.394 902.025 199.678 699.821 60.948 606.645 213.529 481.243 957.746 76.133 449.999 7.368 174.113 190.803 274.102 239.049 329.875 139.074 580.056 757.825 363.237 36.603 142.294 127.636 866.154 597.645 203.973 633.558 960.238 95.084 528.283 109.509 432.718 551.517 64.428 82.105 660.557 567.974 262.542 174.228 567.364 830.225 749.965 177.365 776.533 218.591 609.514 833.607 348.219 319.803 259.783 89.306 133.435 418.863 82.737 961.359 698.245 502.046 996.083 412.874 395.691 274.369 736.131 374.743 257.029 186.263 329.732 661.678 998.453 283.716 599.461 110.923 478.763 649.959 366.57 581.417 345.273 268.189 863.894 249.642 666.817 407.892 371.376 155.923 477.993 310.499 544.378 684.974 447.489 371.773 614.809 793.241 148.258 660.272 592.588
887.705 204.883 922.687 569.841 1000000000.0 135.611 142.607 34.703 105.047 512.902 13.699 863.14 867.461 896.894 357.306 537.62 204.486 771.404 236.847 334.229 697.2 959.189 213.137 263.031 803.962 10.369 663.921 745.498 308.469 556.451 290.867 987.323 847.088 321.349 377.225 390.384 684.999 254.104 287.267 880.599 700.556 582.432 431.656 189.327 988.954 887.679 102.941 911.705 777.358 415.692 514.884 563.046 569.364 132.611 414.196 671.806 630.739 941.001 871.64 702.014 379.505 901.732 389.136 632.151 448.251 464.845 40.052 546.485 463.532 463.576 292.515 847.538 449.69 218.45 443.881 475.484 540.178 876.105 847.137 249.577 992.536 383.854 144.411 599.456 420.366 284.32 768.871 836.152 595.816 309.07 414.406 268.685 458.074 509.062 337.842 354.581 884.739 950.792 144.298 945.988
126.827 142.293 240.291 515.394 135.611 1000000000.0 496.699 250.125 683.686 405.755 609.067 181.314 613.762 630.651 265.779 186.224 325.227 433.579 272.054 457.479 824.503 563.688 452.759 524.859 448.637 514.494 489.465 252.802 764.932 921.565 592.044 506.714 969.175 333.236 296.813 101.131 261.653 725.872 288.042 259.367 156.57 608.038 789.201 617.895 232.289 651.961 584.684 859.917 921.357 217.95 633.894 452.027 905.539 709.064 766.541 333.807 790.215 399.407 253.02 103.845 744.497 352.95 674.758 882.306 703.781 23.851 174.142 103.408 440.574 428.9 297.045 72.201 817.172 745.599 488.695 438.648 15.039 435.475 511.326 385.456 672.376 792.14 267.247 470.321 144.701 559.395 740.507 785.084 709.874 810.809 348.093 831.423 236.994 415.945 558.755 833.831 211.679 794.25 9.119 731.419
240.574 131.556 148.054 902.025 142.607 496.699 1000000000.0 414.617 801.063 27.275 89.556 917.062 634.822 349.136 888.521 4.281 193.875 685.158 126.939 475.67 167.712 20.926 49.282 788.246 96.033 7.947 513.734 902.536 264.781 812.248 532.316 510.969 900.115 555.595 273.147 732.584 953.688 732.29 876.291 302.953 43.916 208.758 149.353 525.801 1.414 955.975 138.365 132.387 477.268 325.566 694.995 777.29 749.579 619.408 203.07 99.933 732.779 351.56 971.23 10.044 365.56 22.547 450.41 962.047 219.744 111.426 658.269 141.425 270.245 603.539 910.529 921.966 953.051 535.745 864.108 767.092 802.392 445.427 427.981 597.776 314.882 477.239 772.263 52.319 848.94 31.758 281.052 862.401 256.236 244.494 677.776 904.865 161.534 521.735 458.703 537.465 83.271 949.291 532.255 654.499
516.359 823.142 624.171 199.678 34.703 250.125 414.617 1000000000.0 182.388 167.646 931.281 775.456 71.052 636.95 555.037 619.159 186.884 865.819 154.352 318.984 510.524 914.985 852.329 441.843 748.367 456.219 214.925 24.079 941.84 805.397 231.536 159.859 585.188 262.567 96.118 267.405 165.04 142.718 986.586 328.128 794.485 262.859 365.978 109.743 631.726 15.703 207.646 541.331 958.44 866.96 14.816 99.363 21.754 281.194 719.398 585.413 627.19 68.064 667.954 657.877 693.741 173.13 572.597 747.464 797.125 592.123 698.266 911.815 179.894 665.389 5.775 265.987 520.011 918.987 262.044 754.566 533.568 937.548 72.707 251.795 203.301 279.429 723.25 89.7 838.099 433.169 129.992 395.937 912.913 835.242 566.61 434.019 600.833 418.482 583.244 64.943 333.142 877.785 196.422 817.711
769.085 486.226 779.772 699.821 105.047 683.686 801.063 182.388 1000000000.0 837.765 592.116 628.63 890.224 846.819 913.512 806.176 97.209 857.002 289.055 539.028 129.702 562.382 326.463 838.892 647.585 771.55 785.54 917.758 134.153 297.663 816.713 787.236 195.859 432.543 786.204 246.749 535.609 798.386 376.2 335.802 223.617 821.301 362.579 577.609 309.809 706.674 614.228 234.388 44.677 641.706 269.842 595.662 512.347 430.511 91.522 925.523 729.573 383.551 530.02 721.48 676.406 895.836 850.981 193.954 774.016 916.722 380.89 208.207 653.161 768.31 174.633 151.327 448.094 869.663 124.579 236.411 997.628 387.786 652.67 73.113 940.076 349.337 631.572 414.547 816.97 23.534 712.084 104.01 460.976 763.296 390.196 650.296 727.734 62.07 695.279 375.105 623.871 181.236 133.393 183.118
914.043 511.525 849.086 60.948 512.902 405.755 27.275 167.646 837.765 1000000000.0 41.292 935.969 879.63 623.5 566.103 275.199 126.344 587.389 478.161 890.919 867.734 580.233 862.784 175.347 551.401 46.992 472.657 168.195 76.059 459.24 522.529 142.155 365.185 360.976 925.754 680.343 993.658 707.247 402.965 832.559 52.361 28.22 877.069 48.688 835.829 378.335 570.753 841.115 805.496 577.892 350.611 988.915 317.274 482.515 713.615 805.429 903.131 944.909 689.431 303.392 278.755 521.009 393.501 529.835 675.921 155.209 59.334 560.572 853.976 930.604 117.904 804.165 807.887 283.726 458.72 35.949 901.73 353.989 122.984 602.645 505.269 919.174 903.334 750.076 894.339 189.001 719.057 89.176 109.707 925.816 556.189 623.72 784.114 207.542 582.798 965.026 342.726 95.435 462.398 804.922
447.322 693.107 845.743 606.645 13.699 609.067 89.556 931.281 592.116 41.292 1000000000.0 83.205 566.776 921.523 855.453 442.245 561.579 416.374 80.619 694.639 548.273 981.686 237.629 794.358 274.017 413.057 649.989 511.422 99.418 126.066 496.5 346.642 493.748 376.784 584.537 127.983 274.913 344.018 386.843 15.445 340.744 792.945 747.389 717.854 333.915 227.993 199.327 705.792 181.293 999.263 119.31 172.084 998.558 650.714 881.534 451.537 344.448 138.505 197.918 213.943 623.144 800.327 577.801 682.501 940.992 192.083 576.149 116.793 606.6 1.636 143.64 791.148 269.528 629.236 815.495 74.114 438.132 690.94 837.704 714.011 19.38 676.406 175.098 821.976 443.588 205.131 63.291 399.035 753.572 786.021 486.75 291.678 710.385 567.237 195.651 712.695 697.431 264.637 754.772 271.208
599.229 63.878 699.901 213.529 863.14 181.314 917.062 775.456 628.63 935.969 83.205 1000000000.0 705.766 910.3 492.723 736.835 346.209 656.788 30.146 992.438 751.673 726.503 561.11 610.301 206.317 907.129 739.311 14.657 404.962 400.362 789.956 578.87 94.774 958.798 445.204 201.305 166.004 347.967 586.656 224.234 219.589 179.53 483.706 328.731 577.449 68.241 129.516 66.379 234.095 624.668 519.697 408.015 541.734 119.27 22.429 858.055 717.175 300.239 929.787 586.462 927.921 526.225 438.601 675.938 167.318 781.546 809.657 836.485 165.677 689.988 290.395 405.437 176.029 655.443 661.146 425.045 43.12 74.29 832.377 475.96 942.595 773.844 682.638 128.111 458.988 165.605 606.566 135.295 568.161 177.363 398.86 530.399 973.845 690.649 995.893 177.054 836.263 838.893 645.689 17.198
476.342 697.272 588.378 481.243 867.461 613.762 634.822 71.052 890.224 879.63 566.776 705.766 1000000000.0 366.351 977.779 354.863 21.792 951.286 929.77 338.831 416.028 415.884 702.766 429.277 603.875 429.139 428.632 305.287 808.279 331.415 680.437 784.37 708.93 309.516 947.419 538.19 973.936 921.019 205.357 53.248 894.743 995.482 484.394 415.475 707.041 865.172 316.99 867.077 306.828 69.116 107.768 646.54 211.287 279.634 56.579 830.937 5.222 936.926 764.541 16.17 23.539 653.723 600.881 534.328 214.551 507.304 437.802 963.535 149.465 186.275 564.353 266.176 134.512 680.855 607.888 273.947 427.767 694.508 143.458 226.003 677.363 168.486 743.407 345.63 649.608 127.772 201.48 373.532 837.55 72.502 16.865 265.158 919.668 132.111 81.812 286.97 640.71 374.994 87.437 47.977
333.443 978.354 312.593 957.746 896.894 630.651 349.136 636.95 846.819 623.5 921.523 910.3 366.351 1000000000.0 937.158 243.456 937.987 59.586 480.923 848.682 48.338 184.132 404.235 416.324 970.359 414.66 43.672 826.133 448.47 384.809 320.079 285.436 843.75 324.169 38.029 681.973 625.64 773.102 473.693 33.227 155.929 792.191 554.739 625.468 278.775 375.01 257.735 612.303 910.976 775.784 531.676 539.879 621.196 54.191 176.503 891.529 103.62 351.631 851.714 556.64 58.843 187.173 323.012 26.344 237.812 663.101 951.417 84.568 488.328 308.328 838.994 337.747 914.97 968.118 277.985 196.875 363.092 504.901 29.002 285.869 166.775 268.943 532.084 789.29 262.879 3.74 983.076 306.429 134.115 690.37 793.973 954.857 224.196 817.71 778.262 26.003 24.065 757.778 262.225 729.163
287.096 702.712 973.73 76.133 357.306 265.779 888.521 555.037 913.512 566.103 855.453 492.723 977.779 937.158 1000000000.0 809.765 38.171 229.495 141.08 823.535 434.036 483.806 595.233 672.13 485.473 57.825 61.209 954.606 469.187 117.604 643.555 796.668 260.802 892.566 633.473 215.536 897.431 714.399 734.758 109.324 771.831 710.376 589.045 759.748 868.583 949.419 886.882 43.837 822.067 470.114 446.417 27.933 409.378 554.42 872.241 798.853 222.27 637.542 225.366 797.775 265.077 468.051 94.437 757.987 668.591 155.076 82.666 415.514 797.697 993.587 961.092 946.712 272.68 95.693 375.416 745.83 480.51 692.842 948.707 453.383 346.079 764.507 420.941 873.488 109.327 789.672 467.01 486.429 246.188 276.687 408.632 9.147 789.445 79.048 905.428 792.01 527.978 805.782 614.672 246.149
435.303 399.22 478.183 449.999 537.62 186.224 4.281 619.159 806.176 275.199 442.245 736.835 354.863 243.456 809.765 1000000000.0 441.922 239.481 633.598 166.133 990.756 668.125 953.823 773.793 326.602 212.952 139.41 42.337 178.418 422.79 752.211 911.634 544.718 454.193 24.19 598.127 495.144 219.423 793.603 836.724 913.115 739.238 241.935 98.671 783.556 292.139 851.666 376.628 702.657 601.745 400.11 597.605 286.038 844.585 239.118 433.059 450.655 210.251 314.931 613.704 317.415 638.072 28.105 493.662 512.146 737.614 296.723 885.54 462.674 56.13 216.514 957.101 933.204 731.013 412.676 953.873 454.887 17.576 74.038 218.111 304.223 538.408 933.975 726.936 63.307 578.705 660.539 144.172 43.346 592.404 272.88 874.502 314.903 791.427 48.76 648.074 41.934 175.962 348.388 251.847
2.605 763.318 819.528 7.368 204.486 325.227 193.875 186.884 97.209 126.344 561.579 346.209 21.792 937.987 38.171 441.922 1000000000.0 195.229 741.914 937.129 709.91 484.534 766.382 105.149 131.385 609.733 467.072 87.717 116.478 667.016 745.132 11.558 684.551 624.397 813.093 438.701 704.448 172.902 410.488 789.109 503.964 477.079 797.352 765.749 59.504 450.221 607.68 549.375 703.612 606.415 579.631 451.013 913.865 505.871 275.767 990.48 900.419 942.387 63.485 328.058 249.817 634.497 683.14 994.392 338.094 436.012 418.722 881.177 943.047 869.64 936.896 765.878 872.918 862.17 991.443 159.407 985.434 806.239 338.52 181.169 296.094 389.467 474.253 190.519 857.657 335.866 505.591 835.86 825.284 61.149 233.912 802.96 650.224 490.866 886.249 221.446 522.774 692.721 873.8 452.01
755.604 971.684 876.972 174.113 771.404 433.579 685.158 865.819 857.002 587.389 416.374 656.788 951.286 59.586 229.495 239.481 195.229 1000000000.0 238.38 239.953 696.205 161.611 465.849 150.26 896.075 690.084 135.786 174.133 16.115 559.324 711.706 632.232 176.941 899.68 473.265 589.204 965.594 194.17 107.285 345.797 355.828 231.613 760.056 755.327 636.838 456.085 737.584 168.901 217.636 168.651 484.314 904.218 447.561 533.715 37.08 412.513 355.759 955.493 550.105 277.739 80.942 395.582 296.33 508.129 410.516 323.756 222.467 89.319 194.355 259.348 391.748 451.48 669.632 882.798 261.738 55.863 56.556 763.895 291.925 879.444 834.221 656.7 852.15 589.66 847.253 182.68 104.621 420.299 149.644 574.392 356.852 709.727 606.511 566.65 609.605 354.95 847.906 274.623 734.889 738.185
80.716 524.541 850.874 190.803 236.847 272.054 126.939 154.352 289.055 478.161 80.619 30.146 929.77 480.923 141.08 633.598 741.914 238.38 1000000000.0 80.527 680.029 996.455 661.51 521.817 442.59 987.473 622.604 951.46 881.28 247.389 564.094 201.446 519.605 561.665 698.079 235.828 63.582 261.047 903.188 321.139 849.345 560.403 466.623 503.028 870.648 508.587 195.617 379.112 4.233 893.01 109.248 911.914 643.731 690.56 908.511 784.344 143.236 477.968 589.687 939.668 755.883 399.98 226.342 262.932 935.861 311.153 978.487 654.04 591.873 859.112 870.396 338.976 368.726 35.241 189.864 882.753 197.798 559.144 566.09 217.985 33.955 108.951 591.253 424.761 440.657 817.443 254.502 486.267 790.199 625.908 427.782 617.863 833.706 917.849 668.188 406.468 445.788 761.733 763.003 709.175
739.332 650.261 833.469 274.102 334.229 457.479 475.67 318.984 539.028 890.919 694.639 992.438 338.831 848.682 823.535 166.133 937.129 239.953 80.527 1000000000.0 808.286 434.817 365.013 395.926 936.242 355.971 72.031 689.429 683.436 886.857 647.655 200.782 963.984 822.417 742.972 86.086 720.544 430.391 126.311 309.54 833.194 865.454 872.291 90.277 606.76 686.208 306.951 474.176 815.39 87.592 962.143 748.694 823.583 727.542 48.122 289.044 597.426 376.563 331.592 255.495 97.543 783.415 721.801 860.799 751.043 901.74 346.058 812.858 749.646 304.82 763.105 451.594 118.409 418.663 980.835 514.418 236.463 519.335 130.467 865.54 464.522 742.357 599.944 852.458 331.984 222.031 230.829 972.789 152.666 696.486 367.014 538.647 356.52 482.945 840.735 917.923 561.584 405.486 187.291 277.373
880.41 737.974 415.56 239.049 697.2 824.503 167.712 510.524 129.702 867.734 548.273 751.673 416.028 48.338 434.036 990.756 709.91 696.205 680.029 808.286 1000000000.0 85.357 590.644 543.21 848.35 256.221 984.164 288.261 231.979 442.767 295.271 172.428 988.147 788.906 842.302 603.59 88.212 865.243 312.861 751.009 673.425 239.755 637.904 705.984 845.645 363.641 298.064 101.293 698.632 641.175 261.824 456.228 940.323 126.191 255.375 80.947 900.527 825.42 81.382 656.365 746.077 981.631 197.952 374.384 218.223 756.793 510.706 371.745 362.995 337.276 912.563 588.199 911.495 29.868 381.243 906.149 539.965 937.18 456.312 157.754 797.193 782.216 115.108 37.692 994.979 707.717 577.503 483.02 327.176 970.741 304.076 260.784 583.866 224.482 348.537 815.305 955.875 494.046 639.747 751.533
551.896 678.539 970.881 329.875 959.189 563.688 20.926 914.985 562.382 580.233 981.686 726.503 415.884 184.132 483.806 668.125 484.534 161.611 996.455 434.817 85.357 1000000000.0 18.727 349.792 306.161 752.39 241.691 503.061 535.225 824.097 987.396 324.005 799.291 1.514 356.468 491.569 459.594 164.905 656.079 568.925 269.437 472.893 763.869 225.817 756.747 188.803 953.735 950.971 334.643 630.408 863.17 340.578 473.62 210.17 95.884 459.04 70.433 882.028 780.657 238.443 735.051 917.648 911.319 431.525 14.259 96.363 42.883 939.451 584.46 193.604 227.421 425.079 834.284 72.53 982.459 644.678 761.096 455.527 124.829 29.269 279.325 462.669 408.682 523.359 175.151 117.575 146.513 942.769 632.351 604.857 924.481 266.895 540.948 725.182 234.944 382.072 655.918 446.289 551.326 372.189
955.254 766.973 128.071 139.074 213.137 452.759 49.282 852.329 326.463 862.784 237.629 561.11 702.766 404.235 595.233 953.823 766.382 465.849 661.51 365.013 590.644 18.727 1000000000.0 700.839 67.091 906.31 348.844 336.46 804.098 472.992 891.116 364.259 908.547 550.7 494.665 810.664 889.612 132.517 116.591 683.062 696.283 905.139 608.856 614.322 580.88 633.715 445.08 176.521 823.797 340.301 31.458 871.463 956.053 253.833 370.409 835.962 610.377 494.123 785.699 337.009 387.397 640.339 453.903 877.703 729.371 745.985 143.454 889.545 285.003 973.672 203.738 43.799 196.023 366.486 951.373 122.787 184.695 515.893 223.703 214.29 857.554 84.151 462.643 826.023 918.819 535.734 893.987 905.94 21.908 12.229 917.477 862.531 904.013 34.391 313.782 792.104 607.643 464.925 268.03 700.789
515.22 717.927 955.941 580.056 263.031 524.859 788.246 441.843 838.892 175.347 794.358 610.301 429.277 416.324 672.13 773.793 105.149 150.26 521.817 395.926 543.21 349.792 700.839 1000000000.0 538.789 740.573 185.613 63.566 606.371 524.636 117.262 429.796 738.683 608.731 221.444 53.587 724.256 965.093 521.31 218.137 293.148 397.609 909.926 485.431 612.846 762.984 820.928 115.436 157.884 617.719 540.623 634.499 679.061 178.326 77.279 375.819 990.775 63.583 955.361 446.573 657.205 509.239 996.503 622.719 677.276 44.669 811.82 159.757 165.835 388.276 674.022 613.907 826.86 199.254 809.309 599.611 327.634 836.821 9.863 498.686 371.599 556.147 891.404 107.504 536.972 420.1 493.905 204.067 493.122 709.844 127.001 832.174 382.35 982.237 796.755 948.124 147.786 58.315 270.757 541.075
719.814 270.668 172.443 757.825 803.962 448.637 96.033 748.367 647.585 551.401 274.017 206.317 603.875 970.359 485.473 326.602 131.385 896.075 442.59 936.242 848.35 306.161 67.091 538.789 1000000000.0 619.908 714.366 271.729 682.338 941.82 851.322 132.602 853.254 374.787 785.63 219.102 805.324 40.597 587.372 540.006 648.803 774.491 779.525 412.236 136.225 908.271 652.017 190.802 332.297 57.132 952.563 300.158 494.973 455.674 786.15 37.776 175.744 162.565 352.818 688.915 994.631 968.533 53.723 683.001 136.022 231.772 797.176 985.8 749.782 487.149 19.762 524.7 60.148 917.752 430.694 290.621 880.556 462.317 610.723 132.123 863.763 614.027 380.88 738.103 245.258 452.192 266.238 21.421 752.013 791.524 930.271 159.32 522.43 644.003 219.754 379.771 585.475 275.69 732.234 515.662
730.759 869.859 275.813 363.237 10.369 514.494 7.947 456.219 771.55 46.992 413.057 907.129 429.139 414.66 57.825 212.952 609.733 690.084 987.473 355.971 256.221 752.39 906.31 740.573 619.908 1000000000.0 30.124 641.527 851.519 101.308 709.447 234.482 379.89 184.583 500.17 992.921 183.36 877.461 386.153 138.313 375.261 381.779 272.919 892.524 23.173 80.27 633.139 560.086 97.762 266.655 601.873 145.063 557.815 624.374 799.819 145.69 415.837 520.312 722.311 566.089 308.54 589.603 545.282 72.138 383.246 797.4 235.17 470.248 190.796 163.862 191.189 941.522 827.131 126.772 972.161 855.489 815.12 969.748 76.679 593.004 674.533 485.182 305.884 256.255 940.973 731.152 146.046 799.671 439.687 975.507 896.724 101.545 145.605 100.569 326.663 900.843 872.494 191.728 212.327 325.607
431.182 488.621 821.242 36.603 663.921 489.465 513.734 214.925 785.54 472.657 649.989 739.311 428.632 43.672 61.209 139.41 467.072 135.786 622.604 72.031 984.164 241.691 348.844 185.613 714.366 30.124 1000000000.0 872.589 739.276 546.343 198.839 170.557 673.335 268.856 456.121 656.226 611.538 336.503 658.687 435.372 647.77 296.569 852.743 191.683 582.514 612.424 234.297 229.826 239.157 711.809 482.255 768.666 821.021 80.482 56.792 141.96 710.21 195.199 316.906 853.015 40.551 268.199 526.814 562.071 579.495 604.339 803.018 208.763 379.442 861.539 387.107 10.071 971.028 709.229 375.2 557.28 973.866 288.95 84.709 635.571 32.758 91.562 176.493 104.339 682.634 982.18 494.474 258.966 62.704 333.685 961.665 738.139 62.801 745.292 953.127 780.76 48.375 48.387 343.713 629.76
217.512 82.004 60.594 142.294 745.498 252.802 902.536 24.079 917.758 168.195 511.422 14.657 305.287 826.133 954.606 42.337 87.717 174.133 951.46 689.429 288.261 503.061 336.46 63.566 271.729 641.527 872.589 1000000000.0 660.294 593.775 487.499 199.281 393.198 921.052 512.167 744.933 930.542 378.453 27.582 885.307 279.243 310.42 955.593 737.647 163.197 799.073 901.347 359.68 163.003 916.485 810.862 886.546 84.522 777.971 36.324 583.84 939.877 380.738 452.949 568.661 933.155 296.02 239.812 560.064 810.164 483.554 592.368 529.912 607.795 810.846 284.698 541.637 443.492 261.841 865.551 405.548 633.366 461.204 872.967 12.485 530.551 361.432 780.571 512.438 746.39 674.232 514.667 556.104 740.76 651.347 559.503 860.094 861.548 198.267 622.531 969.039 275.946 243.084 302.094 208.118
152.287 364.646 868.032 127.636 308.469 764.932 264.781 941.84 134.153 76.059 99.418 404.962 808.279 448.47 469.187 178.418 116.478 16.115 881.28 683.436 231.979 535.225 804.098 606.371 682.338 851.519 739.276 660.294 1000000000.0 945.503 40.305 143.801 181.855 164.985 738.691 288.21 442.744 799.443 494.108 232.954 146.025 189.56 852.055 205.59 189.235 846.784 572.371 670.551 151.106 560.078 365.866 360.016 783.972 20.855 117.165 153.507 272.838 443.799 314.795 655.789 622.113 366.765 331.837 732.692 936.971 918.864 328.191 656.91 478.381 462.257 777.329 586.696 114.68 737.521 133.578 940.611 411.266 716.978 501.841 985.052 542.94 905.274 261.175 349.256 843.852 992.98 438.944 423.375 893.979 956.37 849.966 236.649 520.157 140.932 93.261 347.364 517.607 432.257 281.933 829.521
985.682 50.3 522.939 866.154 556.451 921.565 812.248 805.397 297.663 459.24 126.066 400.362 331.415 384.809 117.604 422.79 667.016 559.324 247.389 886.857 442.767 824.097 472.992 524.636 941.82 101.308 546.343 593.775 945.503 1000000000.0 56.943 214.431 73.359 93.314 750.855 694.161 996.916 587.354 776.125 204.998 86.099 264.838 494.686 340.659 103.236 504.485 967.012 25.901 533.961 639.753 685.033 357.584 374.863 774.83 95.043 486.086 331.606 813.923 654.7 736.614 437.635 177.426 271.091 957.173 809.056 339.612 247.259 250.334 820.774 2.879 958.722 572.524 440.073 962.804 461.314 911.353 958.078 452.145 804.722 991.979 766.556 340.995 276.261 953.592 722.324 832.577 897.222 856.857 895.822 22.354 162.268 846.005 542.343 919.555 535.538 670.562 601.16 575.435 963.527 516.462
811.201 159.162 910.122 597.645 290.867 592.044 532.316 231.536 816.713 522.529 496.5 789.956 680.437 320.079 643.555 752.211 745.132 711.706 564.094 647.655 295.271 987.396 891.116 117.262 851.322 709.447 198.839 487.499 40.305 56.943 1000000000.0 446.489 875.563 601.314 820.724 358.752 871.177 981.013 283.864 914.366 324.426 759.159 269.221 572.436 325.761 540.465 985.616 517.307 587.236 42.286 219.187 304.899 636.629 633.139 760.213 37.957 190.994 224.336 607.404 276.784 397.195 19.968 206.07 258.111 653.996 355.173 865.474 56.618 289.438 332.219 948.11 895.415 77.096 322.629 237.027 97.905 601.526 371.251 298.319 843.221 133.241 869.703 289.145 967.281 637.447 71.746 759.344 740.809 151.831 990.763 632.406 891.501 318.228 392.42 663.417 893.003 665.036 979.514 564.906 350.62
821.788 566.178 498.566 203.973 987.323 506.714 510.969 159.859 787.236 142.155 346.642 578.87 784.37 285.436 796.668 911.634 11.558 632.232 201.446 200.782 172.428 324.005 364.259 429.796 132.602 234.482 170.557 199.281 143.801 214.431 446.489 1000000000.0 523.401 31.183 406.659 116.674 740.137 303.062 280.81 498.242 966.422 79.674 960.414 909.918 884.223 913.969 77.906 629.466 924.438 156.934 877.138 540.959 554.553 535.107 643.53 894.787 296.135 691.651 566.918 44.148 219.952 177.456 261.284 930.054 288.554 45.509 941.701 370.478 947.15 161.152 486.716 382.235 110.038 564.223 229.279 507.679 508.69 919.816 436.525 237.337 809.41 166.156 435.682 161.389 475.585 692.957 467.252 634.588 735.194 852.279 55.884 386.276 22.494 650.229 414.962 270.793 732.215 761.407 101.025 161.394
35.164 530.055 881.067 633.558 847.088 969.175 900.115 585.188 195.859 365.185 493.748 94.774 708.93 843.75 260.802 544.718 684.551 176.941 519.605 963.984 988.147 799.291 908.547 738.683 853.254 379.89 673.335 393.198 181.855 73.359 875.563 523.401 1000000000.0 394.607 718.012 801.13 376.96 644.038 937.385 664.799 962.794 188.561 314.266 484.673 217.677 478.323 673.556 560.009 57.4 860.312 642.91 17.765 615.471 628.209 416.568 749.555 420.934 435.653 131.947 788.054 553.607 247.675 317.169 367.388 8.718 350.304 815.967 216.748 93.29 862.081 174.872 336.856 361.526 103.899 980.353 716.076 249.371 938.988 627.287 736.014 924.8 983.746 707.594 32.163 329.849 548.219 238.8 139.938 461.89 110.742 361.866 304.978 216.044 417.941 607.101 676.486 921.532 677.299 26.276 566.275
146.452 553.245 781.754 960.238 321.349 333.236 555.595 262.567 432.543 360.976 376.784 958.798 309.516 324.169 892.566 454.193 624.397 899.68 561.665 822.417 788.906 1.514 550.7 608.731 374.787 184.583 268.856 921.052 164.985 93.314 601.314 31.183 394.607 1000000000.0 129.538 623.351 100.633 239.683 318.926 777.077 74.788 177.826 621.093 356.211 182.451 249.403 756.796 662.905 726.855 850.335 692.226 778.153 623.117 659.902 525.575 236.517 525.615 826.232 744.718 793.5 548.341 851.551 795.618 722.187 64.442 99.734 275.038 664.132 656.48 123.976 444.509 763.439 613.324 454.203 1.442 572.944 968.901 377.74 305.468 322.299 496.557 829.374 842.602 486.961 245.794 407.18 103.066 684.67 455.463 945.036 753.578 385.031 164.041 135.061 450.33 839.638 996.665 266.542 111.464 535.341
823.706 456.054 757.383 95.084 377.225 296.813 273.147 96.118 786.204 925.754 584.537 445.204 947.419 38.029 633.473 24.19 813.093 473.265 698.079 742.972 842.302 356.468 494.665 221.444 785.63 500.17 456.121 512.167 738.691 750.855 820.724 406.659 718.012 129.538 1000000000.0 495.843 251.217 547.695 290.578 293.357 574.65 20.945 817.242 223.529 630.529 453.741 916.504 745.095 676.759 161.898 168.417 552.953 339.474 46.053 871.007 883.063 208.659 666.744 771.248 795.959 184.07 381.888 723.622 175.143 239.604 784.044 335.85 212.163 703.057 415.252 66.834 234.643 500.626 925.688 626.9 913.66 676.829 360.233 45.891 240.718 834.65 184.293 838.363 392.977 421.292 131.132 21.507 233.206 409.718 905.925 353.228 804.242 197.526 130.064 691.914 830.863 799.715 381.06 766.295 969.906
684.809 205.433 941.489 528.283 390.384 101.131 732.584 267.405 246.749 680.343 127.983 201.305 538.19 681.973 215.536 598.127 438.701 589.204 235.828 86.086 603.59 491.569 810.664 53.587 219.102 992.921 656.226 744.933 288.21 694.161 358.752 116.674 801.13 623.351 495.843 1000000000.0 165.786 908.112 985.971 130.204 518.453 45.633 854.638 465.371 306.666 648.508 496.311 802.023 332.881 49.392 774.306 830.84 840.909 351.409 283.812 430.558 258.47 922.64 230.066 187.829 576.474 872.551 768.774 179.284 461.509 544.925 453.693 573.895 484.676 11.419 937.385 783.883 828.127 154.957 694.823 756.607 433.503 806.2 986.439 397.557 224.708 201.894 639.793 469.18 168.954 195.619 720.357 894.01 706.071 558.633 386.116 590.834 76.239 257.917 737.343 807.676 835.827 494.106 258.532 59.817
533.747 767.036 64.793 109.509 684.999 261.653 953.688 165.04 535.609 993.658 274.913 166.004 973.936 625.64 897.431 495.144 704.448 965.594 63.582 720.544 88.212 459.594 889.612 724.256 805.324 183.36 611.538 930.542 442.744 996.916 871.177 740.137 376.96 100.633 251.217 165.786 1000000000.0 471.059 448.442 995.897 377.847 540.889 462.217 182.791 43.045 125.096 624.621 876.651 482.038 452.837 24.213 439.041 753.891 161.574 586.449 144.309 710.764 801.804 350.616 402.393 862.638 775.535 454.476 511.07 513.952 878.388 244.244 230.263 886.935 721.912 481.927 408.563 525.821 461.858 903.281 978.969 283.001 7.035 387.44 458.279 28.402 924.725 239.755 501.459 217.416 659.164 320.744 990.389 438.205 175.047 665.183 15.337 153.342 986.138 942.089 690.799 519.435 88.392 634.953 198.086
784.226 399.255 913.177 432.718 254.104 725.872 732.29 142.718 798.386 707.247 344.018 347.967 921.019 773.102 714.399 219.423 172.902 194.17 261.047 430.391 865.243 164.905 132.517 965.093 40.597 877.461 336.503 378.453 799.443 587.354 981.013 303.062 644.038 239.683 547.695 908.112 471.059 1000000000.0 215.12 633.912 67.191 141.354 156.827 718.412 462.194 82.799 763.378 275.86 908.451 104.497 551.664 947.405 494.787 278.809 194.21 540.612 606.854 282.974 90.715 841.301 99.06 360.981 844.522 268.35 343.141 560.363 557.67 570.251 810.411 128.996 805.937 711.131 435.426 525.483 934.738 831.798 581.734 776.834 66.963 151.504 390.353 149.185 615.164 806.191 601.544 255.529 411.7 44.851 7.524 651.763 533.287 759.933 808.385 814.463 36.902 871.553 620.57 572.501 128.53 279.52
241.702 742.846 384.007 551.517 287.267 288.042 876.291 986.586 376.2 402.965 386.843 586.656 205.357 473.693 734.758 793.603 410.488 107.285 903.188 126.311 312.861 656.079 116.591 521.31 587.372 386.153 658.687 27.582 494.108 776.125 283.864 280.81 937.385 318.926 290.578 985.971 448.442 215.12 1000000000.0 167.086 367.479 554.939 813.867 736.221 90.471 322.447 361.195 586.522 488.275 369.89 693.294 372.115 131.764 192.322 569.986 813.409 742.783 550.403 332.454 685.224 649.564 298.251 593.546 358.409 858.706 499.187 920.362 119.617 267.079 918.417 909.793 547.232 508.909 215.142 264.392 994.241 823.82 579.894 925.259 686.512 400.721 587.605 159.429 210.532 448.43 734.415 13.776 924.356 165.789 58.318 46.468 221.858 817.799 131.807 232.352 126.469 988.901 307.263 97.053 506.123
866.615 468.911 66.551 64.428 880.599 259.367 302.953 328.128 335.802 832.559 15.445 224.234 53.248 33.227 109.324 836.724 789.109 345.797 321.139 309.54 751.009 568.925 683.062 218.137 540.006 138.313 435.372 885.307 232.954 204.998 914.366 498.242 664.799 777.077 293.357 130.204 995.897 633.912 167.086 1000000000.0 716.549 854.104 104.243 176.608 80.72 6.204 595.181 850.031 739.618 562.818 826.286 123.927 85.379 974.908 764.621 971.407 362.739 632.191 906.761 479.161 571.125 551.331 389.488 782.036 496.592 748.383 7.53 639.27 658.321 89.828 837.035 260.119 242.901 712.075 799.713 696.135 415.728 343.045 637.422 87.48 342.992 551.966 888.898 360.452 689.459 768.836 593.328 791.137 262.73 774.548 225.445 805.774 720.666 834.537 524.67 320.087 848.573 144.037 546.671 639.714
702.773 146.852 658.89 82.105 700.556 156.57 43.916 794.485 223.617 52.361 340.744 219.589 894.743 155.929 771.831 913.115 503.964 355.828 849.345 833.194 673.425 269.437 696.283 293.148 648.803 375.261 647.77 279.243 146.025 86.099 324.426 966.422 962.794 74.788 574.65 518.453 377.847 67.191 367.479 716.549 1000000000.0 167.502 756.671 151.76 54.085 298.384 153.079 623.583 742.837 282.469 606.816 608.213 313.363 487.633 441.159 769.896 667.152 626.139 529.821 718.233 601.898 646.663 54.826 720.471 946.942 386.367 260.195 439.909 815.128 99.077 183.126 971.283 471.635 73.298 670.642 558.655 494.81 971.885 562.678 622.47 222.244 799.91 754.546 595.115 836.021 491.633 971.244 218.82 975.34 881.171 540.915 874.545 906.795 693.522 350.996 505.484 84.02 262.541 154.413 792.505
981.07 120.054 848.25 660.557 582.432 608.038 208.758 262.859 821.301 28.22 792.945 179.53 995.482 792.191 710.376 739.238 477.079 231.613 560.403 865.454 239.755 472.893 905.139 397.609 774.491 381.779 296.569 310.42 189.56 264.838 759.159 79.674 188.561 177.826 20.945 45.633 540.889 141.354 554.939 854.104 167.502 1000000000.0 459.225 248.977 368.529 609.223 682.342 98.449 716.749 458.516 365.825 800.095 359.237 384.778 418.993 756.181 785.491 610.944 716.919 487.16 331.61 317.38 629.499 945.643 610.465 683.98 976.106 547.952 524.574 355.797 418.298 40.702 59.722 111.363 512.965 671.339 502.935 832.091 284.748 311.086 131.316 63.972 219.275 259.912 16.064 876.768 229.056 287.231 998.607 537.069 318.359 501.297 677.619 215.936 86.753 827.641 925.478 17.884 272.66 483.425
475.986 965.279 959.802 567.974 431.656 789.201 149.353 365.978 362.579 877.069 747.389 483.706 484.394 554.739 589.045 241.935 797.352 760.056 466.623 872.291 637.904 763.869 608.856 909.926 779.525 272.919 852.743 955.593 852.055 494.686 269.221 960.414 314.266 621.093 817.242 854.638 462.217 156.827 813.867 104.243 756.671 459.225 1000000000.0 486.322 34.212 89.226 602.574 303.598 247.925 243.972 633.067 456.383 415.308 979.018 41.289 791.294 662.89 191.171 134.802 756.247 522.26 340.763 480.189 887.918 360.204 326.836 767.219 324.887 214.439 871.577 583.371 892.206 219.444 821.685 773.073 189.672 228.052 325.116 149.579 160.815 400.642 356.42 258.333 807.595 862.106 274.041 893.064 839.062 536.645 694.219 522.271 628.449 656.095 579.964 799.738 701.889 934.531 174.164 444.814 122.171
559.075 498.344 509.005 262.542 189.327 617.895 525.801 109.743 577.609 48.688 717.854 328.731 415.475 625.468 759.748 98.671 765.749 755.327 503.028 90.277 705.984 225.817 614.322 485.431 412.236 892.524 191.683 737.647 205.59 340.659 572.436 909.918 484.673 356.211 223.529 465.371 182.791 718.412 736.221 176.608 151.76 248.977 486.322 1000000000.0 263.722 386.923 463.538 906.613 869.561 680.78 587.487 970.099 52.477 213.333 434.809 125.526 899.305 910.831 684.512 880.285 241.186 776.211 873.929 836.463 118.973 518.381 785.058 418.257 232.903 768.857 859.655 474.082 276.679 3.958 117.053 860.59 101.66 377.301 916.472 98.546 311.019 488.437 586.511 341.135 792.642 461.139 714.752 969.476 317.07 149.274 204.661 896.758 250.257 10.916 352.441 853.709 890.807 838.956 718.413 287.813
405.72 432.423 172.985 174.228 988.954 232.289 1.414 631.726 309.809 835.829 333.915 577.449 707.041 278.775 868.583 783.556 59.504 636.838 870.648 606.76 845.645 756.747 580.88 612.846 136.225 23.173 582.514 163.197 189.235 103.236 325.761 884.223 217.677 182.451 630.529 306.666 43.045 462.194 90.471 80.72 54.085 368.529 34.212 263.722 1000000000.0 151.246 471.935 36.876 479.788 48.117 794.037 903.815 350.49 840.177 360.746 927.848 63.824 295.194 681.639 164.608 221.285 149.339 505.346 786.723 283.381 113.073 719.316 55.036 776.371 384.155 682.193 433.045 590.344 934.219 346.898 646.277 259.189 659.453 816.303 566.167 187.883 537.548 825.884 145.456 259.999 542.818 262.55 2.233 908.761 200.729 120.621 75.099 920.688 195.29 660.51 148.176 612.699 575.445 44.66 554.937
960.66 453.4 113.037 567.364 887.679 651.961 955.975 15.703 706.674 378.335 227.993 68.241 865.172 375.01 949.419 292.139 450.221 456.085 508.587 686.208 363.641 188.803 633.715 762.984 908.271 80.27 612.424 799.073 846.784 504.485 540.465 913.969 478.323 249.403 453.741 648.508 125.096 82.799 322.447 6.204 298.384 609.223 89.226 386.923 151.246 1000000000.0 367.816 745.1 44.699 813.324 441.288 570.846 997.455 734.75 291.77 341.87 129.594 699.701 598.005 731.255 538.378 253.215 457.678 877.303 742.41 467.149 145.898 310.757 320.229 321.725 651.478 215.812 541.669 783.991 887.544 877.142 340.195 590.881 538.117 707.701 175.294 563.655 418.078 338.319 901.764 403.108 352.66 583.934 361.136 502.37 614.477 888.851 18.631 603.212 361.872 339.653 667.803 442.584 103.521 468.296
813.839 580.508 854.117 830.225 102.941 584.684 138.365 207.646 614.228 570.753 199.327 129.516 316.99 257.735 886.882 851.666 607.68 737.584 195.617 306.951 298.064 953.735 445.08 820.928 652.017 633.139 234.297 901.347 572.371 967.012 985.616 77.906 673.556 756.796 916.504 496.311 624.621 763.378 361.195 595.181 153.079 682.342 602.574 463.538 471.935 367.816 1000000000.0 539.614 931.585 245.23 303.512 518.921 526.468 456.627 127.185 615.896 996.693 386.239 486.262 605.813 523.208 733.438 417.053 961.421 131.774 994.717 988.065 932.82 389.734 1.01 229.658 960.524 310.939 710.325 259.399 401.171 572.002 895.873 410.536 380.234 204.64 576.549 216.1 434.274 283.593 607.772 265.186 627.04 899.36 291.698 915.249 619.292 603.312 418.66 307.419 814.678 956.992 427.634 545.354 700.573
312.023 127.874 148.9 749.965 911.705 859.917 132.387 541.331 234.388 841.115 705.792 66.379 867.077 612.303 43.837 376.628 549.375 168.901 379.112 474.176 101.293 950.971 176.521 115.436 190.802 560.086 229.826 359.68 670.551 25.901 517.307 629.466 560.009 662.905 745.095 802.023 876.651 275.86 586.522 850.031 623.583 98.449 303.598 906.613 36.876 745.1 539.614 1000000000.0 776.253 972.48 707.666 487.263 585.521 755.826 225.76 300.988 344.408 206.239 137.841 618.797 577.258 455.105 958.964 697.38 877.009 884.221 383.359 82.121 101.487 854.119 728.059 260.648 229.04 784.092 155.991 230.795 963.295 480.604 80.523 54.703 314.322 297.407 985.253 266.026 835.043 212.978 72.474 573.213 964.412 179.807 836.546 569.23 173.606 582.167 731.094 197.879 475.37 124.119 457.301 451.041
663.69 955.917 444.944 177.365 777.358 921.357 477.268 958.44 44.677 805.496 181.293 234.095 306.828 910.976 822.067 702.657 703.612 217.636 4.233 815.39 698.632 334.643 823.797 157.884 332.297 97.762 239.157 163.003 151.106 533.961 587.236 924.438 57.4 726.855 676.759 332.881 482.038 908.451 488.275 739.618 742.837 716.749 247.925 869.561 479.788 44.699 931.585 776.253 1000000000.0 598.34 957.167 333.883 471.878 33.676 579.093 350.339 697.957 51.329 507.579 419.955 576.959 982.529 671.582 429.354 354.615 4.61 390.975 964.547 615.186 335.515 597.048 123.55 53.355 5.338 411.263 435.288 885.996 70.474 640.783 689.412 853.541 578.524 253.731 159.487 880.561 653.463 524.79 899.592 489.389 12.28 578.869 81.826 933.276 41.981 972.667 680.799 979.853 447.258 239.291 520.153
984.399 434.304 706.084 776.533 415.692 217.95 325.566 866.96 641.706 577.892 999.263 624.668 69.116 775.784 470.114 601.745 606.415 168.651 893.01 87.592 641.175 630.408 340.301 617.719 57.132 266.655 711.809 916.485 560.078 639.753 42.286 156.934 860.312 850.335 161.898 49.392 452.837 104.497 369.89 562.818 282.469 458.516 243.972 680.78 48.117 813.324 245.23 972.48 598.34 1000000000.0 493.436 14.422 440.693 722.287 49.307 502.825 144.035 692.208 329.767 754.478 38.913 440.677 448.721 66.182 796.328 867.28 182.982 150.307 38.428 854.431 434.338 126.54 678.847 610.162 465.894 732.429 79.456 809.039 423.917 532.061 765.128 377.313 522.649 218.841 601.055 36.469 107.091 728.428 838.188 621.724 725.942 485.753 140.717 815.154 546.428 799.999 327.758 723.661 141.969 195.413
