100
1000000000.0 328.375 335.794 87.274 828.23 555.516 29.344 953.709 302.013 127.766 88.158 51.648 891.655 46.013 282.406 958.129 944.522 575.495 51.097 526.753 584.571 974.393 308.607 87.952 200.161 895.628 376.091 622.569 612.6 146.685 869.201 84.531 821.535 454.706 110.927 250.207 940.843 114.506 572.839 435.097 534.445 243.266 852.525 935.94 293.004 80.394 60.611 868.565 856.528 818.698 966.471 405.297 908.719 809.368 924.502 600.163 921.509 821.423 618.29 920.054 961.459 898.481 805.752 104.463 477.929 529.117 388.563 946.432 968.004 818.177 998.872 496.435 597.147 698.21 9.038 342.97 186.246 144.432 350.187 8.569 22.945 751.439 57.381 10.533 343.528 809.234 612.595 726.428 212.79 259.425 967.421 370.255 772.844 658.403 192.802 177.492 416.004 783.864 834.344 483.695
328.375 1000000000.0 101.1 701.265 780.965 423.726 974.418 834.906 254.894 716.975 857.715 972.639 466.763 45.898 224.797 579.281 354.872 213.303 945.472 437.995 163.925 410.884 344.878 41.855 141.007 380.259 51.374 282.744 789.76 734.33 200.023 588.034 150.126 503.924 409.341 771.669 816.207 91.764 817.857 435.7 1.485 887.049 876.349 674.383 445.898 532.804 359.729 425.582 246.011 851.66 48.497 947.482 109.313 535.853 836.826 458.771 463.284 247.491 86.574 114.082 994.669 473.052 127.749 20.605 389.803 193.017 541.842 349.762 720.047 236.518 826.191 633.546 591.115 311.154 419.879 155.973 656.01 31.523 994.748 596.207 437.877 340.392 969.51 327.774 610.547 974.48 32.202 722.129 200.688 575.4 437.845 891.731 827.857 648.7 927.988 846.26 22.566 6.123 314.297 883.673
335.794 101.1 1000000000.0 565.464 184.123 599.966 78.549 727.094 256.969 491.163 630.844 706.685 80.035 838.535 818.173 885.521 44.175 100.319 157.25 689.207 38.578 309.915 108.422 536.802 517.825 175.429 809.155 256.007 887.154 716.353 371.648 190.935 745.381 832.09 370.823 81.805 737.359 539.759 631.883 889.261 277.299 618.177 755.516 363.305 488.435 378.454 624.373 672.038 519.2 9.017 535.437 645.668 512.161 432.275 724.209 819.923 186.354 301.39 43.262 253.854 330.17 204.009 627.403 518.237 630.509 73.36 556.102 287.173 426.495 628.315 806.388 946.964 384.193 165.617 753.342 622.109 260.222 795.566 642.115 395.102 861.63 153.375 112.394 469.825 432.915 879.531 31.497 800.738 789.95 710.173 907.16 788.811 916.631 724.849 291.264 663.042 865.98 864.266 791.307 201.652
87.274 701.265 565.464 1000000000.0 80.737 849.636 939.912 185.861 268.958 663.981 917.546 105.691 820.676 16.638 185.347 408.764 826.543 108.056 335.147 213.861 800.935 434.621 773.726 373.109 33.319 632.063 516.929 40.031 678.095 378.612 747.394 36.088 571.753 993.758 166.532 927.971 521.564 235.002 338.196 115.227 56.561 418.599 604.296 977.294 498.894 587.798 142.577 571.568 334.978 654.006 776.166 181.856 124.101 420.679 530.173 624.832 27.574 160.116 108.788 780.7 726.812 938.403 704.487 85.835 822.096 772.173 665.221 823.914 812.712 507.227 644.668 153.551 109.014 671.253 432.869 407.045 822.026 776.899 612.193 899.436 740.19 591.981 340.544 866.811 525.025 518.313 676.023 508.054 34.12 84.584 636.669 789.893 405.488 472.104 682.745 914.852 22.502 461.384 977.274 569.914
828.23 780.965 184.123 80.737 1000000000.0 979.619 35.134 335.72 797.959 997.873 687.23 111.515 105.875 164.388 786.524 319.927 193.973 10.269 480.504 570.771 696.167 238.719 714.812 770.559 397.564 153.719 753.709 439.63 593.979 755.528 71.175 134.271 431.901 746.579 746.072 382.546 517.067 123.824 910.252 811.418 691.058 174.213 604.21 955.183 92.811 245.185 885.45 946.459 829.925 92.782 115.95 533.333 1.333 627.528 102.235 750.668 515.68 640.802 569.209 461.533 413.348 666.375 185.785 589.248 89.18 646.765 830.503 804.811 987.194 972.178 624.512 931.898 968.812 853.007 121.015 930.579 505.923 194.9 821.305 922.155 70.602 699.834 650.454 192.307 416.868 474.135 817.252 148.204 868.657 470.072 811.021 88.049 290.259 32.124 465.763 204.484 209.595 316.19 466.56 32.985
555.516 423.726 599.966 849.636 979.619 1000000000.0 500.772 123.975 723.529 831.339 173.683 76.794 884.251 187.333 133.758 642.002 910.577 639.292 183.6 699.047 965.344 923.475 785.753 572.501 367.017 628.593 272.097 77.962 593.452 942.09 609.853 883.998 625.41 361.373 900.563 414.647 452.93 903.208 95.531 514.692 668.302 925.6 557.775 480.787 312.939 733.379 460.865 811.173 872.496 617.104 776.079 733.764 103.274 965.169 756.968 519.621 207.343 337.3 186.239 510.153 57.608 389.053 544.813 749.388 163.249 24.935 903.098 329.091 622.25 193.921 802.281 583.981 909.273 44.011 393.799 802.645 688.574 294.35 176.21 166.775 725.06 780.358 858.18 350.061 398.633 577.096 908.925 26.082 76.008 236.098 556.963 182.124 302.419 181.225 589.987 31.269 460.731 697.819 217.65 920.949
29.344 974.418 78.549 939.912 35.134 500.772 1000000000.0 820.243 132.68 645.057 262.276 910.9 65.41 916.003 22.153 495.226 33.308 849.448 802.926 870.528 316.324 667.133 49.603 613.977 996.999 442.083 703.476 935.367 818.585 800.688 659.062 193.141 419.863 184.682 649.297 383.925 80.183 814.003 978.393 833.324 983.771 310.01 75.688 920.251 837.931 963.608 784.866 218.203 732.322 898.006 658.73 872.169 220.918 607.287 427.403 839.915 55.783 233.277 187.829 921.063 719.359 726.924 417.659 175.685 757.009 223.164 623.52 277.6 872.885 519.825 203.398 538.242 502.41 939.998 524.896 612.748 636.704 853.513 54.85 585.923 504.683 319.287 699.265 336.041 6.369 919.222 77.839 511.325 652.763 120.08 829.344 205.059 257.423 369.853 146.379 717.848 565.391 710.643 435.697 794.138
953.709 834.906 727.094 185.861 335.72 123.975 820.243 1000000000.0 904.138 8.419 98.144 583.704 626.569 109.82 814.833 153.251 518.75 753.04 546.809 326.907 813.934 863.26 229.213 360.495 251.576 1.016 549.154 274.974 807.296 407.243 966.505 68.195 462.609 48.127 382.345 718.755 640.165 233.589 482.367 687.318 339.161 837.419 473.903 169.056 914.183 220.235 660.563 527.399 728.153 245.384 720.026 372.7 551.026 968.074 404.003 712.234 268.48 697.834 434.483 798.843 676.744 83.759 284.771 432.39 775.801 687.723 695.893 129.023 742.798 266.76 58.402 40.963 907.907 271.122 515.098 642.213 940.432 634.526 596.874 8.675 66.318 4.814 320.394 195.561 582.815 206.207 704.914 101.563 836.607 599.957 193.463 257.012 255.105 29.048 155.189 636.744 277.87 316.383 376.074 101.053
302.013 254.894 256.969 268.958 797.959 723.529 132.68 904.138 1000000000.0 247.476 73.009 840.32 3.491 161.041 797.304 76.126 330.17 302.254 141.367 933.569 448.215 331.129 669.372 124.921 824.74 628.161 768.885 400.169 602.189 243.75 145.37 584.839 679.15 886.531 440.474 878.224 172.714 30.166 526.462 651.88 599.238 334.644 995.644 530.144 745.003 76.591 267.065 900.359 393.009 577.262 75.966 364.367 551.971 557.679 354.249 210.343 143.435 332.887 308.907 601.948 690.248 74.047 106.62 182.45 317.893 762.508 578.975 957.788 930.721 759.317 496.073 242.287 959.004 507.563 91.686 601.649 925.251 115.843 944.476 981.23 390.546 769.008 878.54 22.214 391.725 785.954 715.242 717.388 199.515 923.395 303.167 565.671 502.872 336.654 11.387 557.01 637.667 540.908 271.877 607.525
127.766 716.975 491.163 663.981 997.873 831.339 645.057 8.419 247.476 1000000000.0 202.664 657.546 771.086 277.089 760.127 538.578 925.85 908.188 627.6 372.481 348.317 585.985 628.648 40.932 131.041 56.929 237.962 214.538 557.236 355.356 560.369 833.401 175.294 523.21 701.032 355.631 982.602 557.681 573.381 600.182 772.248 677.227 757.263 29.31 923.485 209.75 519.285 940.932 699.103 340.434 815.866 875.275 377.438 266.807 906.679 855.773 201.13 851.19 305.216 451.013 875.04 886.743 622.514 494.659 809.437 505.755 53.378 613.855 125.165 519.179 481.494 523.856 896.221 472.325 576.414 310.322 8.84 975.863 216.57 162.435 15.916 26.449 705.799 469.049 792.474 101.272 899.06 296.908 177.606 645.709 606.476 516.456 486.573 394.607 453.914 880.825 503.994 399.278 607.886 435.803
88.158 857.715 630.844 917.546 687.23 173.683 262.276 98.144 73.009 202.664 1000000000.0 142.196 461.316 853.772 940.692 765.545 832.575 93.949 521.947 571.414 845.277 21.165 793.411 539.994 56.976 22.313 866.443 391.241 152.183 29.665 181.421 324.288 493.134 693.963 879.951 892.901 315.827 474.17 340.325 473.138 468.495 647.971 974.648 279.228 233.728 714.638 664.696 444.757 437.617 605.185 619.458 341.087 816.013 888.952 313.732 560.242 387.095 316.929 320.102 35.961 277.109 621.502 174.777 65.466 335.526 396.404 896.483 768.332 52.718 532.635 597.756 195.373 249.098 369.08 275.617 73.697 920.457 6.706 221.662 655.624 209.738 826.546 821.73 770.59 823.08 979.609 622.311 778.368 888.263 112.236 138.604 281.726 496.368 191.232 986.394 233.972 87.96 194.807 381.232 686.065
51.648 972.639 706.685 105.691 111.515 76.794 910.9 583.704 840.32 657.546 142.196 1000000000.0 862.83 57.364 796.622 348.136 789.024 195.071 680.365 597.739 466.374 566.454 875.656 290.222 432.581 619.484 955.289 969.816 952.22 764.064 98.977 863.51 594.905 38.634 694.937 371.311 232.069 558.663 712.919 565.643 682.061 249.687 156.687 822.245 994.581 403.996 368.948 380.25 909.226 338.155 488.412 595.902 184.001 651.827 16.51 192.619 306.693 421.096 555.32 151.206 125.333 676.656 825.823 612.027 74.212 916.406 328.329 533.23 424.753 560.147 298.923 212.525 671.455 124.437 318.49 64.779 893.304 240.252 979.062 787.873 722.594 82.378 254.187 205.21 311.938 10.609 668.942 94.806 150.098 360.051 583.842 427.913 91.975 86.262 544.343 543.224 996.059 515.332 795.353 337.61
891.655 466.763 80.035 820.676 105.875 884.251 65.41 626.569 3.491 771.086 461.316 862.83 1000000000.0 816.832 138.508 761.725 473.35 339.618 432.492 105.675 386.998 97.456 51.104 675.47 114.936 754.793 78.407 437.423 468.943 984.26 181.466 590.338 451.386 317.268 973.948 532.552 609.738 340.264 804.185 855.77 943.445 68.221 348.642 356.339 334.047 200.432 446.932 588.472 91.351 856.663 958.109 961.699 395.596 890.584 691.231 832.03 191.274 350.778 720.505 414.795 758.634 262.33 190.805 228.664 589.528 943.927 798.484 183.062 172.38 566.487 874.716 921.607 897.536 580.27 558.558 237.539 528.386 571.952 389.256 914.305 508.62 317.562 478.143 720.034 582.242 336.406 976.883 162.717 711.229 436.514 942.936 582.366 935.334 993.03 650.882 612.698 422.5 486.16 639.072 347.307
46.013 45.898 838.535 16.638 164.388 187.333 916.003 109.82 161.041 277.089 853.772 57.364 816.832 1000000000.0 561.544 911.804 820.535 908.552 609.417 637.19 346.301 174.918 769.073 306.406 482.673 407.041 845.941 949.011 781.66 124.297 560.281 343.489 940.512 720.651 622.444 997.23 523.827 470.05 568.209 418.436 845.83 792.034 622.89 413.114 82.744 245.474 46.947 635.948 67.834 143.065 468.744 184.417 210.698 747.457 998.329 998.158 711.826 249.586 580.422 277.681 561.302 75.551 648.225 926.554 678.872 492.998 456.139 501.57 394.511 258.083 838.259 813.091 7.57 857.342 688.798 589.824 685.984 952.422 696.183 304.229 288.211 633.131 770.628 23.504 611.016 111.497 632.275 451.18 150.805 596.129 35.999 841.147 973.169 991.344 297.012 989.41 918.49 146.421 137.4 831.346
282.406 224.797 818.173 185.347 786.524 133.758 22.153 814.833 797.304 760.127 940.692 796.622 138.508 561.544 1000000000.0 342.199 599.437 761.224 731.074 368.08 944.121 964.353 451.515 439.001 155.984 822.186 985.595 640.487 488.397 534.219 916.597 12.494 254.868 322.557 499.937 134.854 167.094 94.541 635.549 625.813 245.438 866.326 762.1 375.846 459.734 597.182 675.87 285.992 432.276 901.207 903.929 485.492 482.297 145.548 399.953 116.39 868.62 920.317 121.169 110.919 27.43 763.036 171.668 293.592 727.398 619.605 768.02 529.965 252.872 442.571 63.584 5.769 608.712 241.502 866.463 246.48 639.037 661.798 913.964 843.289 463.02 721.352 657.533 645.343 150.647 681.275 650.861 852.187 376.305 629.021 440.426 287.672 597.313 879.714 300.797 913.235 856.88 354.039 708.378 507.585
958.129 579.281 885.521 408.764 319.927 642.002 495.226 153.251 76.126 538.578 765.545 348.136 761.725 911.804 342.199 1000000000.0 136.033 854.072 751.142 768.425 535.022 50.592 280.686 976.683 779.781 721.183 34.459 839.228 32.484 476.614 31.602 708.594 969.899 808.722 715.481 19.6 675.586 31.919 197.758 236.454 877.442 749.858 84.354 808.168 396.221 368.808 850.154 586.758 982.981 594.294 232.608 250.273 996.203 163.285 510.526 378.449 275.144 399.36 282.099 895.147 402.695 286.441 632.69 191.033 665.506 122.297 991.494 413.234 156.906 280.377 350.379 603.845 861.506 411.391 251.6 563.646 522.704 251.63 162.923 198.786 787.898 95.624 497.0 231.267 185.815 904.81 757.207 963.999 713.277 465.412 515.886 143.918 941.379 413.164 529.896 655.746 558.461 704.522 95.819 452.786
944.522 354.872 44.175 826.543 193.973 910.577 33.308 518.75 330.17 925.85 832.575 789.024 473.35 820.535 599.437 136.033 1000000000.0 387.245 837.464 40.453 205.489 903.774 642.299 817.755 618.978 579.88 471.913 775.207 829.688 775.7 217.548 759.32 149.742 113.41 73.266 22.664 437.305 398.729 908.623 237.808 470.595 834.754 419.506 128.833 587.554 121.623 754.526 894.494 683.559 766.067 900.114 565.331 68.415 45.563 182.34 736.69 96.622 573.402 278.78 380.178 907.155 750.265 497.363 370.734 370.49 991.881 798.27 557.044 380.213 703.841 477.736 782.739 528.119 71.398 798.025 710.116 22.567 755.533 61.865 137.115 512.055 471.413 583.953 32.063 519.721 226.275 839.283 97.1 620.23 103.583 419.16 823.498 836.723 327.784 160.134 633.316 433.126 3.842 931.466 22.49
575.495 213.303 100.319 108.056 10.269 639.292 849.448 753.04 302.254 908.188 93.949 195.071 339.618 908.552 761.224 854.072 387.245 1000000000.0 734.92 964.573 7.567 95.329 428.334 627.126 672.106 173.007 429.917 166.967 5.647 575.507 94.262 655.988 830.378 910.471 917.289 513.322 782.262 685.881 821.411 448.112 821.44 93.231 537.957 56.842 324.08 222.864 907.725 795.942 579.278 181.008 479.367 633.176 803.932 951.052 276.317 573.051 451.153 289.904 619.11 745.672 505.66 798.987 391.878 581.248 172.479 420.09 73.858 828.068 169.549 359.15 784.658 961.961 861.148 631.46 247.439 369.039 493.909 451.011 104.981 967.035 193.133 642.758 315.248 663.228 396.574 180.719 403.894 278.37 798.801 120.43 818.043 241.598 715.436 811.122 484.809 534.966 306.012 662.345 38.043 173.276
51.097 945.472 157.25 335.147 480.504 183.6 802.926 546.809 141.367 627.6 521.947 680.365 432.492 609.417 731.074 751.142 837.464 734.92 1000000000.0 8.738 691.306 812.39 409.393 589.418 845.247 811.405 35.013 607.52 545.025 119.178 252.499 430.585 430.664 93.608 11.329 231.985 721.115 278.875 703.817 894.305 446.83 180.109 908.609 680.23 421.891 487.103 388.594 73.371 510.079 842.341 928.3 303.672 585.795 893.228 273.956 674.903 52.484 232.083 642.846 38.667 362.789 146.425 664.548 70.663 473.395 311.204 348.317 391.947 737.948 206.75 782.73 326.882 594.828 997.953 594.499 804.056 750.509 651.568 494.93 684.871 388.783 719.181 43.237 284.524 842.013 207.432 658.575 589.061 627.125 72.994 116.106 548.602 837.791 516.275 501.505 382.437 164.71 487.05 655.838 745.741
526.753 437.995 689.207 213.861 570.771 699.047 870.528 326.907 933.569 372.481 571.414 597.739 105.675 637.19 368.08 768.425 40.453 964.573 8.738 1000000000.0 28.446 999.342 844.7 488.26 571.838 56.458 135.954 236.718 696.653 808.917 987.517 816.268 457.586 544.91 292.496 640.739 947.068 950.687 530.67 903.416 152.482 233.789 855.965 304.466 571.416 336.819 856.613 950.319 341.42 292.784 349.348 335.945 639.633 968.582 254.899 617.874 532.514 526.58 396.445 197.03 910.38 483.162 237.245 160.779 699.915 784.753 731.0 505.248 562.239 497.737 533.057 458.268 732.122 470.377 317.332 931.199 126.619 212.697 267.731 544.765 289.605 354.847 638.895 875.637 167.678 808.248 47.338 362.31 774.709 856.253 681.92 170.108 504.905 973.099 668.132 664.652 217.522 771.653 812.392 678.297
584.571 163.925 38.578 800.935 696.167 965.344 316.324 813.934 448.215 348.317 845.277 466.374 386.998 346.301 944.121 535.022 205.489 7.567 691.306 28.446 1000000000.0 579.106 442.342 354.047 447.594 19.108 392.26 838.799 427.499 723.853 134.185 308.9 795.503 671.207 73.175 339.286 433.745 13.692 221.809 118.762 98.688 719.122 93.357 983.91 406.113 177.545 582.32 22.324 563.543 833.056 454.666 610.919 478.983 329.754 25.759 111.396 81.594 708.173 728.578 379.656 191.523 203.539 320.431 102.005 541.233 880.419 901.374 727.844 352.073 176.559 474.702 845.382 467.777 154.735 140.654 58.978 208.743 710.025 992.831 895.572 108.768 917.254 197.965 990.753 125.509 385.534 518.756 58.578 721.103 814.115 790.452 397.265 466.667 989.959 213.034 706.241 108.614 864.616 134.889 818.3
974.393 410.884 309.915 434.621 238.719 923.475 667.133 863.26 331.129 585.985 21.165 566.454 97.456 174.918 964.353 50.592 903.774 95.329 812.39 999.342 579.106 1000000000.0 205.655 181.337 991.93 768.23 240.34 17.59 441.153 160.858 309.84 477.139 813.823 766.583 487.379 245.39 509.411 408.802 50.333 139.046 183.04 247.881 711.531 997.429 779.006 130.62 964.5 391.065 742.715 795.6 854.558 979.354 10.764 623.544 334.91 620.406 428.839 300.671 388.723 181.769 468.807 188.552 303.639 939.492 963.673 606.034 589.502 941.608 172.946 605.38 853.343 319.336 64.943 45.539 89.08 975.396 873.947 135.773 638.151 570.874 558.758 875.846 39.596 541.479 698.307 316.922 648.551 55.373 53.609 366.818 507.59 616.332 989.902 439.561 398.472 478.767 794.995 736.736 775.858 349.753
308.607 344.878 108.422 773.726 714.812 785.753 49.603 229.213 669.372 628.648 793.411 875.656 51.104 769.073 451.515 280.686 642.299 428.334 409.393 844.7 442.342 205.655 1000000000.0 508.547 109.25 973.347 172.294 556.303 10.526 500.857 443.449 991.675 581.009 128.975 638.839 912.015 859.77 881.072 74.325 50.771 644.639 179.003 212.967 343.059 982.036 850.533 996.61 315.077 442.265 421.865 522.148 686.906 725.328 255.122 353.944 583.642 519.895 760.067 796.478 127.309 225.35 691.56 462.031 695.038 339.29 706.236 301.078 424.085 380.362 824.607 101.701 846.54 999.732 812.916 607.313 186.026 702.567 128.654 923.709 562.026 158.432 80.554 159.061 154.296 800.952 616.37 246.568 518.655 194.096 308.31 991.922 140.5 226.822 378.601 240.421 590.251 96.268 878.895 236.976 824.139
87.952 41.855 536.802 373.109 770.559 572.501 613.977 360.495 124.921 40.932 539.994 290.222 675.47 306.406 439.001 976.683 817.755 627.126 589.418 488.26 354.047 181.337 508.547 1000000000.0 307.971 256.434 291.278 361.274 274.968 170.615 561.051 821.52 205.338 405.605 995.88 332.789 369.795 332.737 787.027 845.26 325.464 850.62 104.735 921.578 200.367 688.268 988.431 439.231 915.89 402.696 78.78 805.777 210.47 384.068 937.075 319.32 792.766 112.576 413.316 669.308 117.642 9.076 225.083 357.577 698.605 34.763 915.017 289.522 170.293 100.749 193.945 359.725 152.373 476.828 15.186 185.293 124.458 726.92 903.614 959.633 697.316 246.684 600.515 310.496 966.067 604.913 754.166 540.172 992.708 921.554 438.086 698.134 110.828 281.4 910.513 639.025 123.871 641.511 716.909 671.776
200.161 141.007 517.825 33.319 397.564 367.017 996.999 251.576 824.74 131.041 56.976 432.581 114.936 482.673 155.984 779.781 618.978 672.106 845.247 571.838 447.594 991.93 109.25 307.971 1000000000.0 542.566 204.471 497.738 629.366 653.637 83.825 232.924 228.055 149.298 937.6 304.582 924.483 742.857 39.179 599.56 52.239 513.041 365.127 867.184 757.902 994.741 298.221 413.165 120.485 265.817 936.257 82.605 840.277 762.357 606.876 491.685 964.26 30.914 446.885 989.093 810.001 774.059 724.12 993.628 787.243 905.32 691.778 232.455 954.491 717.409 155.356 198.745 635.11 774.41 997.312 173.035 109.982 515.219 8.423 790.385 552.878 179.704 4.287 760.432 838.497 712.21 361.597 926.645 125.377 264.15 652.698 884.104 867.183 618.812 141.404 823.713 44.825 13.923 655.815 400.434
895.628 380.259 175.429 632.063 153.719 628.593 442.083 1.016 628.161 56.929 22.313 619.484 754.793 407.041 822.186 721.183 579.88 173.007 811.405 56.458 19.108 768.23 973.347 256.434 542.566 1000000000.0 742.123 222.31 338.656 13.408 685.849 131.498 993.535 471.223 713.018 927.645 959.687 173.407 220.886 506.421 163.982 513.06 295.826 194.326 554.388 788.778 598.062 571.28 364.776 507.043 892.996 426.273 102.021 167.78 333.128 864.066 530.998 828.92 459.491 558.638 334.734 649.227 357.767 677.196 574.698 464.117 293.791 265.872 954.323 904.641 736.682 349.989 836.347 987.319 380.231 557.515 857.283 749.522 614.584 635.211 768.674 343.88 67.299 743.097 700.52 878.212 419.622 130.039 847.621 772.073 631.114 470.818 871.897 57.728 459.471 250.273 265.878 355.12 772.095 686.929
376.091 51.374 809.155 516.929 753.709 272.097 703.476 549.154 768.885 237.962 866.443 955.289 78.407 845.941 985.595 34.459 471.913 429.917 35.013 135.954 392.26 240.34 172.294 291.278 204.471 742.123 1000000000.0 684.919 141.541 919.386 390.182 184.809 589.433 76.178 733.142 950.563 766.909 163.67 472.521 188.844 524.943 754.637 245.414 565.981 834.826 149.872 740.191 452.542 850.407 118.972 841.598 40.945 647.195 808.345 894.947 159.121 944.786 38.285 624.834 85.796 538.245 221.839 692.817 390.096 737.841 877.931 674.103 107.925 149.397 326.267 9.161 909.195 822.476 129.934 868.812 605.282 594.235 807.743 456.292 344.276 54.871 725.953 259.916 843.577 716.488 558.458 465.439 763.78 692.226 366.508 682.839 684.419 283.388 428.477 704.324 357.995 762.726 634.878 5.682 149.159
622.569 282.744 256.007 40.031 439.63 77.962 935.367 274.974 400.169 214.538 391.241 969.816 437.423 949.011 640.487 839.228 775.207 166.967 607.52 236.718 838.799 17.59 556.303 361.274 497.738 222.31 684.919 1000000000.0 118.667 321.142 458.284 242.004 9.738 938.462 546.54 311.224 290.795 836.781 738.387 799.172 874.476 469.023 633.529 877.019 354.244 98.795 941.617 244.819 540.606 602.836 93.607 28.57 321.386 846.457 841.661 398.54 797.792 841.239 332.257 429.45 324.489 661.06 263.229 74.865 708.558 182.27 66.847 870.074 150.637 208.241 911.721 753.078 759.433 891.056 4.135 245.084 431.756 579.625 78.405 284.957 823.106 682.205 675.435 843.382 809.871 172.877 681.262 802.194 927.097 892.061 382.082 608.293 259.129 571.934 163.787 205.211 347.473 887.549 611.665 853.173
612.6 789.76 887.154 678.095 593.979 593.452 818.585 807.296 602.189 557.236 152.183 952.22 468.943 781.66 488.397 32.484 829.688 5.647 545.025 696.653 427.499 441.153 10.526 274.968 629.366 338.656 141.541 118.667 1000000000.0 694.825 746.923 91.738 784.724 137.141 314.69 403.114 586.331 23.695 903.337 14.09 643.043 418.616 686.774 34.41 515.387 739.595 715.15 43.502 759.403 165.05 265.48 727.176 674.171 83.157 781.027 993.596 312.777 977.544 844.244 5.916 520.965 358.202 873.604 481.379 670.147 12.857 2.368 736.246 376.451 654.904 219.997 929.024 164.403 484.629 57.744 601.901 606.294 518.657 66.585 570.659 615.713 951.026 890.173 127.132 566.431 373.284 868.388 825.065 427.912 229.651 957.266 821.399 783.799 242.39 231.221 748.105 178.623 196.361 211.671 34.755
146.685 734.33 716.353 378.612 755.528 942.09 800.688 407.243 243.75 355.356 29.665 764.064 984.26 124.297 534.219 476.614 775.7 575.507 119.178 808.917 723.853 160.858 500.857 170.615 653.637 13.408 919.386 321.142 694.825 1000000000.0 46.668 748.257 579.301 809.524 813.183 532.656 608.166 184.209 222.602 671.155 659.834 845.95 557.802 552.604 492.805 685.026 62.378 847.716 926.372 259.649 299.536 558.421 338.476 618.373 645.485 979.271 995.752 221.059 473.186 602.106 968.162 37.863 788.046 979.058 174.187 756.204 206.601 650.701 417.729 62.82 414.577 949.718 522.22 981.183 344.735 645.676 223.118 88.516 611.806 307.391 355.173 23.966 776.97 50.61 278.337 816.657 228.489 677.369 418.725 277.664 5.851 465.661 915.119 257.159 224.286 925.79 529.331 467.359 265.943 769.214
869.201 200.023 371.648 747.394 71.175 609.853 659.062 966.505 145.37 560.369 181.421 98.977 181.466 560.281 916.597 31.602 217.548 94.262 252.499 987.517 134.185 309.84 443.449 561.051 83.825 685.849 390.182 458.284 746.923 46.668 1000000000.0 228.219 549.427 90.699 586.929 559.907 674.861 290.648 715.951 359.272 828.37 379.758 844.695 272.93 463.126 525.848 635.727 691.519 959.999 732.39 447.548 437.613 486.951 314.966 726.642 34.023 758.83 560.366 449.559 678.322 179.009 890.417 603.947 763.732 204.964 363.648 362.435 881.376 851.48 120.473 950.716 330.934 839.888 183.388 174.614 936.919 140.695 635.614 608.292 340.867 711.129 334.929 773.888 412.976 566.619 398.158 306.906 415.577 65.289 468.312 562.663 298.204 730.147 358.146 537.715 14.717 394.488 2.211 369.208 303.324
84.531 588.034 190.935 36.088 134.271 883.998 193.141 68.195 584.839 833.401 324.288 863.51 590.338 343.489 12.494 708.594 759.32 655.988 430.585 816.268 308.9 477.139 991.675 821.52 232.924 131.498 184.809 242.004 91.738 748.257 228.219 1000000000.0 200.449 518.002 767.323 880.249 640.188 631.635 566.879 993.09 234.75 511.81 69.098 592.164 117.281 603.177 918.961 900.895 480.895 847.299 542.337 276.511 531.488 798.265 610.55 72.012 87.141 311.972 489.232 286.597 436.434 760.075 549.662 337.79 676.289 220.952 147.656 201.162 707.879 462.482 240.818 857.418 924.283 943.281 290.581 778.743 36.189 503.106 292.962 810.008 685.317 472.91 732.654 782.195 446.237 494.223 360.117 45.12 233.802 764.169 498.936 14.611 844.841 192.501 965.594 862.937 704.671 236.75 174.663 485.248
821.535 150.126 745.381 571.753 431.901 625.41 419.863 462.609 679.15 175.294 493.134 594.905 451.386 940.512 254.868 969.899 149.742 830.378 430.664 457.586 795.503 813.823 581.009 205.338 228.055 993.535 589.433 9.738 784.724 579.301 549.427 200.449 1000000000.0 664.667 377.477 873.32 691.302 558.145 292.501 621.573 46.137 491.474 271.584 489.448 170.988 442.547 570.588 672.476 964.348 194.435 611.305 916.82 31.889 101.741 169.798 702.229 5.185 151.72 349.1 360.505 348.249 484.699 516.04 283.113 646.573 694.333 693.832 100.551 480.435 970.243 969.739 950.245 409.38 600.79 247.034 270.382 347.146 468.935 904.858 811.186 559.644 289.588 419.03 200.69 198.723 167.7 93.409 801.87 914.687 545.779 913.44 842.51 181.981 942.298 72.627 25.111 874.399 135.683 586.662 249.986
454.706 503.924 832.09 993.758 746.579 361.373 184.682 48.127 886.531 523.21 693.963 38.634 317.268 720.651 322.557 808.722 113.41 910.471 93.608 544.91 671.207 766.583 128.975 405.605 149.298 471.223 76.178 938.462 137.141 809.524 90.699 518.002 664.667 1000000000.0 988.12 118.239 881.449 56.334 381.736 20.008 442.785 705.372 914.62 16.238 25.469 885.752 742.707 176.157 802.204 167.475 4.482 389.593 844.515 984.763 788.682 325.78 154.317 25.902 507.943 526.914 79.522 937.106 106.636 555.801 511.803 96.03 994.542 844.6 795.784 586.362 488.183 115.749 884.522 350.974 616.359 482.141 37.095 583.836 659.451 876.927 397.081 247.819 59.092 739.195 425.756 110.063 723.845 156.991 221.52 51.291 529.331 88.349 16.597 932.151 52.388 957.749 247.043 74.946 134.811 7.648
110.927 409.341 370.823 166.532 746.072 900.563 649.297 382.345 440.474 701.032 879.951 694.937 973.948 622.444 499.937 715.481 73.266 917.289 11.329 292.496 73.175 487.379 638.839 995.88 937.6 713.018 733.142 546.54 314.69 813.183 586.929 767.323 377.477 988.12 1000000000.0 699.785 462.758 908.318 769.959 332.058 700.516 844.494 612.963 35.567 270.354 92.868 249.231 692.497 972.098 363.148 605.338 841.794 524.404 813.607 440.357 873.945 386.373 222.146 127.895 580.13 119.55 7.681 800.644 392.649 226.957 989.488 961.769 673.686 387.481 94.696 261.286 488.705 479.316 726.902 335.914 608.893 355.438 89.429 692.838 402.223 164.032 70.959 71.017 124.365 406.638 104.722 925.857 551.777 416.549 542.131 27.998 885.546 157.779 735.969 619.785 382.892 571.707 652.114 561.806 195.858
250.207 771.669 81.805 927.971 382.546 414.647 383.925 718.755 878.224 355.631 892.901 371.311 532.552 997.23 134.854 19.6 22.664 513.322 231.985 640.739 339.286 245.39 912.015 332.789 304.582 927.645 950.563 311.224 403.114 532.656 559.907 880.249 873.32 118.239 699.785 1000000000.0 259.535 948.683 907.288 794.78 217.904 732.993 988.967 544.828 6.113 399.851 233.109 948.824 228.717 92.364 640.106 244.142 384.374 691.809 451.658 363.852 498.887 77.842 809.151 679.428 55.634 265.371 804.622 428.773 350.206 285.919 514.777 750.162 243.306 911.946 740.262 895.02 886.644 343.941 443.574 513.243 561.898 684.108 829.184 427.824 93.631 718.941 546.695 884.676 551.792 591.879 64.266 997.786 358.696 164.199 111.701 43.562 217.83 436.454 358.221 892.806 244.69 839.95 29.348 630.477
940.843 816.207 737.359 521.564 517.067 452.93 80.183 640.165 172.714 982.602 315.827 232.069 609.738 523.827 167.094 675.586 437.305 782.262 721.115 947.068 433.745 509.411 859.77 369.795 924.483 959.687 766.909 290.795 586.331 608.166 674.861 640.188 691.302 881.449 462.758 259.535 1000000000.0 369.646 32.331 751.638 473.749 347.107 868.458 295.314 323.51 510.086 87.996 55.571 500.695 222.113 213.006 168.521 520.038 735.184 710.369 568.022 450.863 816.939 430.432 699.196 66.033 308.107 690.95 338.111 963.097 817.772 50.888 160.39 678.654 799.799 980.045 349.883 125.111 739.16 128.6 508.844 143.782 552.555 354.024 213.054 488.939 901.934 907.864 902.011 606.738 609.81 57.686 583.856 144.374 274.562 992.443 309.694 180.304 662.589 182.844 719.877 412.985 677.069 802.027 162.236
114.506 91.764 539.759 235.002 123.824 903.208 814.003 233.589 30.166 557.681 474.17 558.663 340.264 470.05 94.541 31.919 398.729 685.881 278.875 950.687 13.692 408.802 881.072 332.737 742.857 173.407 163.67 836.781 23.695 184.209 290.648 631.635 558.145 56.334 908.318 948.683 369.646 1000000000.0 583.996 637.428 264.123 556.319 319.089 453.112 54.096 100.505 395.687 260.325 79.05 756.76 204.335 802.443 588.942 169.25 586.432 870.076 745.059 567.499 562.603 330.022 1.804 477.597 655.657 118.369 399.03 893.919 916.566 777.607 291.147 817.672 909.519 886.678 127.589 975.813 912.18 481.273 15.635 740.69 656.792 159.586 996.262 708.651 202.11 427.654 247.524 920.198 290.906 563.849 459.066 446.69 954.38 741.113 480.493 296.78 35.591 47.42 77.992 406.858 434.147 657.973
572.839 817.857 631.883 338.196 910.252 95.531 978.393 482.367 526.462 573.381 340.325 712.919 804.185 568.209 635.549 197.758 908.623 821.411 703.817 530.67 221.809 50.333 74.325 787.027 39.179 220.886 472.521 738.387 903.337 222.602 715.951 566.879 292.501 381.736 769.959 907.288 32.331 583.996 1000000000.0 623.742 964.037 68.471 460.847 742.59 561.696 404.561 453.166 34.331 323.085 857.785 748.62 780.128 391.551 873.168 902.021 672.521 154.727 756.117 369.932 865.892 561.885 378.225 343.899 515.356 472.52 770.722 57.034 266.398 795.539 413.431 254.733 787.21 249.808 221.707 904.309 769.62 848.303 915.688 58.442 311.038 980.598 82.366 5.737 603.672 947.552 926.185 795.001 162.236 933.619 463.042 858.807 921.76 982.198 481.307 357.326 866.23 818.047 201.138 876.825 788.054
435.097 435.7 889.261 115.227 811.418 514.692 833.324 687.318 651.88 600.182 473.138 565.643 855.77 418.436 625.813 236.454 237.808 448.112 894.305 903.416 118.762 139.046 50.771 845.26 599.56 506.421 188.844 799.172 14.09 671.155 359.272 993.09 621.573 20.008 332.058 794.78 751.638 637.428 623.742 1000000000.0 162.284 563.554 697.234 262.735 150.073 372.363 691.368 557.854 546.591 477.768 162.514 263.248 118.204 485.804 355.656 119.782 331.346 988.594 602.054 927.987 828.545 451.557 301.2 703.649 240.454 288.086 562.596 605.952 797.198 616.071 640.306 399.081 236.473 411.122 366.344 825.569 39.039 638.222 813.282 585.494 338.291 633.871 237.197 976.081 413.369 442.925 893.549 77.52 754.488 654.904 153.772 231.828 425.243 435.596 415.455 416.048 687.074 63.359 341.909 414.803
534.445 1.485 277.299 56.561 691.058 668.302 983.771 339.161 599.238 772.248 468.495 682.061 943.445 845.83 245.438 877.442 470.595 821.44 446.83 152.482 98.688 183.04 644.639 325.464 52.239 163.982 524.943 874.476 643.043 659.834 828.37 234.75 46.137 442.785 700.516 217.904 473.749 264.123 964.037 162.284 1000000000.0 761.492 57.54 636.866 287.759 583.627 169.509 826.205 463.38 829.708 359.996 192.013 856.772 957.512 536.556 144.98 321.338 903.689 962.002 749.803 86.924 280.735 959.913 634.105 5.139 646.438 713.138 290.937 80.425 478.545 968.962 171.612 481.532 416.857 813.527 116.814 635.24 169.804 631.132 937.687 518.831 394.868 126.92 801.096 807.393 177.482 535.235 708.926 788.139 747.102 623.438 191.212 611.944 906.44 813.57 67.787 557.661 78.88 13.703 553.028
243.266 887.049 618.177 418.599 174.213 925.6 310.01 837.419 334.644 677.227 647.971 249.687 68.221 792.034 866.326 749.858 834.754 93.231 180.109 233.789 719.122 247.881 179.003 850.62 513.041 513.06 754.637 469.023 418.616 845.95 379.758 511.81 491.474 705.372 844.494 732.993 347.107 556.319 68.471 563.554 761.492 1000000000.0 529.906 864.743 259.379 674.029 120.233 567.227 159.681 381.729 633.024 87.955 873.936 235.36 516.53 629.503 401.942 40.328 221.688 460.99 887.204 866.5 268.398 391.023 926.514 696.431 678.531 270.321 204.027 768.615 204.145 125.092 755.359 830.56 256.854 137.901 175.29 574.753 997.342 472.861 912.936 579.724 977.512 221.191 289.458 8.254 803.398 350.719 248.005 573.737 70.755 53.739 997.999 205.854 870.234 420.221 565.53 386.476 22.24 305.808
852.525 876.349 755.516 604.296 604.21 557.775 75.688 473.903 995.644 757.263 974.648 156.687 348.642 622.89 762.1 84.354 419.506 537.957 908.609 855.965 93.357 711.531 212.967 104.735 365.127 295.826 245.414 633.529 686.774 557.802 844.695 69.098 271.584 914.62 612.963 988.967 868.458 319.089 460.847 697.234 57.54 529.906 1000000000.0 858.795 674.272 595.83 701.507 981.74 177.945 632.496 994.593 548.155 902.649 621.03 750.852 407.219 714.444 795.148 989.327 779.293 608.069 206.377 282.033 13.129 311.042 617.926 224.514 92.071 637.855 357.935 932.923 132.805 213.94 803.344 445.594 109.849 105.501 295.179 357.316 65.661 465.803 234.983 361.996 817.673 576.763 441.466 818.928 884.684 703.061 150.025 431.462 708.284 404.304 206.139 72.897 848.599 953.862 618.597 780.085 365.258
935.94 674.383 363.305 977.294 955.183 480.787 920.251 169.056 530.144 29.31 279.228 822.245 356.339 413.114 375.846 808.168 128.833 56.842 680.23 304.466 983.91 997.429 343.059 921.578 867.184 194.326 565.981 877.019 34.41 552.604 272.93 592.164 489.448 16.238 35.567 544.828 295.314 453.112 742.59 262.735 636.866 864.743 858.795 1000000000.0 75.463 923.239 349.839 733.308 65.876 300.419 500.718 797.82 595.189 275.871 307.992 902.294 912.592 382.39 278.641 757.207 334.15 880.095 448.795 914.069 516.328 260.085 747.292 389.847 321.201 973.256 90.313 273.489 388.036 687.875 594.16 53.957 474.557 685.661 965.604 413.5 375.593 493.278 551.416 143.798 782.399 229.401 836.363 71.782 41.387 378.28 843.252 865.353 15.732 391.35 872.084 949.538 812.849 388.61 114.174 1.046
293.004 445.898 488.435 498.894 92.811 312.939 837.931 914.183 745.003 923.485 233.728 994.581 334.047 82.744 459.734 396.221 587.554 324.08 421.891 571.416 406.113 779.006 982.036 200.367 757.902 554.388 834.826 354.244 515.387 492.805 463.126 117.281 170.988 25.469 270.354 6.113 323.51 54.096 561.696 150.073 287.759 259.379 674.272 75.463 1000000000.0 433.928 440.775 962.18 636.554 324.621 258.642 735.705 467.773 567.196 463.845 506.358 419.582 143.82 945.045 25.186 439.383 711.1 770.805 36.461 628.823 140.756 559.911 240.742 991.679 347.407 461.583 688.097 592.765 695.868 369.91 870.077 311.017 268.54 958.309 12.144 327.499 270.029 981.695 527.047 611.508 715.83 398.436 406.972 301.338 952.861 737.034 509.288 536.358 384.117 462.198 952.873 504.898 625.737 132.091 173.688
80.394 532.804 378.454 587.798 245.185 733.379 963.608 220.235 76.591 209.75 714.638 403.996 200.432 245.474 597.182 368.808 121.623 222.864 487.103 336.819 177.545 130.62 850.533 688.268 994.741 788.778 149.872 98.795 739.595 685.026 525.848 603.177 442.547 885.752 92.868 399.851 510.086 100.505 404.561 372.363 583.627 674.029 595.83 923.239 433.928 1000000000.0 616.297 814.974 34.996 298.663 565.044 664.441 42.895 373.157 132.729 861.962 72.268 936.843 906.071 90.235 233.303 307.354 872.419 553.855 409.615 227.296 366.176 777.438 996.797 296.372 75.429 619.123 77.622 407.517 865.927 103.439 867.629 672.964 571.953 684.294 673.664 425.47 600.757 143.914 207.956 520.332 390.129 851.108 504.533 440.169 457.817 77.856 896.082 658.65 445.792 242.354 846.413 445.866 296.615 418.041
60.611 359.729 624.373 142.577 885.45 460.865 784.866 660.563 267.065 519.285 664.696 368.948 446.932 46.947 675.87 850.154 754.526 907.725 388.594 856.613 582.32 964.5 996.61 988.431 298.221 598.062 740.191 941.617 715.15 62.378 635.727 918.961 570.588 742.707 249.231 233.109 87.996 395.687 453.166 691.368 169.509 120.233 701.507 349.839 440.775 616.297 1000000000.0 524.666 317.494 648.814 499.211 521.587 28.291 66.569 260.671 67.724 659.266 198.373 695.966 86.709 125.765 710.36 964.053 368.684 607.913 919.581 485.148 706.628 558.439 868.141 432.456 82.758 191.847 429.268 485.594 836.051 260.394 15.189 898.827 104.04 438.375 486.647 933.135 266.102 819.684 972.42 109.783 388.261 988.657 505.182 695.738 569.059 49.081 10.329 791.841 504.312 487.994 58.12 448.347 819.527
868.565 425.582 672.038 571.568 946.459 811.173 218.203 527.399 900.359 940.932 444.757 380.25 588.472 635.948 285.992 586.758 894.494 795.942 73.371 950.319 22.324 391.065 315.077 439.231 413.165 571.28 452.542 244.819 43.502 847.716 691.519 900.895 672.476 176.157 692.497 948.824 55.571 260.325 34.331 557.854 826.205 567.227 981.74 733.308 962.18 814.974 524.666 1000000000.0 245.626 710.937 383.648 379.096 99.048 11.42 605.827 119.197 905.012 239.608 185.036 464.716 355.536 491.82 679.768 718.976 672.228 281.392 294.839 631.482 789.986 555.685 643.016 693.865 936.821 534.268 893.218 995.319 996.235 21.316 887.794 910.312 441.027 7.411 876.431 601.849 437.522 339.684 668.526 746.947 757.811 63.144 424.556 355.352 6.774 594.265 557.808 487.795 137.37 913.232 308.423 52.358
856.528 246.011 519.2 334.978 829.925 872.496 732.322 728.153 393.009 699.103 437.617 909.226 91.351 67.834 432.276 982.981 683.559 579.278 510.079 341.42 563.543 742.715 442.265 915.89 120.485 364.776 850.407 540.606 759.403 926.372 959.999 480.895 964.348 802.204 972.098 228.717 500.695 79.05 323.085 546.591 463.38 159.681 177.945 65.876 636.554 34.996 317.494 245.626 1000000000.0 5.423 43.658 363.361 347.959 364.521 347.584 807.264 194.347 166.766 125.284 868.99 812.07 89.814 76.194 28.049 9.797 473.795 707.963 59.997 578.297 836.125 870.952 525.479 174.243 117.093 254.031 654.354 881.902 217.717 992.654 956.014 237.184 410.425 246.796 860.342 785.767 516.934 555.521 319.498 277.237 421.675 651.733 888.488 814.454 494.562 768.036 237.043 756.222 345.546 9.408 550.696
818.698 851.66 9.017 654.006 92.782 617.104 898.006 245.384 577.262 340.434 605.185 338.155 856.663 143.065 901.207 594.294 766.067 181.008 842.341 292.784 833.056 795.6 421.865 402.696 265.817 507.043 118.972 602.836 165.05 259.649 732.39 847.299 194.435 167.475 363.148 92.364 222.113 756.76 857.785 477.768 829.708 381.729 632.496 300.419 324.621 298.663 648.814 710.937 5.423 1000000000.0 360.361 96.401 120.36 866.442 864.266 218.353 173.309 602.897 478.207 321.151 608.334 315.551 543.697 307.379 207.537 159.707 618.114 887.314 14.787 125.234 551.633 43.863 393.859 394.909 684.582 742.357 585.231 345.867 291.074 25.158 342.25 119.097 553.173 919.606 713.057 111.175 173.106 949.145 245.91 805.096 29.573 219.83 104.656 893.261 841.285 35.119 599.591 160.395 55.806 791.577
966.471 48.497 535.437 776.166 115.95 776.079 658.73 720.026 75.966 815.866 619.458 488.412 958.109 468.744 903.929 232.608 900.114 479.367 928.3 349.348 454.666 854.558 522.148 78.78 936.257 892.996 841.598 93.607 265.48 299.536 447.548 542.337 611.305 4.482 605.338 640.106 213.006 204.335 748.62 162.514 359.996 633.024 994.593 500.718 258.642 565.044 499.211 383.648 43.658 360.361 1000000000.0 144.433 35.887 659.941 289.926 52.441 280.836 382.666 690.802 447.565 279.037 924.93 385.771 768.606 576.07 53.738 999.96 124.004 251.018 640.584 883.756 249.951 210.659 283.277 862.387 922.923 563.54 53.883 824.741 487.015 62.523 691.153 103.409 168.835 944.379 598.804 779.847 250.738 125.602 285.015 775.656 849.223 124.747 167.55 592.694 236.867 962.79 556.426 943.112 979.958
