100
1000000000.0 842.524 773.303 394.553 288.657 544.546 291.587 707.336 326.413 653.941 690.957 570.344 932.599 33.401 558.678 117.251 558.894 69.33 54.595 335.859 561.794 554.925 7.224 375.238 779.052 84.347 733.801 774.022 16.343 320.185 206.026 774.332 339.56 149.658 150.335 87.347 579.456 667.17 327.522 237.099 913.534 857.544 73.861 164.586 791.776 75.192 495.838 468.803 276.999 356.824 496.375 429.299 789.439 420.983 277.58 686.885 766.609 640.648 66.049 363.109 188.151 861.795 72.273 505.081 113.992 34.728 951.841 734.893 134.511 976.193 267.299 97.759 991.073 624.493 367.047 199.89 57.755 618.865 930.932 707.679 479.041 701.99 715.315 110.921 415.347 844.015 782.005 717.051 912.719 87.351 604.757 527.376 91.252 800.196 592.471 47.676 273.917 913.933 999.47 933.46
842.524 1000000000.0 11.576 252.204 299.457 732.662 340.612 256.825 978.089 882.169 778.951 871.507 658.504 539.584 930.912 191.456 25.333 941.812 120.668 29.945 215.192 422.219 727.68 868.562 349.253 315.2 354.109 854.806 407.723 512.752 863.791 875.434 877.59 668.483 740.639 827.836 945.841 9.948 462.321 496.32 688.507 173.93 366.717 549.344 639.922 700.506 115.487 332.53 995.296 833.305 678.091 727.317 739.858 667.178 229.67 745.408 939.695 789.627 1.644 165.946 377.481 180.274 139.796 454.216 558.636 603.836 684.602 538.466 164.845 775.284 491.145 325.388 605.626 181.715 832.958 88.081 955.503 316.193 524.946 706.091 530.269 240.114 367.322 236.449 89.124 487.236 486.95 941.851 702.06 195.651 608.48 116.726 180.335 821.533 78.465 370.967 673.977 611.438 497.077 934.728
773.303 11.576 1000000000.0 987.31 716.867 635.513 95.05 132.573 731.683 68.186 272.982 13.128 69.943 195.614 823.005 593.575 76.06 864.937 607.518 786.362 57.661 807.185 474.482 714.875 705.373 507.337 590.012 753.71 552.047 258.663 911.436 818.141 618.615 147.367 474.965 94.701 92.745 442.604 709.659 949.26 898.832 549.703 220.576 495.929 405.847 101.904 719.476 218.452 342.194 761.252 139.467 323.6 452.896 223.54 272.746 905.779 113.489 161.222 630.382 727.613 892.908 724.107 469.561 889.425 83.334 770.774 506.298 590.079 170.864 292.215 824.464 701.743 523.695 802.544 539.754 563.706 94.209 440.955 113.464 573.855 640.589 291.336 439.781 541.048 868.582 468.787 356.537 807.575 982.356 743.214 369.081 189.15 592.687 453.344 40.98 476.816 379.939 436.641 733.01 541.957
394.553 252.204 987.31 1000000000.0 195.12 911.595 257.474 235.467 695.383 2.712 378.223 234.006 799.161 344.536 111.639 667.723 355.07 888.0 338.035 321.251 337.505 640.801 542.369 245.089 813.387 199.753 14.248 324.116 483.506 830.066 516.875 343.591 965.727 400.284 335.131 918.25 566.413 860.175 815.494 894.02 87.385 347.236 869.667 313.551 397.64 199.669 618.863 250.702 867.592 61.99 591.783 262.25 960.967 397.801 112.537 848.213 106.121 808.569 394.772 33.236 839.826 584.23 481.369 370.657 571.203 777.254 354.414 278.928 870.797 937.294 965.787 395.96 685.95 58.596 92.826 908.754 672.128 41.665 379.867 301.663 192.754 348.917 374.8 718.672 247.345 549.313 561.417 449.502 293.099 34.022 652.241 168.242 648.248 590.687 421.285 453.306 179.12 747.056 461.92 240.489
288.657 299.457 716.867 195.12 1000000000.0 653.821 385.416 94.069 488.717 205.725 867.543 68.041 618.929 798.29 63.637 89.386 836.234 140.366 805.94 97.732 791.951 743.702 187.957 830.485 637.967 412.679 99.088 461.226 268.403 542.31 720.318 253.913 85.718 378.354 904.563 219.558 386.45 731.473 966.937 947.761 893.572 541.967 289.979 114.946 613.164 897.401 469.026 11.772 718.935 344.827 585.91 213.756 503.603 536.398 968.808 644.475 210.583 898.011 799.611 714.541 511.231 927.87 758.091 499.34 127.955 900.631 980.647 925.003 837.15 617.025 470.882 93.336 147.98 934.83 638.224 962.954 419.057 917.932 300.613 734.209 897.479 63.111 421.529 911.152 873.952 416.985 389.912 409.915 639.817 48.136 325.41 470.045 280.937 164.95 175.417 589.895 707.153 426.426 555.008 220.922
544.546 732.662 635.513 911.595 653.821 1000000000.0 88.042 369.35 929.316 882.872 311.804 302.516 744.076 892.877 110.363 899.943 499.938 453.362 953.812 685.187 876.157 341.327 82.552 586.275 806.635 813.24 275.453 631.358 910.623 274.354 654.151 288.332 992.646 356.86 871.343 623.17 419.103 931.887 874.701 743.359 774.395 750.169 647.463 61.587 128.453 979.822 857.896 518.707 626.274 884.185 742.789 39.386 839.644 941.465 320.844 809.573 809.491 34.44 229.443 818.271 354.374 269.265 82.752 467.78 233.274 417.492 991.027 497.582 890.172 464.413 715.129 798.079 300.826 719.719 896.935 581.056 405.178 600.663 307.365 173.972 618.741 498.204 514.549 292.642 849.04 494.934 293.341 95.015 334.204 192.222 618.616 566.133 83.562 947.731 13.185 374.206 683.733 207.244 655.69 917.923
291.587 340.612 95.05 257.474 385.416 88.042 1000000000.0 776.946 491.196 253.922 120.956 434.449 315.749 333.189 186.922 584.828 906.967 783.595 364.449 299.733 670.429 753.289 622.352 873.033 466.52 988.867 939.985 620.572 502.668 677.186 711.613 97.716 582.507 116.915 823.352 671.941 28.664 486.191 294.157 596.122 715.732 898.324 708.804 993.349 575.497 922.198 292.331 841.843 997.836 885.658 253.559 215.735 552.944 807.594 505.47 552.125 430.04 788.293 829.657 512.337 781.791 975.904 226.192 631.903 216.003 122.274 822.214 960.002 188.948 169.704 777.761 436.598 219.363 946.8 419.416 524.391 848.963 359.498 698.562 258.814 649.441 864.945 184.115 334.967 982.14 333.59 583.642 951.007 944.803 380.309 982.499 711.783 823.452 438.885 217.882 306.128 86.856 356.568 158.671 69.603
707.336 256.825 132.573 235.467 94.069 369.35 776.946 1000000000.0 515.293 317.141 858.837 861.139 119.327 131.078 178.71 445.544 287.676 156.293 662.867 566.551 334.652 35.86 499.98 541.921 937.691 792.872 700.988 614.079 714.441 627.274 243.695 616.387 359.416 947.106 145.029 576.499 122.366 519.898 750.596 794.273 31.263 312.764 933.323 424.778 405.749 537.04 175.149 905.02 979.329 127.241 492.78 561.151 967.656 734.682 964.259 550.406 82.042 563.081 444.14 173.152 982.27 869.326 430.671 837.388 137.922 90.503 312.47 899.722 242.905 427.225 574.62 60.661 998.762 402.458 410.188 198.728 361.399 621.719 160.0 505.666 519.864 108.8 582.495 524.987 227.957 266.126 814.17 323.712 751.08 80.81 182.816 241.677 751.222 573.909 365.493 796.042 67.579 381.91 644.702 188.471
326.413 978.089 731.683 695.383 488.717 929.316 491.196 515.293 1000000000.0 639.556 292.888 923.011 376.867 160.491 861.041 346.264 752.983 525.252 687.644 16.693 141.292 922.728 350.965 687.965 342.174 795.596 939.897 867.177 737.952 732.232 46.28 358.377 104.6 365.627 352.019 600.232 787.158 481.61 676.799 656.981 780.241 660.354 559.043 826.494 528.493 649.225 287.683 21.595 64.544 678.429 235.286 504.976 83.203 939.039 478.768 90.484 79.693 573.051 769.679 968.651 270.197 797.904 599.059 990.174 849.544 851.853 906.405 188.578 589.778 410.063 84.937 363.556 165.871 972.794 900.432 449.887 740.886 37.99 549.864 486.375 157.584 237.345 425.671 972.836 539.696 638.747 863.139 219.486 468.608 994.953 469.265 352.217 769.663 176.668 516.011 400.893 900.281 974.534 102.946 178.098
653.941 882.169 68.186 2.712 205.725 882.872 253.922 317.141 639.556 1000000000.0 676.705 330.548 411.193 423.715 723.049 564.309 130.704 502.092 77.229 399.296 88.291 3.637 305.434 812.787 230.792 604.454 760.807 760.077 361.369 347.654 273.729 391.526 745.418 166.118 740.169 581.034 800.722 561.183 454.497 989.806 711.676 854.343 743.071 548.231 239.7 800.812 981.917 517.338 855.198 262.736 348.251 620.973 814.673 376.941 616.272 720.302 234.027 306.612 639.631 565.206 696.121 97.76 5.399 73.927 549.75 27.334 293.129 475.382 926.495 554.649 582.242 222.031 783.515 648.204 471.258 879.211 137.367 118.452 116.362 741.792 258.272 677.288 857.475 323.472 381.242 555.054 647.066 134.923 225.499 494.246 857.258 566.23 198.34 976.147 266.57 706.185 99.816 874.814 61.065 964.697
690.957 778.951 272.982 378.223 867.543 311.804 120.956 858.837 292.888 676.705 1000000000.0 836.696 595.411 354.002 927.858 169.142 554.905 953.27 781.053 996.357 414.753 843.731 847.176 702.829 941.378 625.415 167.507 256.954 617.712 979.224 793.053 321.288 885.24 802.822 181.807 932.522 297.306 15.335 20.721 216.246 424.384 353.112 99.709 77.195 886.709 72.049 444.821 622.324 541.288 508.312 140.796 895.724 376.63 10.361 67.889 976.024 113.095 68.577 432.326 110.088 164.42 160.975 636.705 348.483 187.009 131.068 454.489 845.638 186.452 848.895 989.588 920.661 239.799 639.031 634.749 6.668 261.779 500.645 510.525 656.537 255.648 871.958 906.2 26.437 121.395 913.863 572.947 38.359 126.916 281.192 959.379 896.402 453.691 372.364 741.838 816.94 683.949 810.601 17.105 676.706
570.344 871.507 13.128 234.006 68.041 302.516 434.449 861.139 923.011 330.548 836.696 1000000000.0 845.586 817.812 428.968 365.655 169.317 197.956 589.586 331.892 871.548 345.061 546.723 410.838 843.752 529.929 153.209 655.573 738.913 200.72 679.926 854.474 444.352 432.905 679.018 693.684 905.059 729.514 996.611 51.467 910.535 111.746 435.694 115.019 745.937 30.139 468.564 798.994 55.256 879.481 393.852 233.032 153.755 813.894 383.904 473.767 92.816 73.725 268.796 251.315 532.674 338.563 97.607 78.975 130.222 298.924 351.183 133.699 228.03 989.607 970.791 121.201 385.419 598.639 393.765 210.723 184.614 359.06 257.623 409.349 440.755 657.733 211.378 265.226 231.439 174.721 957.433 722.994 318.598 457.584 955.469 686.434 157.906 140.273 758.807 62.673 405.862 652.789 213.835 794.088
932.599 658.504 69.943 799.161 618.929 744.076 315.749 119.327 376.867 411.193 595.411 845.586 1000000000.0 304.035 901.069 6.043 858.625 969.417 130.351 830.918 737.177 270.104 819.452 436.31 964.154 537.601 844.411 451.879 917.615 329.074 777.013 500.892 795.921 20.469 29.303 279.573 833.93 947.867 127.795 959.319 95.907 477.49 330.604 452.979 687.062 870.996 953.17 624.575 640.054 623.898 931.79 545.656 507.319 861.518 854.645 962.805 20.21 439.392 315.143 381.452 579.045 386.484 580.623 248.973 173.058 51.111 244.403 742.038 362.387 283.158 387.069 723.838 899.102 703.227 146.243 635.969 649.69 786.109 822.984 800.18 719.545 135.932 941.852 420.632 962.744 878.251 476.753 709.329 201.93 254.548 949.634 450.989 687.434 123.303 210.87 146.545 881.386 744.242 540.113 441.633
33.401 539.584 195.614 344.536 798.29 892.877 333.189 131.078 160.491 423.715 354.002 817.812 304.035 1000000000.0 267.783 83.618 258.111 228.787 782.886 426.28 379.312 64.505 709.936 652.576 554.454 111.348 123.688 857.331 474.04 344.835 440.127 325.688 726.513 826.915 123.939 242.276 836.632 58.937 382.636 262.445 44.093 308.11 905.463 956.449 322.919 715.655 465.45 164.214 693.884 629.667 583.975 419.325 461.391 839.57 676.401 266.068 637.62 73.639 79.656 799.228 981.936 633.361 169.644 130.154 667.44 344.284 49.935 481.377 248.283 251.676 134.076 780.65 775.193 553.249 664.074 38.212 425.141 162.675 89.941 159.484 167.945 733.796 957.924 443.471 237.768 627.477 446.805 302.426 195.504 991.87 687.071 761.075 369.44 847.644 818.813 724.139 861.996 676.533 456.618 352.228
558.678 930.912 823.005 111.639 63.637 110.363 186.922 178.71 861.041 723.049 927.858 428.968 901.069 267.783 1000000000.0 223.529 367.184 349.399 544.048 864.387 635.588 68.199 92.102 69.074 999.919 72.987 391.358 401.853 780.205 156.899 473.583 651.841 741.961 821.106 38.071 578.505 804.116 976.021 905.6 915.798 657.017 989.921 224.063 560.363 699.816 464.651 968.6 72.87 641.264 412.096 815.252 659.17 970.756 547.116 412.012 788.281 287.334 253.441 135.726 332.924 1.547 803.51 768.262 230.384 498.16 964.034 865.868 524.872 209.845 990.529 635.717 784.437 573.955 502.311 37.234 552.418 341.023 628.73 289.882 375.818 284.317 603.711 892.889 112.054 187.849 566.076 162.987 177.277 373.435 21.432 921.858 613.235 212.498 161.863 535.318 86.61 956.778 820.492 626.436 883.369
117.251 191.456 593.575 667.723 89.386 899.943 584.828 445.544 346.264 564.309 169.142 365.655 6.043 83.618 223.529 1000000000.0 326.169 36.073 844.953 775.011 677.241 927.407 930.597 542.077 11.723 250.52 355.581 968.383 169.755 321.861 704.934 167.92 673.801 533.624 899.96 238.419 228.698 547.489 133.74 930.966 834.072 20.905 393.035 27.263 905.054 860.093 391.615 79.497 198.539 169.608 207.485 189.519 993.943 719.967 140.011 407.761 533.188 119.794 514.46 27.738 536.688 407.457 644.29 553.953 129.338 444.892 770.872 521.815 91.826 247.645 139.907 83.458 128.699 239.542 715.772 419.328 346.695 85.773 344.358 990.106 100.536 974.395 727.74 468.308 214.189 166.332 588.573 835.472 586.706 659.465 70.775 915.496 316.488 376.465 58.257 293.819 322.763 63.992 376.398 299.14
558.894 25.333 76.06 355.07 836.234 499.938 906.967 287.676 752.983 130.704 554.905 169.317 858.625 258.111 367.184 326.169 1000000000.0 293.065 800.386 364.335 770.195 986.001 13.795 573.805 208.54 611.693 866.909 779.757 149.592 439.156 436.345 907.915 164.639 5.79 364.884 623.626 775.832 686.015 679.231 80.011 296.398 779.469 524.564 534.521 969.401 974.475 66.551 620.95 112.727 267.293 302.666 978.354 771.392 861.62 694.564 507.849 880.752 185.014 271.325 929.155 757.032 602.344 634.683 622.207 177.758 920.259 455.75 122.224 222.712 710.177 359.68 173.863 856.884 494.109 545.277 334.617 702.747 476.06 237.612 72.956 341.381 984.868 564.281 153.114 955.343 259.314 510.886 229.028 604.939 764.577 865.679 640.633 839.035 900.125 196.553 647.351 615.923 499.208 123.682 235.22
69.33 941.812 864.937 888.0 140.366 453.362 783.595 156.293 525.252 502.092 953.27 197.956 969.417 228.787 349.399 36.073 293.065 1000000000.0 852.846 643.862 690.421 809.535 324.391 686.282 785.458 727.545 722.268 555.737 572.064 225.959 393.602 757.951 480.604 250.993 685.065 570.629 881.173 557.818 761.395 549.81 495.201 554.723 532.629 922.03 992.374 386.547 878.609 546.873 535.668 672.864 729.852 849.647 455.225 224.892 978.625 719.134 513.661 743.17 806.179 754.259 283.944 384.516 101.943 620.714 207.695 392.612 498.06 146.396 440.281 535.698 574.963 687.606 906.015 328.619 827.12 813.534 258.613 516.034 586.875 844.435 43.796 2.795 287.394 700.717 24.982 99.564 249.631 474.433 858.571 72.158 327.725 27.779 320.28 977.42 65.131 24.973 909.245 785.64 968.246 310.038
54.595 120.668 607.518 338.035 805.94 953.812 364.449 662.867 687.644 77.229 781.053 589.586 130.351 782.886 544.048 844.953 800.386 852.846 1000000000.0 319.03 289.739 595.509 928.532 158.672 806.863 907.587 531.257 661.986 184.091 845.304 235.999 624.647 622.037 49.287 39.447 176.489 718.734 141.133 884.719 978.329 38.18 292.025 346.572 270.918 267.346 413.639 804.615 577.146 732.71 619.642 248.741 347.714 272.693 695.605 223.443 306.34 829.855 612.568 750.135 840.401 937.331 857.34 939.394 408.798 3.402 487.371 5.441 804.283 512.334 885.533 44.603 472.404 987.411 797.459 656.098 214.777 472.359 149.942 251.763 313.266 187.502 839.359 385.99 319.594 579.683 681.277 677.722 176.792 961.693 283.185 263.161 824.055 970.274 508.353 670.469 707.128 404.832 937.954 506.512 848.736
335.859 29.945 786.362 321.251 97.732 685.187 299.733 566.551 16.693 399.296 996.357 331.892 830.918 426.28 864.387 775.011 364.335 643.862 319.03 1000000000.0 390.363 352.802 308.685 280.74 35.165 290.745 749.711 786.898 38.299 881.794 784.615 305.033 643.776 158.562 781.798 799.107 37.804 329.466 675.284 268.568 29.481 690.47 597.291 244.293 62.831 918.704 930.748 138.81 134.871 948.455 68.494 57.165 992.245 799.367 860.235 2.73 727.033 821.566 751.874 416.401 580.986 192.392 463.432 11.641 76.474 698.788 907.756 384.75 567.403 531.382 941.336 991.242 524.238 429.594 946.95 353.524 4.574 646.505 265.367 23.421 719.143 2.09 949.858 44.896 286.51 166.299 390.61 375.009 25.555 886.53 142.638 575.381 40.708 144.222 946.255 183.655 161.728 299.433 185.097 969.347
561.794 215.192 57.661 337.505 791.951 876.157 670.429 334.652 141.292 88.291 414.753 871.548 737.177 379.312 635.588 677.241 770.195 690.421 289.739 390.363 1000000000.0 398.985 5.534 265.469 206.293 423.991 727.248 785.235 92.107 657.616 772.697 759.023 21.177 708.241 948.929 733.478 612.45 143.674 121.178 274.439 306.163 422.474 823.74 532.153 969.523 906.135 238.095 842.182 479.219 278.514 207.945 458.194 818.449 815.568 242.048 582.102 267.704 851.011 124.446 292.905 319.699 848.494 105.646 238.362 769.266 409.603 937.39 116.928 363.728 330.354 706.385 565.287 923.799 679.919 588.055 328.672 318.841 327.908 79.531 770.428 72.859 713.13 978.333 684.349 672.222 676.772 973.951 600.365 149.86 96.601 778.873 233.557 404.46 131.819 99.685 82.206 988.144 980.51 206.794 916.913
554.925 422.219 807.185 640.801 743.702 341.327 753.289 35.86 922.728 3.637 843.731 345.061 270.104 64.505 68.199 927.407 986.001 809.535 595.509 352.802 398.985 1000000000.0 316.778 86.195 269.439 991.86 694.386 834.057 883.28 100.754 513.621 356.286 27.076 923.53 241.576 11.605 138.046 883.457 106.772 349.621 175.562 34.672 416.22 642.744 47.883 230.788 628.461 95.741 731.747 893.046 154.034 772.687 160.759 648.953 132.372 259.225 374.28 294.735 168.073 789.894 646.459 873.563 430.261 286.74 724.108 229.248 511.918 489.722 357.167 762.382 549.83 130.473 850.591 738.929 753.328 662.328 945.574 11.697 549.745 244.461 672.439 265.995 491.629 495.376 673.388 372.017 992.645 241.814 652.038 951.881 803.256 533.845 412.549 563.229 911.993 932.713 198.868 455.37 442.977 604.604
7.224 727.68 474.482 542.369 187.957 82.552 622.352 499.98 350.965 305.434 847.176 546.723 819.452 709.936 92.102 930.597 13.795 324.391 928.532 308.685 5.534 316.778 1000000000.0 99.421 400.672 75.704 276.473 912.431 140.624 663.474 773.937 602.22 390.554 580.831 390.004 632.469 280.674 200.853 247.078 110.783 911.349 617.009 225.539 400.324 214.682 933.877 325.039 393.211 533.605 510.865 700.177 82.988 389.463 817.666 980.901 287.098 686.149 124.521 768.428 121.414 259.972 883.774 371.7 703.166 650.509 175.596 505.269 156.827 77.744 375.337 514.84 408.186 971.087 910.883 706.471 769.694 152.435 710.483 258.37 478.598 894.257 112.513 188.538 239.583 412.474 645.059 959.411 673.284 206.537 162.081 833.021 661.907 763.673 465.869 276.095 234.872 638.874 315.209 885.16 684.628
375.238 868.562 714.875 245.089 830.485 586.275 873.033 541.921 687.965 812.787 702.829 410.838 436.31 652.576 69.074 542.077 573.805 686.282 158.672 280.74 265.469 86.195 99.421 1000000000.0 253.557 335.253 212.08 605.47 338.77 322.072 183.433 151.489 463.448 5.696 220.674 1.658 329.731 500.004 642.075 541.078 276.91 936.051 850.728 429.67 276.43 845.036 292.105 984.781 743.287 351.661 916.83 184.472 227.225 183.863 286.539 826.22 334.486 950.407 135.763 421.966 348.792 515.524 703.347 292.008 381.585 861.398 343.351 16.524 256.885 747.959 338.539 969.217 339.111 232.505 148.312 126.55 679.229 395.433 586.215 585.897 17.197 869.987 298.532 416.0 765.019 536.178 100.739 413.595 222.783 576.607 489.42 289.803 704.96 508.69 554.942 355.881 104.28 98.225 44.077 444.41
779.052 349.253 705.373 813.387 637.967 806.635 466.52 937.691 342.174 230.792 941.378 843.752 964.154 554.454 999.919 11.723 208.54 785.458 806.863 35.165 206.293 269.439 400.672 253.557 1000000000.0 295.777 372.171 452.411 357.43 836.036 829.069 235.97 501.65 939.667 29.158 59.665 573.889 733.429 578.694 867.501 344.852 64.7 460.951 349.026 784.492 490.58 180.462 998.11 867.406 949.853 947.215 866.868 241.998 519.161 945.154 501.776 100.102 646.207 760.39 566.616 329.765 632.819 250.174 962.648 141.796 589.357 291.258 235.2 191.845 256.377 771.924 427.992 560.631 76.589 332.316 13.687 185.667 897.309 354.899 874.072 105.319 407.104 100.375 905.36 369.196 179.395 961.767 966.818 922.19 706.134 255.231 236.878 874.477 221.846 823.003 189.744 219.415 582.208 85.207 113.664
84.347 315.2 507.337 199.753 412.679 813.24 988.867 792.872 795.596 604.454 625.415 529.929 537.601 111.348 72.987 250.52 611.693 727.545 907.587 290.745 423.991 991.86 75.704 335.253 295.777 1000000000.0 813.005 544.861 129.874 234.976 618.056 876.436 153.283 134.062 643.291 316.626 701.502 686.218 290.572 88.358 8.642 457.022 171.85 782.962 526.257 524.807 85.837 317.25 315.038 746.522 950.828 619.452 599.763 614.312 92.43 611.845 445.681 730.426 319.94 192.592 139.967 916.552 521.254 129.59 213.523 564.087 654.929 337.9 385.018 306.52 70.157 583.49 685.164 221.874 364.02 86.054 90.429 596.217 751.35 874.018 670.843 815.962 593.247 765.453 219.168 292.746 516.096 446.368 839.93 861.735 443.23 567.778 781.49 748.287 565.155 878.647 803.231 618.577 510.582 593.923
733.801 354.109 590.012 14.248 99.088 275.453 939.985 700.988 939.897 760.807 167.507 153.209 844.411 123.688 391.358 355.581 866.909 722.268 531.257 749.711 727.248 694.386 276.473 212.08 372.171 813.005 1000000000.0 725.044 280.019 879.463 44.322 342.322 781.413 580.382 531.673 358.934 332.805 877.718 504.601 720.449 852.682 822.605 365.826 571.765 934.163 326.663 447.809 869.794 681.985 734.974 767.986 606.638 907.253 335.296 603.909 637.067 218.761 785.319 862.888 627.843 239.547 324.092 335.273 571.72 975.869 739.153 349.035 463.742 883.06 50.504 625.264 534.139 219.009 719.989 339.67 246.855 510.09 143.496 445.991 27.306 33.85 505.277 584.052 625.426 132.708 273.496 402.074 224.142 494.772 622.419 240.162 724.679 232.04 853.338 359.31 602.185 924.835 598.066 596.421 397.95
774.022 854.806 753.71 324.116 461.226 631.358 620.572 614.079 867.177 760.077 256.954 655.573 451.879 857.331 401.853 968.383 779.757 555.737 661.986 786.898 785.235 834.057 912.431 605.47 452.411 544.861 725.044 1000000000.0 585.601 490.063 739.57 566.587 204.625 397.108 340.308 926.479 751.142 575.119 217.896 953.045 310.119 803.407 338.372 979.231 715.858 15.604 46.262 2.275 706.617 438.47 716.91 517.304 360.008 108.772 956.734 548.838 82.275 799.625 222.964 106.077 664.807 601.818 148.472 257.558 951.268 198.243 463.644 560.907 178.057 591.921 71.323 272.206 178.605 58.043 491.921 888.409 274.39 251.584 27.097 583.268 611.603 510.305 4.584 575.266 525.782 415.767 184.466 418.337 766.952 254.999 647.277 423.14 193.925 281.804 513.489 986.36 379.747 109.426 558.806 765.262
16.343 407.723 552.047 483.506 268.403 910.623 502.668 714.441 737.952 361.369 617.712 738.913 917.615 474.04 780.205 169.755 149.592 572.064 184.091 38.299 92.107 883.28 140.624 338.77 357.43 129.874 280.019 585.601 1000000000.0 623.309 260.497 733.654 172.353 789.266 974.964 87.147 517.706 717.299 339.005 796.009 503.03 286.037 79.101 693.919 324.468 948.62 697.449 538.198 30.637 356.905 166.777 822.17 626.887 304.842 93.067 423.973 491.003 874.297 220.366 691.008 17.227 59.76 445.824 734.326 53.496 624.291 361.542 576.523 36.085 4.719 551.926 762.158 585.135 62.402 487.491 31.387 849.065 664.848 959.585 111.559 367.866 498.332 442.692 624.207 908.757 664.597 106.271 917.039 965.817 679.794 370.914 639.995 573.239 465.286 883.964 358.88 552.399 253.272 82.025 809.207
320.185 512.752 258.663 830.066 542.31 274.354 677.186 627.274 732.232 347.654 979.224 200.72 329.074 344.835 156.899 321.861 439.156 225.959 845.304 881.794 657.616 100.754 663.474 322.072 836.036 234.976 879.463 490.063 623.309 1000000000.0 450.709 592.948 527.111 761.885 513.282 192.085 923.747 382.131 491.686 378.605 755.318 751.305 927.522 762.179 567.902 467.404 565.792 645.22 899.063 348.406 80.447 441.047 577.744 563.419 415.332 352.913 776.981 921.819 784.085 759.296 458.143 51.195 822.342 371.855 186.337 427.782 427.667 997.882 785.89 989.208 386.071 886.649 489.428 575.206 570.609 5.345 941.637 991.79 362.615 296.339 879.702 499.401 131.415 213.695 357.717 942.408 754.559 62.194 249.484 213.693 829.093 633.716 770.264 210.918 365.459 398.232 766.98 246.851 927.698 768.428
206.026 863.791 911.436 516.875 720.318 654.151 711.613 243.695 46.28 273.729 793.053 679.926 777.013 440.127 473.583 704.934 436.345 393.602 235.999 784.615 772.697 513.621 773.937 183.433 829.069 618.056 44.322 739.57 260.497 450.709 1000000000.0 544.465 572.454 367.803 386.599 827.728 477.958 912.755 396.944 308.529 418.283 101.691 460.138 160.474 138.843 15.548 995.663 654.911 641.293 60.104 786.367 995.343 468.482 806.257 482.239 493.601 192.506 876.818 879.449 187.393 870.195 308.809 981.896 805.006 26.584 245.477 954.477 231.992 891.825 690.85 269.218 655.886 51.063 386.735 281.287 784.205 310.392 228.891 93.02 592.412 388.384 830.097 209.448 681.179 107.303 242.617 531.82 200.347 942.608 957.343 480.255 378.473 256.175 392.687 743.111 395.815 830.585 809.881 255.356 757.534
774.332 875.434 818.141 343.591 253.913 288.332 97.716 616.387 358.377 391.526 321.288 854.474 500.892 325.688 651.841 167.92 907.915 757.951 624.647 305.033 759.023 356.286 602.22 151.489 235.97 876.436 342.322 566.587 733.654 592.948 544.465 1000000000.0 195.231 367.843 645.697 92.486 630.178 126.507 16.734 905.109 899.55 103.555 369.054 74.974 252.516 52.505 56.372 974.166 644.447 121.654 6.808 197.408 315.788 465.482 621.974 102.89 36.445 221.602 114.491 930.371 679.134 329.034 35.221 586.876 763.184 205.366 812.116 77.551 508.518 898.619 261.88 155.083 910.155 893.061 222.848 721.479 384.898 790.183 717.719 129.145 146.41 930.184 529.391 731.086 496.05 39.646 884.179 563.406 324.279 326.455 874.673 16.352 464.95 981.281 536.477 605.249 372.178 821.016 694.544 997.233
339.56 877.59 618.615 965.727 85.718 992.646 582.507 359.416 104.6 745.418 885.24 444.352 795.921 726.513 741.961 673.801 164.639 480.604 622.037 643.776 21.177 27.076 390.554 463.448 501.65 153.283 781.413 204.625 172.353 527.111 572.454 195.231 1000000000.0 232.913 210.742 422.697 970.454 566.269 413.224 622.702 399.049 363.72 621.556 650.413 666.051 533.486 20.134 738.305 965.278 201.85 307.289 109.22 487.167 798.418 818.03 716.693 656.002 388.243 994.051 409.389 88.142 278.403 856.498 202.007 729.566 349.492 767.353 43.986 729.614 70.136 924.961 886.302 63.322 260.952 771.635 230.175 30.405 513.082 922.066 824.252 133.432 40.245 828.133 180.528 707.925 775.381 560.907 15.27 668.152 955.764 877.505 224.985 342.74 65.116 774.977 488.373 226.929 239.775 996.667 274.697
149.658 668.483 147.367 400.284 378.354 356.86 116.915 947.106 365.627 166.118 802.822 432.905 20.469 826.915 821.106 533.624 5.79 250.993 49.287 158.562 708.241 923.53 580.831 5.696 939.667 134.062 580.382 397.108 789.266 761.885 367.803 367.843 232.913 1000000000.0 770.021 943.593 928.825 950.772 301.061 341.295 765.229 251.109 840.596 23.599 710.983 897.306 426.278 750.971 884.516 996.455 442.409 59.589 826.493 113.943 929.252 396.066 419.223 364.232 492.755 669.099 814.132 914.531 970.581 696.854 594.605 576.881 107.057 147.095 359.002 208.782 224.832 457.531 179.268 372.919 587.003 679.12 14.394 407.571 688.612 220.665 11.145 459.382 632.388 948.374 195.677 790.329 133.505 749.835 209.05 851.088 408.56 920.706 345.017 441.593 399.258 986.525 674.968 593.937 508.712 238.352
150.335 740.639 474.965 335.131 904.563 871.343 823.352 145.029 352.019 740.169 181.807 679.018 29.303 123.939 38.071 899.96 364.884 685.065 39.447 781.798 948.929 241.576 390.004 220.674 29.158 643.291 531.673 340.308 974.964 513.282 386.599 645.697 210.742 770.021 1000000000.0 361.789 844.89 621.212 712.34 662.715 133.8 954.165 66.363 936.333 720.282 761.118 190.649 14.436 416.668 651.418 71.999 525.436 373.142 785.65 147.223 248.022 277.257 488.343 304.763 555.319 676.124 836.571 15.321 636.219 909.302 81.163 966.113 824.017 82.227 50.633 497.483 402.622 993.29 83.917 746.435 585.344 462.874 373.646 959.911 584.201 682.1 366.739 297.585 402.376 270.752 351.572 286.238 70.864 711.107 796.56 423.792 152.031 694.574 448.094 478.654 849.943 894.049 203.389 275.741 21.738
87.347 827.836 94.701 918.25 219.558 623.17 671.941 576.499 600.232 581.034 932.522 693.684 279.573 242.276 578.505 238.419 623.626 570.629 176.489 799.107 733.478 11.605 632.469 1.658 59.665 316.626 358.934 926.479 87.147 192.085 827.728 92.486 422.697 943.593 361.789 1000000000.0 287.35 470.548 934.475 851.698 6.938 306.779 2.609 45.374 590.204 847.174 959.081 680.35 874.349 837.671 265.071 206.158 705.782 885.776 662.912 899.684 821.04 281.761 177.437 409.804 288.473 488.773 606.838 580.214 206.648 243.101 337.264 496.448 455.454 292.825 804.716 311.896 393.832 252.918 891.02 262.37 628.92 593.73 567.197 506.203 476.795 609.442 11.392 892.018 725.485 840.091 949.459 871.967 844.669 569.871 768.025 670.287 264.811 136.112 472.927 325.717 701.491 229.631 209.053 323.526
579.456 945.841 92.745 566.413 386.45 419.103 28.664 122.366 787.158 800.722 297.306 905.059 833.93 836.632 804.116 228.698 775.832 881.173 718.734 37.804 612.45 138.046 280.674 329.731 573.889 701.502 332.805 751.142 517.706 923.747 477.958 630.178 970.454 928.825 844.89 287.35 1000000000.0 782.235 265.013 465.407 721.284 291.062 478.736 134.08 703.326 203.474 844.977 110.558 78.886 583.408 56.56 821.266 925.68 679.051 479.722 193.622 383.484 752.906 503.803 199.746 450.186 793.802 999.9 351.678 492.964 44.155 140.759 362.078 433.288 516.119 401.937 465.306 344.73 590.586 578.749 808.391 179.062 371.138 567.586 986.891 406.237 966.986 769.217 493.945 820.964 319.728 326.98 76.287 472.324 972.952 103.466 959.933 994.805 580.48 914.382 705.51 204.052 509.298 948.102 606.318
667.17 9.948 442.604 860.175 731.473 931.887 486.191 519.898 481.61 561.183 15.335 729.514 947.867 58.937 976.021 547.489 686.015 557.818 141.133 329.466 143.674 883.457 200.853 500.004 733.429 686.218 877.718 575.119 717.299 382.131 912.755 126.507 566.269 950.772 621.212 470.548 782.235 1000000000.0 863.576 692.056 563.269 173.558 759.778 75.052 61.811 708.428 592.643 162.896 585.888 863.152 936.054 642.794 741.102 120.301 578.76 514.82 250.07 292.136 585.701 324.751 155.309 885.445 813.677 865.396 390.089 143.834 574.095 489.175 894.506 665.835 954.469 982.483 789.456 641.118 78.787 105.771 360.491 162.909 425.827 785.024 624.915 5.481 283.243 990.715 973.49 493.661 204.235 379.504 722.407 690.415 345.358 696.574 630.299 950.231 337.793 264.309 343.458 259.8 192.55 262.819
327.522 462.321 709.659 815.494 966.937 874.701 294.157 750.596 676.799 454.497 20.721 996.611 127.795 382.636 905.6 133.74 679.231 761.395 884.719 675.284 121.178 106.772 247.078 642.075 578.694 290.572 504.601 217.896 339.005 491.686 396.944 16.734 413.224 301.061 712.34 934.475 265.013 863.576 1000000000.0 427.753 796.024 822.772 683.122 407.531 198.685 163.898 653.56 997.42 189.875 923.827 865.619 761.819 649.961 439.282 767.075 626.472 58.026 228.574 737.832 884.623 282.039 409.909 332.568 872.573 94.318 627.191 650.298 506.529 994.917 581.907 568.113 705.744 778.811 117.038 894.177 359.648 188.988 530.425 184.37 742.357 238.708 364.703 490.209 722.526 801.299 435.111 793.39 695.227 454.361 828.939 69.311 294.436 676.947 869.449 194.483 881.831 21.038 98.395 105.809 177.965
237.099 496.32 949.26 894.02 947.761 743.359 596.122 794.273 656.981 989.806 216.246 51.467 959.319 262.445 915.798 930.966 80.011 549.81 978.329 268.568 274.439 349.621 110.783 541.078 867.501 88.358 720.449 953.045 796.009 378.605 308.529 905.109 622.702 341.295 662.715 851.698 465.407 692.056 427.753 1000000000.0 880.823 596.697 914.347 108.07 555.707 766.095 306.922 551.948 332.469 223.767 804.791 280.534 55.287 2.113 592.184 838.653 448.13 292.632 768.296 425.631 21.201 221.343 54.888 79.981 565.157 355.246 2.783 446.282 551.202 97.731 467.971 45.627 34.734 337.195 13.964 182.721 193.363 369.215 796.057 326.214 65.496 426.467 25.079 838.494 337.049 841.415 929.441 241.821 190.672 976.143 274.229 526.256 374.713 219.171 158.297 394.774 675.411 942.808 513.197 378.174
913.534 688.507 898.832 87.385 893.572 774.395 715.732 31.263 780.241 711.676 424.384 910.535 95.907 44.093 657.017 834.072 296.398 495.201 38.18 29.481 306.163 175.562 911.349 276.91 344.852 8.642 852.682 310.119 503.03 755.318 418.283 899.55 399.049 765.229 133.8 6.938 721.284 563.269 796.024 880.823 1000000000.0 722.933 291.925 385.617 91.559 683.772 364.765 103.485 545.823 345.674 588.03 181.62 196.48 146.463 373.238 137.223 58.866 516.496 75.046 67.11 871.904 822.674 139.75 607.065 557.144 104.223 954.377 482.106 310.942 726.411 932.922 731.456 531.387 943.437 469.012 763.658 103.312 428.249 687.807 30.311 818.633 500.227 95.169 999.489 200.618 15.611 436.147 664.571 490.34 990.471 324.555 377.785 836.993 950.281 663.256 180.512 260.067 232.98 56.733 335.052
857.544 173.93 549.703 347.236 541.967 750.169 898.324 312.764 660.354 854.343 353.112 111.746 477.49 308.11 989.921 20.905 779.469 554.723 292.025 690.47 422.474 34.672 617.009 936.051 64.7 457.022 822.605 803.407 286.037 751.305 101.691 103.555 363.72 251.109 954.165 306.779 291.062 173.558 822.772 596.697 722.933 1000000000.0 268.031 5.515 452.443 221.622 299.076 2.748 450.597 827.236 419.871 644.191 434.253 396.933 517.451 322.692 78.236 444.556 902.836 293.337 298.105 156.474 864.868 767.12 899.692 117.484 235.931 949.703 974.866 158.362 623.534 32.158 864.903 489.9 163.49 6.613 817.808 769.714 287.403 801.982 581.948 833.148 784.827 329.91 811.12 769.931 139.942 972.316 637.9 816.289 256.973 818.704 748.392 826.258 930.138 593.242 408.273 95.696 491.801 988.417
73.861 366.717 220.576 869.667 289.979 647.463 708.804 933.323 559.043 743.071 99.709 435.694 330.604 905.463 224.063 393.035 524.564 532.629 346.572 597.291 823.74 416.22 225.539 850.728 460.951 171.85 365.826 338.372 79.101 927.522 460.138 369.054 621.556 840.596 66.363 2.609 478.736 759.778 683.122 914.347 291.925 268.031 1000000000.0 479.145 111.127 472.54 271.596 526.069 283.672 491.494 415.436 631.205 652.013 99.704 57.711 278.759 645.173 711.169 388.069 394.698 179.283 255.712 152.529 773.839 478.343 559.894 225.967 500.194 763.788 754.251 190.798 629.191 976.223 827.761 427.305 140.647 464.536 96.075 638.318 12.268 724.258 906.658 28.846 414.779 399.725 862.236 184.254 203.758 836.323 567.916 668.765 440.401 213.532 695.102 636.024 27.138 233.635 392.782 139.424 29.408
164.586 549.344 495.929 313.551 114.946 61.587 993.349 424.778 826.494 548.231 77.195 115.019 452.979 956.449 560.363 27.263 534.521 922.03 270.918 244.293 532.153 642.744 400.324 429.67 349.026 782.962 571.765 979.231 693.919 762.179 160.474 74.974 650.413 23.599 936.333 45.374 134.08 75.052 407.531 108.07 385.617 5.515 479.145 1000000000.0 697.826 652.117 821.483 607.463 175.719 463.057 190.649 469.168 169.701 516.327 29.119 34.057 174.593 780.065 475.053 613.236 933.817 536.688 509.296 236.455 416.521 256.633 562.82 90.042 844.653 136.889 801.829 826.164 659.683 398.494 990.331 578.175 876.169 140.495 83.801 238.26 716.644 707.377 299.692 413.275 2.061 546.698 717.956 379.409 757.69 382.01 248.408 792.434 963.022 486.574 624.522 586.298 891.033 118.177 578.843 247.579
791.776 639.922 405.847 397.64 613.164 128.453 575.497 405.749 528.493 239.7 886.709 745.937 687.062 322.919 699.816 905.054 969.401 992.374 267.346 62.831 969.523 47.883 214.682 276.43 784.492 526.257 934.163 715.858 324.468 567.902 138.843 252.516 666.051 710.983 720.282 590.204 703.326 61.811 198.685 555.707 91.559 452.443 111.127 697.826 1000000000.0 869.191 228.369 621.575 24.207 395.047 114.349 61.602 781.625 900.533 381.88 820.421 998.653 720.234 696.712 750.387 463.372 805.467 897.98 456.723 498.234 703.4 99.722 968.936 686.743 677.95 160.108 497.939 169.234 631.873 911.29 39.319 971.251 675.327 875.207 267.84 166.663 64.554 936.879 881.958 138.636 784.602 698.936 850.871 365.662 546.969 20.464 964.816 157.222 210.263 213.105 974.557 28.697 726.789 338.044 671.117
75.192 700.506 101.904 199.669 897.401 979.822 922.198 537.04 649.225 800.812 72.049 30.139 870.996 715.655 464.651 860.093 974.475 386.547 413.639 918.704 906.135 230.788 933.877 845.036 490.58 524.807 326.663 15.604 948.62 467.404 15.548 52.505 533.486 897.306 761.118 847.174 203.474 708.428 163.898 766.095 683.772 221.622 472.54 652.117 869.191 1000000000.0 186.329 294.477 505.34 557.547 431.005 741.601 139.776 411.291 687.88 540.312 107.422 993.508 778.984 240.567 841.095 187.768 781.991 13.184 611.675 350.225 764.561 102.667 843.096 782.768 659.196 566.234 335.135 663.571 46.767 142.513 649.288 823.204 675.744 629.595 214.14 315.331 747.958 902.727 844.757 795.075 671.234 411.642 905.894 909.8 132.591 610.552 306.719 530.327 808.736 114.325 389.274 80.234 192.658 270.634
495.838 115.487 719.476 618.863 469.026 857.896 292.331 175.149 287.683 981.917 444.821 468.564 953.17 465.45 968.6 391.615 66.551 878.609 804.615 930.748 238.095 628.461 325.039 292.105 180.462 85.837 447.809 46.262 697.449 565.792 995.663 56.372 20.134 426.278 190.649 959.081 844.977 592.643 653.56 306.922 364.765 299.076 271.596 821.483 228.369 186.329 1000000000.0 845.22 47.178 974.131 28.89 349.48 434.015 191.534 88.897 760.821 922.769 45.681 216.222 139.47 149.725 581.179 639.473 770.984 485.343 428.654 253.505 529.17 272.135 930.112 529.415 390.839 68.416 714.748 364.253 837.936 8.445 209.729 407.053 581.908 594.867 228.663 730.539 468.072 392.326 26.12 324.969 796.064 570.691 490.651 957.395 922.099 762.529 779.911 817.603 725.167 725.527 952.839 732.448 426.759
468.803 332.53 218.452 250.702 11.772 518.707 841.843 905.02 21.595 517.338 622.324 798.994 624.575 164.214 72.87 79.497 620.95 546.873 577.146 138.81 842.182 95.741 393.211 984.781 998.11 317.25 869.794 2.275 538.198 645.22 654.911 974.166 738.305 750.971 14.436 680.35 110.558 162.896 997.42 551.948 103.485 2.748 526.069 607.463 621.575 294.477 845.22 1000000000.0 264.635 781.896 951.747 231.69 673.09 732.199 852.599 314.667 632.032 61.109 983.701 338.646 134.278 726.453 834.109 535.302 288.072 192.245 360.562 883.116 173.486 352.513 481.242 874.137 216.606 493.383 433.832 79.794 922.454 741.968 119.831 55.719 123.942 66.419 942.262 768.81 846.28 718.709 203.771 288.69 34.736 579.651 943.906 571.354 340.186 200.729 508.723 802.104 573.502 370.808 427.108 48.694
276.999 995.296 342.194 867.592 718.935 626.274 997.836 979.329 64.544 855.198 541.288 55.256 640.054 693.884 641.264 198.539 112.727 535.668 732.71 134.871 479.219 731.747 533.605 743.287 867.406 315.038 681.985 706.617 30.637 899.063 641.293 644.447 965.278 884.516 416.668 874.349 78.886 585.888 189.875 332.469 545.823 450.597 283.672 175.719 24.207 505.34 47.178 264.635 1000000000.0 728.53 679.303 932.51 46.201 693.916 842.787 349.982 644.178 738.391 227.699 348.174 268.754 495.205 830.376 776.297 781.978 517.036 389.153 780.662 723.256 314.98 544.71 834.673 991.979 87.16 353.096 592.69 513.139 511.933 507.514 926.906 207.597 360.682 885.343 199.784 973.579 829.541 318.076 336.919 400.123 63.313 141.326 829.361 984.042 998.402 116.874 200.352 700.289 498.424 479.155 868.474
356.824 833.305 761.252 61.99 344.827 884.185 885.658 127.241 678.429 262.736 508.312 879.481 623.898 629.667 412.096 169.608 267.293 672.864 619.642 948.455 278.514 893.046 510.865 351.661 949.853 746.522 734.974 438.47 356.905 348.406 60.104 121.654 201.85 996.455 651.418 837.671 583.408 863.152 923.827 223.767 345.674 827.236 491.494 463.057 395.047 557.547 974.131 781.896 728.53 1000000000.0 289.993 45.7 397.476 851.799 406.244 56.727 293.287 123.358 872.887 261.966 353.663 838.268 329.653 18.651 527.776 961.122 194.645 833.144 740.271 702.315 910.871 207.329 673.844 679.652 445.275 575.557 642.718 308.218 203.459 309.045 40.137 582.186 866.159 430.212 170.227 888.362 417.714 787.174 826.618 566.133 671.576 331.1 453.225 957.829 718.261 162.836 927.411 607.553 668.761 680.137
496.375 678.091 139.467 591.783 585.91 742.789 253.559 492.78 235.286 348.251 140.796 393.852 931.79 583.975 815.252 207.485 302.666 729.852 248.741 68.494 207.945 154.034 700.177 916.83 947.215 950.828 767.986 716.91 166.777 80.447 786.367 6.808 307.289 442.409 71.999 265.071 56.56 936.054 865.619 804.791 588.03 419.871 415.436 190.649 114.349 431.005 28.89 951.747 679.303 289.993 1000000000.0 997.32 931.623 976.079 921.761 884.319 282.007 453.472 790.82 925.322 570.814 415.414 765.254 22.781 861.6 959.144 340.703 368.875 545.714 536.252 599.07 817.162 743.269 208.427 163.878 295.486 115.275 14.375 362.412 49.64 274.941 232.53 719.339 211.37 472.271 475.955 356.878 341.813 718.62 157.939 755.876 713.986 660.051 289.79 803.695 488.76 259.997 978.024 301.798 211.591
