100
1000000000.0 145.055 338.45 926.99 608.605 474.298 710.963 116.392 828.854 609.874 133.825 511.928 723.072 62.301 235.852 966.876 213.843 570.917 727.372 23.408 191.987 54.181 274.199 708.54 952.746 504.886 48.801 522.245 953.21 567.383 187.21 582.85 772.459 974.347 359.277 502.988 842.299 20.165 445.762 131.193 631.365 417.572 126.463 571.88 709.955 95.781 437.869 446.249 329.661 510.804 309.293 721.382 677.689 796.051 3.509 397.383 900.687 578.597 197.96 101.668 19.308 200.236 701.437 794.098 389.136 788.103 542.43 202.311 547.033 752.944 295.655 686.29 702.527 28.958 490.154 749.9 664.397 506.79 838.233 31.169 684.114 810.949 602.243 857.047 167.516 762.552 206.569 358.809 542.665 163.05 630.354 786.515 333.458 692.534 955.699 733.645 682.915 124.46 671.931 409.048
145.055 1000000000.0 169.139 377.155 530.835 505.084 679.552 197.744 700.947 38.486 73.059 136.756 997.477 159.081 425.066 857.71 643.986 865.651 636.112 620.813 900.499 520.606 127.618 929.656 156.94 994.59 911.616 316.208 572.685 445.296 65.662 290.703 115.691 832.84 241.479 720.385 96.968 591.338 460.275 571.061 38.88 135.097 540.872 266.814 87.253 592.253 649.128 622.623 986.848 981.998 515.603 369.649 88.861 391.838 346.189 70.83 717.726 181.088 35.117 640.06 274.499 391.033 504.591 309.106 709.536 568.397 569.807 711.999 100.917 815.111 65.889 249.292 670.675 932.012 703.668 218.463 611.914 895.571 703.485 396.701 434.779 512.991 289.184 400.444 982.284 214.373 934.99 248.298 468.821 890.899 448.914 713.318 420.135 992.271 897.066 235.99 865.223 472.422 215.595 807.226
338.45 169.139 1000000000.0 925.884 856.679 202.772 798.932 106.628 517.6 71.753 738.644 937.983 671.745 562.429 864.601 314.382 132.711 466.056 455.364 515.034 712.905 407.152 120.069 984.865 19.776 325.107 84.498 156.407 542.144 601.796 537.657 945.855 835.903 152.196 240.613 786.839 618.764 837.644 366.325 707.826 601.963 788.737 257.381 865.761 164.367 868.274 278.34 782.321 570.415 30.809 960.934 108.042 91.568 52.656 485.862 874.194 335.814 942.092 94.378 528.357 83.11 550.826 722.505 99.508 333.678 817.872 984.337 137.992 887.891 585.34 669.315 437.986 607.416 638.113 444.407 201.198 771.562 420.588 964.346 81.302 196.756 167.783 642.165 170.061 409.409 181.229 622.858 360.497 846.401 992.667 371.51 709.86 885.896 57.712 706.095 985.111 648.027 286.094 569.262 427.603
926.99 377.155 925.884 1000000000.0 836.987 126.854 353.575 933.093 558.888 427.918 828.687 177.866 858.09 520.316 939.225 278.758 254.233 458.189 730.965 831.293 333.037 704.93 483.044 746.386 104.638 420.65 981.468 889.914 446.095 35.333 687.664 443.486 222.645 329.239 578.329 813.077 385.288 76.75 516.446 800.451 379.167 313.274 547.145 585.275 427.884 504.837 165.096 564.292 48.432 993.329 738.178 469.567 657.124 357.997 374.704 853.525 133.69 795.799 16.079 400.997 525.142 659.063 178.44 24.119 645.072 646.225 408.293 363.933 686.874 571.168 402.975 450.545 394.171 227.01 631.345 709.965 729.777 617.926 865.589 393.361 16.345 667.169 942.152 154.543 572.807 319.192 331.255 974.871 384.993 978.679 668.569 887.584 757.095 692.522 47.334 179.963 503.945 915.551 217.914 633.351
608.605 530.835 856.679 836.987 1000000000.0 326.784 246.806 869.536 961.176 911.77 816.107 914.351 589.38 486.109 971.798 167.248 945.674 560.738 764.13 723.608 544.492 131.757 578.898 486.504 459.481 216.904 698.663 761.669 62.057 786.526 658.547 945.328 67.89 414.819 798.96 30.985 881.583 831.899 113.247 525.054 763.171 490.636 777.94 150.418 609.321 414.04 669.787 371.528 967.057 796.721 771.815 173.84 502.434 294.879 139.062 158.806 958.9 658.752 593.656 335.939 457.687 289.101 589.764 216.117 696.841 921.238 174.233 583.905 4.482 741.26 506.076 749.242 268.058 734.574 349.589 12.925 860.164 365.754 789.444 87.857 754.383 299.888 442.832 414.618 292.974 639.93 59.185 759.61 41.772 340.257 450.256 402.905 722.607 182.728 987.06 720.773 304.726 519.254 913.654 229.079
474.298 505.084 202.772 126.854 326.784 1000000000.0 86.144 278.384 293.607 491.575 621.831 57.27 823.04 335.881 136.583 493.588 744.504 2.269 447.471 319.726 815.968 865.528 555.201 341.927 429.239 287.627 572.094 23.318 441.956 442.08 461.372 806.624 377.986 916.311 863.976 599.22 474.112 350.531 459.633 723.302 778.095 68.027 708.995 90.29 990.109 963.16 473.114 755.548 296.074 86.475 169.541 215.797 412.702 42.93 348.266 734.653 907.265 833.75 441.899 991.203 668.622 205.881 545.208 979.711 341.488 245.27 512.908 463.741 63.092 672.982 11.354 47.698 937.962 595.759 316.004 340.873 103.047 274.06 735.973 205.987 596.909 469.873 892.919 359.006 185.307 294.738 121.821 603.461 163.402 945.674 884.186 304.665 646.038 62.877 467.654 882.278 938.96 490.074 988.902 312.094
710.963 679.552 798.932 353.575 246.806 86.144 1000000000.0 252.091 452.368 739.786 558.398 193.591 978.264 532.879 525.251 834.578 103.979 31.492 488.755 471.892 406.104 112.078 118.322 989.299 659.624 246.06 911.141 229.777 272.809 340.97 846.733 90.145 622.32 532.368 226.413 895.86 596.33 696.078 774.743 127.246 81.191 486.762 388.664 857.586 292.214 683.064 430.213 188.574 832.48 230.278 807.8 376.306 602.901 517.688 267.673 21.885 674.507 440.9 262.47 924.524 513.774 909.64 801.884 292.4 499.772 578.764 979.645 454.734 878.228 100.607 365.625 204.242 272.839 786.708 963.902 346.193 352.523 515.865 886.999 778.251 696.56 899.176 12.037 372.836 93.183 710.912 422.583 908.136 981.68 607.611 785.985 39.019 840.983 141.34 859.188 441.004 697.722 389.327 909.408 397.053
116.392 197.744 106.628 933.093 869.536 278.384 252.091 1000000000.0 945.518 974.823 437.51 610.726 729.964 527.273 591.945 772.641 570.513 260.142 334.17 104.414 51.46 253.808 861.579 538.988 656.486 155.42 310.397 877.262 548.741 426.512 883.958 290.727 399.389 535.477 373.552 897.695 645.477 597.924 969.057 598.115 233.356 482.405 781.208 906.684 632.52 263.555 640.539 677.216 786.268 847.423 27.492 167.508 87.301 943.134 522.921 668.844 653.291 15.004 774.828 231.085 801.827 186.167 775.831 914.035 273.42 118.122 429.205 833.108 316.206 476.103 281.487 421.766 636.258 716.113 408.155 389.133 841.543 482.668 950.121 70.599 855.28 342.88 402.22 706.375 37.485 294.829 116.507 903.644 58.057 455.126 987.878 115.147 859.761 739.019 190.279 588.336 190.493 716.275 234.944 848.125
828.854 700.947 517.6 558.888 961.176 293.607 452.368 945.518 1000000000.0 239.633 955.174 364.576 201.113 454.527 887.449 703.159 265.12 920.258 332.718 32.222 573.321 875.421 118.762 786.529 759.046 820.413 761.99 57.164 282.588 344.175 582.508 994.633 612.995 315.696 506.422 585.887 480.942 653.516 611.649 908.515 932.121 104.015 835.595 780.937 817.38 816.632 358.255 787.504 904.788 669.662 940.472 729.596 626.153 731.309 201.748 893.381 782.419 14.303 971.041 866.301 609.211 770.703 328.272 419.949 185.379 394.631 147.543 800.923 381.94 864.088 912.167 212.603 272.992 60.785 891.087 418.573 632.324 240.585 745.275 366.728 31.85 323.423 764.672 568.545 314.223 261.429 301.518 420.017 899.988 618.942 954.369 333.644 934.339 908.202 689.879 864.14 402.715 611.131 818.816 584.872
609.874 38.486 71.753 427.918 911.77 491.575 739.786 974.823 239.633 1000000000.0 510.852 348.779 361.362 805.536 574.711 823.654 504.178 35.317 45.847 145.89 643.763 631.316 794.278 420.669 563.654 997.263 305.581 484.776 5.175 779.441 685.635 226.303 145.995 157.563 818.738 272.272 278.513 414.234 463.158 766.771 93.246 49.65 725.725 41.504 858.291 922.98 436.312 111.201 723.659 49.483 591.616 511.428 613.096 270.878 892.086 641.208 825.201 87.175 991.742 116.81 325.606 433.595 755.889 386.192 7.17 487.938 938.724 576.058 377.802 543.818 925.941 368.671 916.63 130.605 96.511 601.927 315.338 131.99 380.884 513.941 426.19 669.137 668.041 796.037 517.292 161.809 30.946 222.303 196.809 766.32 228.791 232.769 144.937 401.015 421.629 758.744 855.246 242.498 855.866 266.626
133.825 73.059 738.644 828.687 816.107 621.831 558.398 437.51 955.174 510.852 1000000000.0 255.744 463.351 45.642 608.046 399.315 912.643 492.569 803.819 711.2 297.888 457.682 316.378 184.996 394.126 203.901 412.943 427.717 606.95 507.695 190.192 638.836 575.414 14.348 808.361 480.959 350.493 700.386 78.758 654.02 646.203 559.165 497.715 637.464 669.804 769.049 967.705 34.512 158.717 712.47 866.921 727.546 647.643 826.697 792.702 222.213 750.351 406.976 963.811 549.012 326.704 444.584 50.415 452.771 738.012 271.46 143.237 805.812 713.094 226.779 555.412 897.467 174.373 597.272 29.107 646.711 310.1 934.122 600.049 940.19 346.99 407.1 421.687 731.824 202.552 214.762 497.956 225.209 971.421 640.586 754.392 907.513 820.853 333.936 90.229 360.765 979.675 535.769 437.908 672.838
511.928 136.756 937.983 177.866 914.351 57.27 193.591 610.726 364.576 348.779 255.744 1000000000.0 623.273 295.703 925.045 464.567 894.074 762.724 784.251 340.316 438.306 671.23 892.313 716.833 252.415 639.805 419.977 407.967 561.228 994.927 888.821 832.25 594.89 91.968 418.503 524.667 862.437 127.858 155.753 40.477 444.878 177.413 131.893 996.789 629.294 166.03 30.945 251.986 481.172 457.936 641.759 593.794 835.268 691.89 673.096 5.414 955.084 46.926 604.531 39.333 415.434 326.379 965.855 421.134 896.776 783.2 623.599 374.859 459.384 496.598 200.958 719.177 947.251 799.172 812.817 104.945 214.178 901.891 31.83 560.272 586.252 214.974 752.741 906.632 762.85 950.098 215.609 216.599 186.677 40.962 518.131 503.46 692.774 98.609 459.534 851.117 230.151 18.292 447.574 315.515
723.072 997.477 671.745 858.09 589.38 823.04 978.264 729.964 201.113 361.362 463.351 623.273 1000000000.0 740.522 261.135 254.341 564.889 630.259 713.284 567.793 104.599 419.296 909.253 594.187 325.584 985.149 90.808 16.532 618.268 78.475 235.19 406.665 34.806 807.832 738.473 972.554 671.397 557.755 642.888 855.749 284.904 638.304 189.682 1.747 941.328 378.675 219.065 821.534 698.335 183.035 641.583 690.089 879.695 47.396 194.735 971.533 874.691 161.211 556.349 553.884 466.504 294.928 232.536 986.648 701.258 242.573 84.409 22.82 991.161 315.378 514.219 612.066 368.459 774.192 975.549 644.399 869.361 390.265 927.79 794.604 5.248 942.472 44.198 852.158 156.399 124.119 391.232 666.531 804.669 164.171 454.892 571.239 124.457 890.063 291.63 792.153 731.83 547.125 107.214 531.438
62.301 159.081 562.429 520.316 486.109 335.881 532.879 527.273 454.527 805.536 45.642 295.703 740.522 1000000000.0 914.271 321.818 811.338 91.663 167.156 523.602 751.235 721.572 339.212 123.796 962.177 958.765 749.151 72.123 706.227 563.105 290.186 171.156 155.406 387.492 68.862 289.365 225.275 723.81 501.899 260.082 742.469 647.403 532.896 979.799 20.445 249.401 159.879 974.774 74.053 310.515 188.342 469.785 776.284 32.974 662.69 295.55 107.43 328.412 513.046 778.774 329.104 703.883 19.961 317.041 40.19 226.868 402.224 894.165 521.592 705.01 551.876 199.17 24.048 659.05 683.531 900.298 956.614 61.831 467.316 346.431 393.615 553.504 522.855 817.633 424.161 853.278 482.539 277.953 322.834 39.657 328.412 784.687 154.838 129.088 828.622 33.915 298.091 698.278 469.403 999.393
235.852 425.066 864.601 939.225 971.798 136.583 525.251 591.945 887.449 574.711 608.046 925.045 261.135 914.271 1000000000.0 867.876 96.547 972.498 28.129 401.172 824.461 323.109 93.329 228.645 239.996 156.988 812.249 631.541 463.001 674.611 640.555 489.404 571.897 171.131 138.447 409.025 719.377 6.072 766.645 204.15 95.816 216.034 43.817 374.204 769.59 979.264 14.515 91.194 578.936 802.547 307.228 994.293 192.783 745.192 575.631 175.718 859.663 589.499 722.62 117.084 555.204 650.98 568.963 393.952 849.645 762.058 661.16 14.869 748.106 440.896 201.444 887.94 151.243 954.614 980.821 256.029 214.704 98.5 251.501 329.03 840.324 544.025 296.172 949.677 788.687 5.411 454.991 85.366 476.828 263.676 756.479 276.296 632.95 100.669 936.029 928.914 619.505 180.896 577.064 741.698
966.876 857.71 314.382 278.758 167.248 493.588 834.578 772.641 703.159 823.654 399.315 464.567 254.341 321.818 867.876 1000000000.0 499.463 843.232 734.935 812.997 534.509 663.734 817.134 844.747 241.04 593.646 602.468 123.652 250.177 785.642 130.697 986.162 484.19 933.654 657.513 590.094 481.513 155.508 866.421 738.069 780.516 370.071 912.498 503.534 481.585 820.796 773.202 130.937 205.652 481.466 79.327 187.578 447.145 743.655 459.487 342.064 469.891 369.44 729.958 363.646 75.355 285.33 386.489 531.045 578.711 598.85 665.868 559.747 61.433 978.123 141.973 774.38 189.321 895.037 522.924 483.916 803.265 392.085 373.368 132.452 565.701 115.436 642.891 785.817 997.601 169.258 851.293 959.168 222.02 128.129 944.998 586.311 962.411 673.831 496.956 685.632 892.176 612.585 966.684 336.195
213.843 643.986 132.711 254.233 945.674 744.504 103.979 570.513 265.12 504.178 912.643 894.074 564.889 811.338 96.547 499.463 1000000000.0 627.301 369.79 145.596 858.209 335.059 34.295 441.173 883.679 278.891 506.303 906.932 27.428 516.043 788.625 63.131 948.909 286.4 269.038 260.752 219.036 259.291 502.424 268.07 591.46 622.921 324.194 685.259 305.405 63.061 74.642 555.517 528.489 715.58 22.753 501.317 544.609 179.375 865.309 690.205 885.571 502.935 711.96 252.595 787.417 331.558 29.147 74.659 707.173 685.704 642.263 390.564 929.876 726.8 962.41 711.488 558.356 395.468 958.557 965.516 356.634 532.625 552.705 370.937 83.574 103.196 20.491 125.874 585.635 898.426 981.281 990.077 494.436 645.356 907.185 119.293 238.998 783.646 673.164 404.655 659.945 69.297 896.657 219.744
570.917 865.651 466.056 458.189 560.738 2.269 31.492 260.142 920.258 35.317 492.569 762.724 630.259 91.663 972.498 843.232 627.301 1000000000.0 175.678 653.822 861.156 335.304 515.125 707.185 222.328 657.139 399.147 123.835 275.654 453.77 720.54 860.556 471.948 891.238 219.708 790.238 648.333 917.968 53.397 532.958 335.452 713.483 326.401 343.777 263.638 378.486 381.612 870.504 418.718 183.623 556.444 124.852 105.072 215.259 657.233 990.809 850.867 222.899 971.125 238.97 666.051 374.661 20.138 263.366 515.49 306.179 55.26 114.208 762.033 786.767 886.968 38.486 835.939 310.898 482.141 828.477 796.557 451.324 789.589 956.228 931.3 12.965 870.022 623.527 17.294 905.16 795.027 462.341 507.774 967.061 582.688 274.938 569.868 389.446 954.575 247.644 610.461 373.051 967.623 633.892
727.372 636.112 455.364 730.965 764.13 447.471 488.755 334.17 332.718 45.847 803.819 784.251 713.284 167.156 28.129 734.935 369.79 175.678 1000000000.0 601.845 473.41 257.641 868.822 381.547 835.947 562.522 168.76 909.224 139.411 331.31 172.38 981.9 426.718 403.533 790.205 42.331 450.656 139.045 251.314 447.32 943.401 446.494 512.894 192.089 350.955 526.152 659.113 734.746 286.86 542.47 564.469 166.899 17.766 360.452 959.894 551.65 493.92 295.738 885.561 976.251 957.98 812.458 136.897 324.37 886.12 759.754 962.488 562.191 597.848 637.608 215.403 408.228 859.01 21.704 937.261 598.712 291.407 57.455 931.444 131.398 351.854 107.345 29.696 740.656 565.539 671.979 781.31 854.419 871.093 628.886 675.256 785.318 56.491 710.144 510.771 86.536 297.501 297.52 467.733 76.828
23.408 620.813 515.034 831.293 723.608 319.726 471.892 104.414 32.222 145.89 711.2 340.316 567.793 523.602 401.172 812.997 145.596 653.822 601.845 1000000000.0 726.103 777.83 626.717 989.038 737.643 316.93 629.794 355.728 660.093 282.956 269.734 478.56 181.021 313.614 952.516 449.051 558.828 867.234 146.356 602.084 427.025 970.229 354.052 378.654 53.745 602.477 916.786 862.058 405.795 979.579 448.124 537.924 218.952 854.357 997.129 460.131 770.303 696.505 81.114 442.418 190.291 269.404 96.678 853.969 666.584 558.396 757.059 730.97 405.661 368.923 503.638 821.674 54.229 504.43 570.853 523.489 141.375 109.099 940.327 794.161 634.085 364.803 589.88 659.845 788.244 982.27 43.326 466.221 33.634 950.981 194.425 246.7 940.302 618.585 678.687 174.651 204.086 912.988 943.313 934.713
191.987 900.499 712.905 333.037 544.492 815.968 406.104 51.46 573.321 643.763 297.888 438.306 104.599 751.235 824.461 534.509 858.209 861.156 473.41 726.103 1000000000.0 969.438 90.913 840.319 507.025 605.763 936.675 375.13 486.161 741.776 158.073 830.069 879.938 552.978 160.017 575.443 553.183 743.118 613.298 739.153 307.97 282.723 199.347 164.929 538.191 8.876 448.945 770.89 940.335 669.79 676.404 796.815 469.33 610.07 636.99 576.632 868.896 352.511 896.731 78.176 333.636 254.495 414.478 969.32 979.838 584.018 627.893 927.775 639.848 276.229 635.137 464.571 655.111 86.298 809.264 215.871 186.681 17.057 993.312 905.908 265.161 567.017 803.983 682.461 250.921 814.21 656.619 417.897 495.258 111.252 730.673 32.534 36.038 366.946 333.066 828.173 85.475 462.156 615.697 608.476
54.181 520.606 407.152 704.93 131.757 865.528 112.078 253.808 875.421 631.316 457.682 671.23 419.296 721.572 323.109 663.734 335.059 335.304 257.641 777.83 969.438 1000000000.0 19.419 4.032 744.811 464.764 903.695 988.853 940.066 913.308 603.517 205.881 507.269 10.537 152.463 157.106 338.716 556.964 744.728 531.763 466.222 947.267 317.995 287.163 176.051 580.89 930.851 47.827 822.138 535.965 396.987 144.834 246.567 514.513 242.662 171.314 302.932 272.34 874.49 858.498 721.614 987.779 174.094 440.904 580.663 264.384 5.755 393.817 98.333 862.591 751.289 602.178 638.881 193.835 144.064 523.883 561.964 101.259 510.807 828.094 615.054 368.952 196.122 473.977 475.778 136.567 298.295 719.261 136.469 730.897 857.943 285.336 91.802 19.684 62.038 531.251 361.916 262.013 347.047 13.508
274.199 127.618 120.069 483.044 578.898 555.201 118.322 861.579 118.762 794.278 316.378 892.313 909.253 339.212 93.329 817.134 34.295 515.125 868.822 626.717 90.913 19.419 1000000000.0 666.424 804.391 409.009 221.118 533.782 130.08 163.36 910.431 858.475 918.529 939.482 921.108 777.114 861.342 710.941 529.187 164.057 219.175 222.686 902.613 806.003 194.373 873.522 136.535 872.152 211.068 513.647 110.71 453.574 28.903 894.141 219.87 363.726 507.911 436.627 735.392 612.32 492.897 10.185 385.91 833.788 203.486 238.885 779.585 333.095 430.53 553.91 51.019 274.675 155.485 900.02 846.56 64.427 506.731 944.061 699.783 529.24 629.578 73.062 919.218 232.391 978.693 503.771 373.201 455.669 436.007 345.188 928.75 281.116 509.626 651.873 909.397 364.753 705.651 311.355 802.195 285.612
708.54 929.656 984.865 746.386 486.504 341.927 989.299 538.988 786.529 420.669 184.996 716.833 594.187 123.796 228.645 844.747 441.173 707.185 381.547 989.038 840.319 4.032 666.424 1000000000.0 404.309 539.881 864.186 737.269 22.778 30.144 449.938 843.57 957.363 111.939 253.352 883.087 777.618 113.019 336.639 789.554 269.034 386.834 548.724 364.475 303.92 481.868 564.612 121.165 589.737 86.827 305.131 918.97 344.523 438.519 461.198 428.679 993.006 372.148 372.176 204.123 249.929 351.579 249.825 835.191 157.97 749.082 492.875 39.52 119.725 507.94 391.879 819.279 86.783 111.449 693.826 679.13 64.067 649.612 558.26 814.848 660.582 737.276 78.653 731.833 680.206 598.411 225.21 731.76 696.74 446.096 270.168 476.299 140.032 518.979 402.19 667.565 318.38 363.976 766.57 445.716
952.746 156.94 19.776 104.638 459.481 429.239 659.624 656.486 759.046 563.654 394.126 252.415 325.584 962.177 239.996 241.04 883.679 222.328 835.947 737.643 507.025 744.811 804.391 404.309 1000000000.0 221.51 840.767 76.415 772.598 967.714 656.347 294.07 361.519 575.591 778.975 34.488 251.371 940.603 548.264 612.44 312.239 840.864 442.986 193.404 419.816 988.38 862.266 888.849 546.058 275.139 477.974 701.1 52.299 884.108 770.082 953.759 558.36 144.034 59.35 202.021 880.912 231.738 129.795 991.264 772.363 859.307 759.005 609.179 204.552 886.729 383.529 104.503 166.783 897.685 886.202 485.867 51.513 932.089 603.156 693.761 564.492 985.517 949.066 35.431 805.622 820.229 119.735 791.518 773.154 102.654 646.272 899.97 33.537 520.567 792.241 867.9 194.103 147.652 595.167 618.209
504.886 994.59 325.107 420.65 216.904 287.627 246.06 155.42 820.413 997.263 203.901 639.805 985.149 958.765 156.988 593.646 278.891 657.139 562.522 316.93 605.763 464.764 409.009 539.881 221.51 1000000000.0 446.834 495.901 71.391 550.721 985.381 587.343 960.518 450.999 839.197 880.156 831.896 517.942 970.668 646.285 568.003 747.493 511.44 323.333 786.465 522.281 354.621 71.733 221.374 145.344 690.237 273.823 665.921 222.662 851.604 805.544 163.589 894.494 942.763 337.389 410.965 965.374 935.968 217.592 813.751 689.882 285.315 477.491 915.008 131.561 722.336 931.406 892.9 12.614 156.053 159.336 579.781 553.336 318.432 96.425 770.98 341.414 4.974 520.605 22.403 792.93 979.602 107.043 402.661 686.219 745.116 763.442 70.255 848.552 837.494 88.385 7.388 156.897 241.785 909.836
48.801 911.616 84.498 981.468 698.663 572.094 911.141 310.397 761.99 305.581 412.943 419.977 90.808 749.151 812.249 602.468 506.303 399.147 168.76 629.794 936.675 903.695 221.118 864.186 840.767 446.834 1000000000.0 668.932 768.838 518.761 898.26 319.006 90.629 830.618 178.414 928.197 388.898 889.998 955.646 230.427 119.821 110.902 663.06 839.781 55.324 86.897 136.04 667.555 700.103 89.697 714.409 285.581 46.789 80.287 941.701 166.375 335.307 493.136 446.934 491.511 89.298 835.254 954.05 345.817 265.937 474.426 680.838 933.053 714.742 465.262 472.788 909.635 652.26 604.288 996.992 928.987 870.451 52.153 511.194 341.692 431.14 240.602 603.367 710.031 70.87 260.659 775.876 695.82 78.557 601.868 660.241 45.652 944.69 668.281 565.355 225.419 940.657 60.832 163.046 838.728
522.245 316.208 156.407 889.914 761.669 23.318 229.777 877.262 57.164 484.776 427.717 407.967 16.532 72.123 631.541 123.652 906.932 123.835 909.224 355.728 375.13 988.853 533.782 737.269 76.415 495.901 668.932 1000000000.0 596.955 245.208 189.749 537.962 376.122 870.85 449.73 822.735 517.482 348.664 575.748 795.811 344.622 153.795 389.347 163.962 412.009 382.758 674.606 377.323 401.737 498.234 971.772 586.33 864.275 487.111 123.522 837.136 846.493 202.996 732.492 226.961 552.641 61.757 779.118 943.126 61.954 973.77 352.026 934.243 250.058 883.024 117.344 529.96 457.703 242.515 196.157 741.814 62.639 530.69 187.934 57.913 567.02 307.147 407.36 692.746 490.652 571.809 821.11 744.097 60.87 8.59 320.878 392.265 901.2 755.824 766.157 24.235 294.773 543.807 929.798 124.408
953.21 572.685 542.144 446.095 62.057 441.956 272.809 548.741 282.588 5.175 606.95 561.228 618.268 706.227 463.001 250.177 27.428 275.654 139.411 660.093 486.161 940.066 130.08 22.778 772.598 71.391 768.838 596.955 1000000000.0 367.816 377.284 707.492 172.31 559.924 982.148 285.223 609.385 24.116 165.508 946.34 339.967 112.902 531.708 841.315 713.287 582.394 907.371 286.433 370.103 998.0 947.264 91.465 302.972 603.62 354.668 603.715 712.817 953.584 510.268 701.835 606.921 34.506 521.968 764.701 686.802 905.047 968.5 395.034 633.465 734.051 41.468 874.262 578.178 403.268 53.079 734.253 352.35 922.175 700.561 597.326 761.797 175.181 609.916 954.685 868.844 797.865 29.505 170.295 28.27 800.379 628.648 158.127 161.706 306.026 936.109 118.914 574.455 125.367 807.577 519.436
567.383 445.296 601.796 35.333 786.526 442.08 340.97 426.512 344.175 779.441 507.695 994.927 78.475 563.105 674.611 785.642 516.043 453.77 331.31 282.956 741.776 913.308 163.36 30.144 967.714 550.721 518.761 245.208 367.816 1000000000.0 435.097 535.751 66.812 916.081 569.943 509.945 693.558 330.814 623.425 922.347 692.21 740.508 894.736 98.28 67.12 640.251 484.501 949.906 26.423 944.597 577.752 586.038 324.904 965.79 736.737 679.13 92.01 323.802 313.569 893.51 455.74 287.258 757.433 946.892 158.924 176.155 34.281 351.3 818.145 230.077 432.399 291.086 863.296 52.358 651.36 697.415 172.506 25.954 963.02 422.094 681.232 989.406 145.137 299.609 119.175 902.864 509.09 61.661 832.735 631.316 681.41 438.237 77.014 12.779 71.793 557.892 516.033 888.491 894.518 905.483
187.21 65.662 537.657 687.664 658.547 461.372 846.733 883.958 582.508 685.635 190.192 888.821 235.19 290.186 640.555 130.697 788.625 720.54 172.38 269.734 158.073 603.517 910.431 449.938 656.347 985.381 898.26 189.749 377.284 435.097 1000000000.0 393.958 454.168 803.846 483.375 270.198 975.508 777.932 409.474 510.768 193.277 207.892 182.261 483.431 413.119 974.605 369.741 43.612 906.462 846.443 849.547 217.719 338.54 115.443 394.608 875.385 28.178 421.646 396.193 602.426 837.934 880.037 614.67 319.267 975.382 570.025 870.545 129.12 853.504 832.05 365.208 151.957 840.805 532.507 667.653 576.578 977.842 996.203 36.949 588.477 193.448 508.517 158.496 192.578 334.654 719.66 386.09 573.134 820.233 876.91 22.298 472.39 471.966 317.034 334.404 228.9 880.252 809.492 647.369 833.025
582.85 290.703 945.855 443.486 945.328 806.624 90.145 290.727 994.633 226.303 638.836 832.25 406.665 171.156 489.404 986.162 63.131 860.556 981.9 478.56 830.069 205.881 858.475 843.57 294.07 587.343 319.006 537.962 707.492 535.751 393.958 1000000000.0 740.244 555.313 626.978 451.232 355.283 684.433 476.799 149.303 145.26 392.777 769.008 624.809 119.16 90.262 353.957 176.523 206.729 481.875 332.809 158.808 687.166 684.94 530.639 71.121 130.142 926.099 941.543 370.048 911.367 335.604 995.447 225.147 853.554 251.411 925.533 114.214 402.851 368.551 909.306 353.246 223.546 64.36 932.838 914.254 924.703 891.155 517.036 119.232 581.417 252.2 717.208 826.399 981.946 106.171 531.103 872.905 515.021 481.886 980.871 478.709 572.085 599.224 268.399 681.618 334.668 575.439 538.499 206.765
772.459 115.691 835.903 222.645 67.89 377.986 622.32 399.389 612.995 145.995 575.414 594.89 34.806 155.406 571.897 484.19 948.909 471.948 426.718 181.021 879.938 507.269 918.529 957.363 361.519 960.518 90.629 376.122 172.31 66.812 454.168 740.244 1000000000.0 696.876 866.516 70.323 577.716 499.912 160.521 745.896 175.959 789.378 169.656 813.229 90.422 167.073 470.702 164.523 969.871 327.42 920.5 540.277 760.308 774.302 125.892 33.202 735.548 960.705 711.191 608.698 760.02 891.861 306.358 53.977 357.511 446.242 443.188 182.446 393.589 734.667 640.399 692.602 717.832 792.763 280.515 781.643 200.131 201.363 541.437 519.052 207.127 603.03 312.441 517.502 870.866 787.428 639.107 64.932 388.987 422.388 761.732 381.091 839.752 16.517 413.462 154.322 287.33 949.452 567.655 748.086
974.347 832.84 152.196 329.239 414.819 916.311 532.368 535.477 315.696 157.563 14.348 91.968 807.832 387.492 171.131 933.654 286.4 891.238 403.533 313.614 552.978 10.537 939.482 111.939 575.591 450.999 830.618 870.85 559.924 916.081 803.846 555.313 696.876 1000000000.0 845.32 626.701 272.776 723.172 658.338 170.238 341.102 929.315 872.714 736.508 831.253 829.363 508.202 641.144 776.929 262.889 15.945 346.133 412.832 733.618 420.068 6.099 930.824 543.098 905.969 939.673 981.934 917.554 962.921 822.015 361.189 766.761 257.839 393.083 841.787 337.476 785.584 990.707 600.648 117.306 894.856 560.935 553.515 43.403 645.674 941.211 206.846 557.114 231.795 452.837 637.446 97.98 865.583 156.303 198.836 230.945 720.022 601.629 696.116 429.73 365.094 363.468 94.965 681.186 439.856 666.999
359.277 241.479 240.613 578.329 798.96 863.976 226.413 373.552 506.422 818.738 808.361 418.503 738.473 68.862 138.447 657.513 269.038 219.708 790.205 952.516 160.017 152.463 921.108 253.352 778.975 839.197 178.414 449.73 982.148 569.943 483.375 626.978 866.516 845.32 1000000000.0 828.281 962.297 74.079 986.943 482.937 810.367 383.671 539.301 807.987 782.982 89.006 996.232 669.658 733.401 936.394 801.819 707.543 878.602 216.163 11.906 416.334 443.285 232.766 861.303 489.807 688.502 478.207 123.287 141.794 290.653 934.526 142.799 198.664 468.372 717.122 55.716 854.761 562.61 783.9 93.306 760.172 244.138 808.603 399.081 872.523 774.697 645.535 524.687 161.662 446.735 319.941 555.734 113.454 173.702 86.768 724.672 236.336 391.104 203.012 449.936 749.499 743.016 567.785 301.164 336.273
502.988 720.385 786.839 813.077 30.985 599.22 895.86 897.695 585.887 272.272 480.959 524.667 972.554 289.365 409.025 590.094 260.752 790.238 42.331 449.051 575.443 157.106 777.114 883.087 34.488 880.156 928.197 822.735 285.223 509.945 270.198 451.232 70.323 626.701 828.281 1000000000.0 128.528 267.398 694.797 170.286 220.522 663.505 367.455 496.789 394.16 279.649 14.795 45.41 470.423 810.863 163.111 6.154 903.18 432.047 21.494 848.259 708.711 925.203 890.279 640.976 262.28 615.335 522.881 269.508 905.771 869.033 937.594 356.573 334.147 113.874 769.49 738.113 911.991 442.127 816.766 465.521 554.299 136.16 709.067 537.075 421.338 98.629 752.861 432.73 125.45 796.708 293.749 90.132 835.247 175.95 217.845 186.878 937.17 304.873 678.551 22.975 269.041 128.581 455.816 914.055
842.299 96.968 618.764 385.288 881.583 474.112 596.33 645.477 480.942 278.513 350.493 862.437 671.397 225.275 719.377 481.513 219.036 648.333 450.656 558.828 553.183 338.716 861.342 777.618 251.371 831.896 388.898 517.482 609.385 693.558 975.508 355.283 577.716 272.776 962.297 128.528 1000000000.0 198.942 849.57 149.604 995.477 110.538 236.295 173.214 378.597 28.965 954.312 717.203 802.797 130.443 329.946 856.273 441.691 655.081 764.635 562.995 123.207 224.287 680.294 561.62 759.528 463.362 872.584 121.181 509.646 128.761 202.794 449.93 310.406 329.759 624.734 479.358 936.326 771.181 171.723 476.37 386.783 225.38 20.782 988.799 911.047 476.243 95.943 627.976 720.656 8.938 582.465 229.578 44.462 755.363 260.123 419.666 109.275 912.853 775.899 277.868 818.694 64.735 242.596 748.385
20.165 591.338 837.644 76.75 831.899 350.531 696.078 597.924 653.516 414.234 700.386 127.858 557.755 723.81 6.072 155.508 259.291 917.968 139.045 867.234 743.118 556.964 710.941 113.019 940.603 517.942 889.998 348.664 24.116 330.814 777.932 684.433 499.912 723.172 74.079 267.398 198.942 1000000000.0 166.589 546.532 956.747 542.76 779.049 689.75 613.545 29.967 448.751 242.715 324.912 555.774 531.822 405.744 344.133 372.89 576.036 558.075 727.423 872.914 71.39 5.634 788.366 96.89 993.694 137.116 765.839 713.874 52.664 825.967 756.78 883.16 252.66 443.321 711.646 853.986 633.966 839.061 286.873 844.299 57.493 326.214 872.1 275.036 531.725 471.629 942.758 837.524 178.345 81.098 106.872 162.26 572.877 789.638 978.9 769.282 308.72 157.899 250.296 494.508 290.354 907.807
445.762 460.275 366.325 516.446 113.247 459.633 774.743 969.057 611.649 463.158 78.758 155.753 642.888 501.899 766.645 866.421 502.424 53.397 251.314 146.356 613.298 744.728 529.187 336.639 548.264 970.668 955.646 575.748 165.508 623.425 409.474 476.799 160.521 658.338 986.943 694.797 849.57 166.589 1000000000.0 853.945 403.676 587.107 430.569 975.531 914.495 811.275 642.405 416.3 627.258 23.462 78.802 900.441 391.324 109.325 697.136 494.255 687.777 789.215 885.151 279.193 700.555 851.423 58.422 922.573 863.755 348.978 483.179 352.51 710.386 37.672 525.948 248.343 813.547 928.424 1.494 602.053 650.475 829.739 437.733 614.274 118.334 460.948 755.518 15.666 703.505 646.588 16.346 379.515 455.533 545.412 385.34 831.819 136.64 124.371 420.878 282.809 51.012 206.389 657.769 61.302
131.193 571.061 707.826 800.451 525.054 723.302 127.246 598.115 908.515 766.771 654.02 40.477 855.749 260.082 204.15 738.069 268.07 532.958 447.32 602.084 739.153 531.763 164.057 789.554 612.44 646.285 230.427 795.811 946.34 922.347 510.768 149.303 745.896 170.238 482.937 170.286 149.604 546.532 853.945 1000000000.0 121.641 422.426 974.593 433.065 949.306 537.591 741.714 716.914 282.974 442.734 282.03 966.079 893.314 398.866 468.091 990.172 534.305 165.651 416.809 232.655 635.079 330.849 207.609 417.805 281.38 776.434 161.181 714.791 440.691 420.541 885.394 101.647 746.543 896.384 162.346 864.745 970.888 270.541 983.195 939.818 76.85 331.272 244.708 814.339 566.365 165.907 623.511 327.905 585.328 334.098 849.299 241.67 108.479 172.501 577.137 948.514 605.794 799.652 467.625 354.107
631.365 38.88 601.963 379.167 763.171 778.095 81.191 233.356 932.121 93.246 646.203 444.878 284.904 742.469 95.816 780.516 591.46 335.452 943.401 427.025 307.97 466.222 219.175 269.034 312.239 568.003 119.821 344.622 339.967 692.21 193.277 145.26 175.959 341.102 810.367 220.522 995.477 956.747 403.676 121.641 1000000000.0 269.945 374.223 848.85 541.603 267.717 23.982 731.113 802.1 415.873 238.17 505.209 34.869 146.193 990.945 182.977 193.787 609.913 34.74 168.877 352.644 664.435 432.781 512.972 315.155 170.485 317.893 562.428 221.078 446.229 328.723 435.324 375.794 224.714 380.768 132.867 78.405 89.744 561.498 26.028 574.164 364.405 220.61 909.245 916.555 225.099 908.638 455.251 236.156 51.126 142.102 995.173 929.138 524.053 779.427 195.013 38.85 742.741 265.148 995.394
417.572 135.097 788.737 313.274 490.636 68.027 486.762 482.405 104.015 49.65 559.165 177.413 638.304 647.403 216.034 370.071 622.921 713.483 446.494 970.229 282.723 947.267 222.686 386.834 840.864 747.493 110.902 153.795 112.902 740.508 207.892 392.777 789.378 929.315 383.671 663.505 110.538 542.76 587.107 422.426 269.945 1000000000.0 485.415 602.977 384.397 4.931 140.514 664.063 176.916 409.066 457.856 269.481 560.473 845.117 780.97 366.392 583.9 875.356 143.845 470.828 567.012 248.595 883.93 693.11 556.285 727.042 142.325 985.134 518.628 34.422 134.864 700.767 150.747 80.542 322.035 568.727 889.942 32.04 26.372 687.721 649.604 854.044 187.498 772.919 150.764 263.352 704.027 73.923 838.721 553.712 822.217 518.979 830.944 211.201 719.956 3.378 940.746 918.346 204.05 970.637
126.463 540.872 257.381 547.145 777.94 708.995 388.664 781.208 835.595 725.725 497.715 131.893 189.682 532.896 43.817 912.498 324.194 326.401 512.894 354.052 199.347 317.995 902.613 548.724 442.986 511.44 663.06 389.347 531.708 894.736 182.261 769.008 169.656 872.714 539.301 367.455 236.295 779.049 430.569 974.593 374.223 485.415 1000000000.0 867.636 605.03 342.44 342.134 787.466 546.769 639.702 777.372 796.197 635.7 128.76 169.127 661.651 458.685 572.431 643.99 16.963 272.724 286.637 340.11 613.133 742.21 177.453 637.104 268.996 221.644 445.354 84.895 461.419 88.713 384.792 995.067 643.017 788.912 251.008 556.707 388.157 290.071 904.18 221.701 514.423 595.708 417.794 768.352 456.175 512.007 167.298 966.853 265.736 745.277 487.954 569.257 760.101 481.183 738.578 252.065 136.977
571.88 266.814 865.761 585.275 150.418 90.29 857.586 906.684 780.937 41.504 637.464 996.789 1.747 979.799 374.204 503.534 685.259 343.777 192.089 378.654 164.929 287.163 806.003 364.475 193.404 323.333 839.781 163.962 841.315 98.28 483.431 624.809 813.229 736.508 807.987 496.789 173.214 689.75 975.531 433.065 848.85 602.977 867.636 1000000000.0 255.462 280.987 833.363 808.247 850.554 326.17 817.384 612.03 346.255 917.965 169.129 585.062 423.922 242.41 113.164 780.633 676.765 585.092 323.247 417.3 98.535 575.929 302.656 395.839 72.493 953.496 328.923 812.422 220.245 252.156 972.049 925.688 391.282 732.782 808.037 677.698 690.635 798.0 346.397 968.579 253.243 327.012 860.561 427.867 443.836 290.689 649.386 419.805 175.337 407.605 970.784 481.072 501.837 312.425 367.698 792.252
709.955 87.253 164.367 427.884 609.321 990.109 292.214 632.52 817.38 858.291 669.804 629.294 941.328 20.445 769.59 481.585 305.405 263.638 350.955 53.745 538.191 176.051 194.373 303.92 419.816 786.465 55.324 412.009 713.287 67.12 413.119 119.16 90.422 831.253 782.982 394.16 378.597 613.545 914.495 949.306 541.603 384.397 605.03 255.462 1000000000.0 514.239 366.831 965.839 89.457 446.342 768.279 634.838 226.231 179.306 971.248 787.63 166.616 414.061 104.094 70.706 179.348 934.699 897.755 126.837 867.68 415.94 372.207 546.816 503.014 829.509 610.912 478.12 69.65 194.685 582.277 859.349 815.374 975.535 138.047 563.023 876.1 958.785 988.156 565.944 956.46 157.111 905.698 742.957 387.11 956.698 392.875 327.148 278.917 410.948 843.952 219.214 801.258 265.669 901.099 251.582
95.781 592.253 868.274 504.837 414.04 963.16 683.064 263.555 816.632 922.98 769.049 166.03 378.675 249.401 979.264 820.796 63.061 378.486 526.152 602.477 8.876 580.89 873.522 481.868 988.38 522.281 86.897 382.758 582.394 640.251 974.605 90.262 167.073 829.363 89.006 279.649 28.965 29.967 811.275 537.591 267.717 4.931 342.44 280.987 514.239 1000000000.0 486.706 422.013 417.747 763.206 187.553 287.728 241.829 926.691 403.126 828.353 81.699 718.824 900.651 406.85 673.78 661.041 945.78 954.468 862.775 157.702 856.644 51.485 976.07 978.38 717.722 861.575 649.304 974.398 801.056 417.845 437.902 959.207 917.797 358.749 78.475 247.919 398.662 972.633 312.076 748.991 939.943 630.218 196.93 638.157 55.57 180.097 310.253 407.264 353.008 368.75 194.82 775.413 888.199 801.464
437.869 649.128 278.34 165.096 669.787 473.114 430.213 640.539 358.255 436.312 967.705 30.945 219.065 159.879 14.515 773.202 74.642 381.612 659.113 916.786 448.945 930.851 136.535 564.612 862.266 354.621 136.04 674.606 907.371 484.501 369.741 353.957 470.702 508.202 996.232 14.795 954.312 448.751 642.405 741.714 23.982 140.514 342.134 833.363 366.831 486.706 1000000000.0 360.652 359.179 936.103 18.644 902.878 783.678 401.475 400.456 321.162 191.897 569.169 693.47 866.023 583.615 617.376 613.994 826.686 485.45 994.834 862.304 903.641 157.928 908.069 82.61 130.434 662.888 134.34 990.396 532.712 474.851 976.879 885.184 671.691 608.328 579.36 950.427 233.222 70.036 995.428 484.434 622.241 329.811 80.206 29.022 89.386 479.411 368.039 637.779 724.546 981.389 273.273 295.027 588.356
446.249 622.623 782.321 564.292 371.528 755.548 188.574 677.216 787.504 111.201 34.512 251.986 821.534 974.774 91.194 130.937 555.517 870.504 734.746 862.058 770.89 47.827 872.152 121.165 888.849 71.733 667.555 377.323 286.433 949.906 43.612 176.523 164.523 641.144 669.658 45.41 717.203 242.715 416.3 716.914 731.113 664.063 787.466 808.247 965.839 422.013 360.652 1000000000.0 354.526 716.102 637.878 837.038 20.696 686.6 887.966 113.256 72.54 141.19 27.251 169.288 831.908 620.086 61.944 336.161 880.007 500.348 616.876 2.292 489.481 756.528 280.785 45.477 198.376 366.202 68.843 682.748 58.362 755.897 463.355 866.61 149.265 610.937 184.585 83.763 184.947 379.99 59.121 608.044 528.53 134.088 477.174 366.929 275.479 352.73 126.245 2.009 109.163 827.036 4.9 190.576
329.661 986.848 570.415 48.432 967.057 296.074 832.48 786.268 904.788 723.659 158.717 481.172 698.335 74.053 578.936 205.652 528.489 418.718 286.86 405.795 940.335 822.138 211.068 589.737 546.058 221.374 700.103 401.737 370.103 26.423 906.462 206.729 969.871 776.929 733.401 470.423 802.797 324.912 627.258 282.974 802.1 176.916 546.769 850.554 89.457 417.747 359.179 354.526 1000000000.0 503.908 686.183 38.819 100.972 138.39 296.864 19.683 189.209 244.91 267.376 896.46 137.172 539.153 891.439 41.1 644.316 506.002 877.414 457.335 882.615 984.526 461.929 103.152 300.206 592.355 343.182 532.342 529.374 913.131 637.689 889.06 308.911 516.912 103.918 253.843 471.967 536.591 863.343 325.667 546.969 598.184 471.375 817.079 725.705 528.973 484.769 844.421 139.8 851.79 23.267 753.176
510.804 981.998 30.809 993.329 796.721 86.475 230.278 847.423 669.662 49.483 712.47 457.936 183.035 310.515 802.547 481.466 715.58 183.623 542.47 979.579 669.79 535.965 513.647 86.827 275.139 145.344 89.697 498.234 998.0 944.597 846.443 481.875 327.42 262.889 936.394 810.863 130.443 555.774 23.462 442.734 415.873 409.066 639.702 326.17 446.342 763.206 936.103 716.102 503.908 1000000000.0 602.834 514.536 718.758 574.864 568.455 360.118 527.18 776.641 724.239 897.027 422.332 532.206 799.096 329.514 125.18 44.643 317.122 23.543 438.319 81.119 182.382 334.973 127.23 699.946 495.658 117.006 977.704 726.817 82.51 505.589 832.629 268.804 322.308 62.993 983.811 640.591 153.307 615.272 454.117 577.512 330.764 47.516 228.032 145.888 35.742 665.098 519.956 805.187 846.771 20.248
309.293 515.603 960.934 738.178 771.815 169.541 807.8 27.492 940.472 591.616 866.921 641.759 641.583 188.342 307.228 79.327 22.753 556.444 564.469 448.124 676.404 396.987 110.71 305.131 477.974 690.237 714.409 971.772 947.264 577.752 849.547 332.809 920.5 15.945 801.819 163.111 329.946 531.822 78.802 282.03 238.17 457.856 777.372 817.384 768.279 187.553 18.644 637.878 686.183 602.834 1000000000.0 10.727 91.218 279.169 36.704 82.008 371.418 410.042 864.891 46.129 276.866 666.487 484.676 941.031 13.693 376.714 44.038 624.069 957.564 972.363 667.588 183.512 195.663 828.418 110.799 658.71 904.407 146.509 819.245 30.599 914.722 28.623 668.674 786.687 543.228 725.682 19.322 451.598 538.493 138.712 343.732 818.002 955.012 365.206 729.695 483.015 525.717 399.334 96.31 643.991
