100
1000000000.0 412.923 972.224 911.781 964.171 355.933 653.797 164.784 561.405 1.069 479.012 772.077 279.719 354.263 758.087 802.532 212.7 511.064 441.673 953.804 478.399 578.151 636.349 285.511 499.764 994.837 214.001 125.494 603.115 377.873 221.4 775.002 584.21 205.058 737.895 852.601 139.229 316.853 277.778 992.948 825.63 666.153 624.233 438.612 8.263 376.083 823.759 787.597 990.438 904.991 380.665 879.844 925.78 55.242 477.755 702.907 207.891 138.249 198.275 229.513 921.184 117.988 673.989 723.479 64.745 727.305 417.883 469.189 528.559 811.941 207.848 683.061 989.891 570.106 982.531 631.387 444.144 870.957 164.719 752.069 200.211 261.741 158.394 999.231 699.276 152.658 311.922 70.02 689.406 850.533 316.315 994.529 833.508 756.554 155.044 379.98 883.603 890.071 239.42 380.463
412.923 1000000000.0 81.634 854.864 385.214 341.145 803.478 905.451 74.962 589.517 217.017 241.329 418.539 595.118 495.425 431.684 915.352 802.841 960.51 381.225 88.3 813.207 41.958 110.837 511.45 996.252 358.255 191.995 115.286 532.757 253.918 458.858 562.673 853.204 182.006 71.677 816.95 575.496 752.199 49.805 257.812 123.698 955.443 500.773 786.362 639.881 501.189 961.797 302.829 519.944 350.789 595.871 106.388 262.07 890.943 876.175 12.33 20.997 52.47 181.422 22.321 488.537 520.429 825.129 799.267 314.411 92.842 835.841 505.477 733.918 181.322 458.364 762.433 550.05 335.564 938.066 799.035 220.449 102.669 674.012 395.431 525.451 597.508 567.862 406.634 892.233 880.41 227.126 609.95 72.451 43.786 877.651 411.793 675.105 54.901 996.527 628.433 560.751 138.186 76.762
972.224 81.634 1000000000.0 165.401 396.798 8.822 243.054 446.526 579.789 549.506 241.197 140.567 184.499 294.234 463.166 482.985 89.148 677.26 841.534 544.388 992.523 597.147 402.249 304.789 147.871 358.373 734.64 5.082 507.53 663.896 652.606 606.147 192.382 453.024 204.478 803.586 715.765 67.062 418.992 279.475 300.393 807.03 581.339 383.997 814.809 198.967 52.032 765.865 694.377 430.78 629.138 967.95 923.038 205.599 211.689 334.703 519.861 234.056 595.136 235.112 385.581 289.328 449.823 61.471 972.398 643.549 513.912 791.314 778.339 111.118 585.927 623.992 239.065 261.385 777.128 255.237 22.688 46.002 822.393 542.274 207.715 324.719 368.229 198.781 996.987 478.464 102.534 595.737 90.725 753.278 408.808 243.079 871.88 314.361 769.486 554.715 75.373 942.36 111.575 204.699
911.781 854.864 165.401 1000000000.0 950.141 796.626 555.018 323.772 252.474 814.376 548.305 75.649 301.644 6.886 919.129 471.614 280.674 962.955 714.933 28.792 76.418 503.489 501.098 291.997 244.845 806.702 248.938 557.071 85.43 719.863 335.04 422.764 679.716 713.646 327.093 167.418 135.417 273.739 988.625 268.258 985.848 754.809 545.077 542.527 593.769 716.261 557.598 558.512 804.955 11.354 451.909 85.131 652.982 770.656 746.434 230.228 63.944 806.787 508.979 325.301 361.296 282.381 280.925 251.403 53.092 207.378 913.774 185.773 199.4 991.173 19.786 90.032 207.878 77.817 659.23 747.709 616.593 189.003 861.054 102.409 256.751 392.276 641.011 992.301 322.807 654.553 251.692 118.894 15.458 954.138 825.251 323.096 20.388 603.977 838.83 48.079 911.933 200.185 279.114 340.682
964.171 385.214 396.798 950.141 1000000000.0 414.556 161.132 53.651 242.705 193.242 925.629 767.104 929.185 467.755 460.343 892.696 812.952 723.863 541.147 637.726 193.267 458.744 6.273 817.068 434.908 903.296 472.068 364.699 352.125 636.075 897.898 311.35 33.739 933.45 738.651 206.295 30.386 703.748 874.396 660.075 66.38 639.918 93.622 724.357 982.304 770.233 559.952 65.793 140.557 621.491 85.61 774.996 349.596 204.171 728.411 405.092 277.418 69.087 970.029 494.823 188.667 640.475 951.832 844.488 570.315 972.04 245.286 850.31 371.496 487.648 666.502 236.511 920.822 582.36 5.303 561.298 417.177 911.486 54.847 653.529 542.07 597.582 158.622 665.413 38.395 914.696 740.892 350.334 118.658 927.957 258.034 906.599 546.882 262.024 68.105 44.786 537.435 978.959 134.863 387.123
355.933 341.145 8.822 796.626 414.556 1000000000.0 117.579 610.704 195.011 5.688 480.217 327.184 268.41 784.772 36.337 2.181 177.613 815.683 69.6 956.042 938.04 458.002 311.688 288.951 199.007 624.822 599.528 72.052 352.82 753.989 881.808 471.478 250.403 569.663 794.147 975.575 29.501 673.845 735.39 819.742 572.084 181.805 434.549 278.155 556.149 831.507 717.042 793.241 320.352 391.828 664.665 674.446 667.173 675.834 841.868 417.917 517.352 515.356 821.437 710.919 58.69 136.392 109.246 390.966 827.843 260.396 919.705 413.844 135.989 532.793 895.962 823.23 345.086 250.39 715.72 116.717 246.47 326.648 257.806 514.972 158.154 190.998 746.817 702.155 867.464 997.637 382.624 310.274 199.202 238.566 953.048 72.805 484.049 93.875 668.243 792.102 942.599 938.573 54.74 637.711
653.797 803.478 243.054 555.018 161.132 117.579 1000000000.0 356.705 653.442 553.973 467.206 538.58 814.586 902.417 99.952 263.403 195.797 440.842 858.792 314.157 776.109 583.467 241.799 469.581 955.324 471.527 988.761 785.648 172.308 915.723 276.869 496.385 875.317 76.43 107.752 335.891 313.011 72.9 390.133 412.783 204.345 256.701 940.834 73.348 77.677 859.358 358.267 776.483 49.843 334.621 527.994 305.714 424.094 271.297 64.009 893.37 461.055 279.308 994.199 116.077 417.797 591.859 661.701 856.631 907.287 723.482 749.993 184.703 365.007 65.004 288.28 122.109 844.655 764.925 443.06 671.628 950.065 1.373 994.436 627.861 11.662 982.592 38.267 249.82 50.828 715.407 891.12 347.955 762.671 977.954 184.328 838.092 60.505 395.156 325.198 254.432 154.143 21.3 662.454 719.412
164.784 905.451 446.526 323.772 53.651 610.704 356.705 1000000000.0 625.369 533.551 667.056 639.424 530.58 261.958 307.564 219.27 721.675 255.614 987.262 51.659 974.716 77.194 899.892 595.224 476.426 317.926 148.219 312.293 565.384 521.11 801.387 97.183 712.18 399.725 19.979 23.354 528.388 158.31 608.245 883.047 881.219 900.269 287.127 543.942 405.418 735.075 752.672 984.018 226.182 815.394 564.78 73.643 933.023 406.045 741.64 45.619 574.819 342.292 7.595 188.974 161.812 604.04 371.326 657.816 258.769 137.581 107.225 165.984 652.925 454.106 539.825 114.097 747.267 344.008 560.449 97.923 992.492 657.877 428.098 105.479 358.038 24.246 534.691 247.541 225.858 288.074 102.635 586.009 368.962 165.105 75.35 910.635 354.591 921.228 618.374 98.112 531.925 269.506 52.547 768.858
561.405 74.962 579.789 252.474 242.705 195.011 653.442 625.369 1000000000.0 114.793 925.95 411.739 521.585 785.367 790.042 404.548 329.143 436.137 238.739 873.622 376.157 597.627 712.995 208.664 522.544 135.251 852.492 613.372 890.656 257.335 10.577 951.123 362.634 192.915 273.652 369.693 136.684 312.512 842.707 258.138 820.075 371.36 665.54 11.086 303.581 248.01 660.778 281.572 703.073 367.171 767.71 482.413 194.396 344.655 213.092 76.938 364.394 233.009 845.081 65.198 271.61 663.725 236.478 711.393 930.074 237.226 191.635 631.877 356.328 57.749 260.113 310.054 199.048 667.614 750.463 636.625 117.19 728.61 741.946 130.279 686.201 960.682 179.912 565.14 387.433 629.865 948.918 22.693 401.384 916.935 410.298 825.532 568.518 408.92 108.41 679.272 520.519 788.678 63.785 339.634
1.069 589.517 549.506 814.376 193.242 5.688 553.973 533.551 114.793 1000000000.0 62.034 872.263 740.732 387.467 937.294 574.42 593.464 250.25 554.471 289.839 521.009 770.528 602.356 127.769 857.8 80.068 212.667 277.797 78.113 352.368 95.721 47.75 321.288 323.15 652.377 462.427 64.113 88.006 190.655 939.279 530.117 584.352 562.386 97.892 396.525 108.078 279.598 437.374 983.918 347.845 443.715 715.481 389.396 57.009 789.723 845.512 702.539 36.427 971.749 437.222 778.835 188.475 421.858 272.288 368.78 470.614 540.506 226.141 386.665 124.794 337.175 831.888 618.487 958.823 651.448 36.025 283.704 458.422 374.321 301.816 607.998 31.204 203.917 985.309 611.992 315.618 747.922 2.744 613.554 383.837 52.956 657.081 224.312 825.145 356.14 453.653 803.061 751.411 655.169 132.091
479.012 217.017 241.197 548.305 925.629 480.217 467.206 667.056 925.95 62.034 1000000000.0 250.197 291.232 541.26 956.269 220.885 440.055 375.174 774.015 713.236 496.451 438.772 996.197 971.656 291.08 172.078 167.463 800.804 33.947 900.357 918.339 14.982 692.302 347.381 245.128 942.025 703.311 10.856 779.307 541.205 680.131 83.439 365.735 752.508 712.62 604.251 801.295 533.256 210.14 939.687 219.804 833.424 91.076 669.047 113.34 172.508 745.516 217.58 391.554 855.187 829.135 825.678 318.538 46.249 579.725 221.506 549.442 32.567 283.595 609.788 667.33 880.796 548.196 601.464 192.223 768.998 722.272 977.073 803.48 642.172 963.481 653.903 916.981 63.103 605.103 896.221 411.588 364.564 401.475 743.328 524.31 331.305 148.706 332.399 428.818 524.782 142.145 514.845 242.774 242.041
772.077 241.329 140.567 75.649 767.104 327.184 538.58 639.424 411.739 872.263 250.197 1000000000.0 592.579 417.904 187.539 468.433 234.686 620.399 184.911 83.554 459.632 495.799 641.561 967.306 66.007 381.182 784.453 191.037 747.868 319.115 182.478 798.32 509.778 306.265 367.463 739.275 224.08 890.349 93.223 726.467 76.493 821.951 776.679 429.445 325.726 144.366 946.281 728.016 634.398 38.403 911.71 240.707 824.313 556.827 921.159 818.219 153.436 814.59 567.44 667.12 816.568 705.318 671.086 286.108 559.233 196.724 787.555 388.347 146.311 53.525 562.745 84.413 72.699 407.528 478.587 396.537 871.314 214.1 79.668 316.067 633.605 619.778 327.18 119.678 124.457 449.287 185.674 117.998 812.822 65.229 916.927 771.096 291.035 817.181 210.23 676.896 334.932 719.911 238.607 14.846
279.719 418.539 184.499 301.644 929.185 268.41 814.586 530.58 521.585 740.732 291.232 592.579 1000000000.0 307.72 9.959 688.049 286.608 666.866 921.59 49.549 624.341 631.999 630.107 53.619 988.024 880.42 820.082 440.068 726.972 548.056 757.392 103.728 159.505 527.477 543.136 660.654 50.758 706.064 431.592 140.878 439.496 693.017 62.123 957.787 708.94 362.374 833.17 570.8 647.974 787.9 346.56 522.045 963.163 743.716 695.416 18.686 665.65 785.614 899.362 335.751 94.654 919.267 405.328 918.282 881.213 853.072 567.677 650.017 54.503 708.048 726.376 886.008 684.316 617.609 329.024 333.052 657.207 165.741 428.191 999.108 261.984 59.431 905.853 804.263 720.257 935.877 426.436 452.076 340.781 76.107 607.729 460.927 399.065 376.133 735.727 926.354 534.421 433.472 102.764 841.568
354.263 595.118 294.234 6.886 467.755 784.772 902.417 261.958 785.367 387.467 541.26 417.904 307.72 1000000000.0 258.065 224.4 293.703 59.369 507.168 113.988 935.757 165.681 225.78 870.147 309.101 538.88 439.079 375.286 997.989 51.845 944.103 135.309 15.241 617.482 814.503 706.188 335.98 559.633 624.111 117.706 129.654 835.129 872.359 398.27 662.03 933.965 75.833 849.212 32.507 967.085 318.03 594.466 263.781 486.947 214.913 862.669 758.148 718.237 839.131 59.415 382.576 886.735 193.951 912.021 740.167 797.466 329.399 75.565 727.986 714.871 11.099 585.508 309.781 567.562 128.589 382.028 682.493 31.226 416.231 956.399 292.311 244.757 641.333 699.813 756.991 274.016 896.899 392.897 412.709 608.466 231.662 420.269 363.816 862.408 198.808 405.182 481.071 920.516 869.575 980.25
758.087 495.425 463.166 919.129 460.343 36.337 99.952 307.564 790.042 937.294 956.269 187.539 9.959 258.065 1000000000.0 301.505 133.144 851.39 153.578 478.076 728.425 797.096 671.021 798.8 234.416 448.403 20.415 592.611 756.345 498.055 19.791 960.844 108.023 946.908 943.484 523.282 405.469 886.225 285.324 187.881 369.806 632.686 978.721 843.751 404.125 2.327 609.066 780.972 986.801 395.409 78.072 218.284 33.092 900.443 273.549 507.193 801.362 316.717 164.152 376.563 697.602 730.757 961.542 695.098 23.163 401.746 364.129 724.742 425.202 344.681 457.485 521.504 965.279 871.379 282.252 460.405 512.567 459.344 186.873 28.698 448.242 549.329 469.678 32.17 291.683 433.092 504.778 902.12 668.768 423.324 231.69 919.983 158.795 131.415 455.734 996.115 772.358 46.053 119.487 978.516
802.532 431.684 482.985 471.614 892.696 2.181 263.403 219.27 404.548 574.42 220.885 468.433 688.049 224.4 301.505 1000000000.0 536.665 473.959 880.805 555.532 394.735 560.167 224.591 478.042 783.921 976.673 487.404 421.894 347.141 662.34 946.596 701.393 26.865 704.761 6.013 644.271 991.774 108.374 170.285 177.859 871.651 898.199 920.352 767.952 683.677 542.4 501.639 110.169 867.559 812.832 452.577 452.532 295.969 44.281 202.879 622.37 912.885 160.838 104.095 773.18 493.922 73.679 18.424 68.128 799.418 573.169 326.044 76.574 315.438 144.627 306.181 984.498 538.148 252.368 684.591 405.796 149.94 158.09 37.005 110.376 994.223 579.789 460.646 159.035 292.635 715.6 589.555 772.702 337.791 888.265 573.232 224.994 505.496 989.517 83.09 747.088 991.703 120.615 592.882 479.112
212.7 915.352 89.148 280.674 812.952 177.613 195.797 721.675 329.143 593.464 440.055 234.686 286.608 293.703 133.144 536.665 1000000000.0 21.568 630.484 37.999 574.061 132.007 44.834 698.576 76.783 169.802 705.654 704.713 578.838 330.218 776.838 342.07 377.63 391.493 228.382 510.15 990.368 747.526 365.115 938.999 779.661 86.996 631.646 605.967 596.315 271.053 29.325 873.528 131.774 3.347 12.894 644.795 803.928 86.753 429.025 133.259 901.91 947.133 990.807 889.425 999.88 496.19 619.306 710.026 850.423 608.807 911.648 8.435 932.688 231.618 524.379 612.673 451.452 231.319 179.802 38.723 31.184 11.744 111.788 711.439 871.706 928.914 286.99 344.909 351.0 774.754 32.53 928.924 910.372 744.513 236.139 573.031 471.394 30.919 703.183 500.596 299.464 100.741 351.284 237.746
511.064 802.841 677.26 962.955 723.863 815.683 440.842 255.614 436.137 250.25 375.174 620.399 666.866 59.369 851.39 473.959 21.568 1000000000.0 960.914 803.563 914.21 61.362 788.969 717.434 294.093 285.869 406.594 114.177 86.706 201.611 792.216 555.112 328.128 606.591 848.41 485.351 857.644 923.199 279.361 732.009 899.727 769.16 652.669 345.34 842.052 531.342 169.173 837.874 60.845 807.993 756.601 2.966 992.592 373.021 58.398 742.463 64.833 472.46 975.951 543.654 659.147 724.918 38.767 611.252 318.663 302.809 7.914 620.457 866.502 666.107 686.923 567.466 425.982 262.751 90.789 141.347 293.894 478.195 939.594 514.191 71.18 441.275 182.707 106.716 766.466 273.113 699.695 435.358 208.759 809.12 23.462 651.234 316.484 198.734 153.365 53.268 337.183 726.521 817.792 198.764
441.673 960.51 841.534 714.933 541.147 69.6 858.792 987.262 238.739 554.471 774.015 184.911 921.59 507.168 153.578 880.805 630.484 960.914 1000000000.0 171.886 615.54 716.899 302.863 333.666 499.678 846.663 592.012 212.501 786.877 490.118 615.406 565.682 928.225 739.123 602.821 732.984 607.872 667.533 510.97 794.95 665.148 288.884 100.625 366.279 757.377 134.621 203.495 237.905 780.563 381.19 470.419 475.729 751.557 308.593 997.426 209.385 630.886 428.845 676.577 10.302 322.678 528.153 292.957 764.174 841.575 259.987 317.491 95.313 959.133 451.914 423.789 59.69 861.792 225.824 417.645 472.585 88.354 757.732 609.651 901.981 56.047 752.553 90.165 87.813 889.527 190.416 235.294 873.485 412.191 431.021 622.522 903.486 367.34 853.224 226.185 317.17 561.061 14.298 686.882 217.079
953.804 381.225 544.388 28.792 637.726 956.042 314.157 51.659 873.622 289.839 713.236 83.554 49.549 113.988 478.076 555.532 37.999 803.563 171.886 1000000000.0 180.839 472.36 627.853 859.464 859.303 55.113 395.911 415.152 263.155 459.592 576.385 663.281 512.944 600.568 573.362 909.717 997.235 712.122 430.338 327.983 150.434 137.792 540.071 837.668 77.249 781.123 455.86 65.353 867.417 356.875 291.328 194.857 548.696 632.648 403.914 918.952 243.839 179.042 396.817 427.705 171.074 503.085 755.607 212.061 726.526 113.698 268.878 313.229 503.155 988.887 61.536 187.535 363.059 579.842 609.195 953.164 403.24 486.414 907.502 174.272 100.034 683.865 304.876 925.737 97.764 112.582 44.866 529.365 156.873 285.911 148.102 547.684 714.872 354.857 503.477 692.6 459.076 332.272 160.324 838.008
478.399 88.3 992.523 76.418 193.267 938.04 776.109 974.716 376.157 521.009 496.451 459.632 624.341 935.757 728.425 394.735 574.061 914.21 615.54 180.839 1000000000.0 199.73 786.222 232.868 651.715 719.407 102.659 951.057 905.709 511.222 790.339 725.239 791.765 767.696 788.061 960.93 787.352 479.908 757.084 548.85 448.641 720.064 191.793 969.936 651.287 349.833 961.94 162.411 782.227 72.866 842.144 209.786 2.497 711.766 560.558 326.458 93.559 984.729 66.8 802.986 50.145 923.83 449.164 581.39 468.542 270.863 766.853 949.031 434.826 189.539 849.276 230.339 186.4 153.311 114.887 630.861 489.547 742.94 420.929 616.02 828.056 226.844 736.182 425.289 441.035 298.978 941.512 533.717 20.728 509.381 513.222 53.763 464.148 686.912 876.319 155.105 621.568 587.817 646.158 342.289
578.151 813.207 597.147 503.489 458.744 458.002 583.467 77.194 597.627 770.528 438.772 495.799 631.999 165.681 797.096 560.167 132.007 61.362 716.899 472.36 199.73 1000000000.0 49.761 447.316 359.134 985.376 408.406 566.706 55.198 509.922 683.189 497.562 240.883 554.188 294.445 628.878 808.276 118.905 709.442 146.179 18.3 108.492 317.035 733.101 110.675 96.813 180.252 207.974 687.09 762.706 894.569 814.103 204.181 63.353 901.448 473.788 426.468 550.231 80.509 693.512 365.761 311.058 273.003 398.632 616.733 857.723 755.921 561.09 828.256 765.462 910.778 814.966 96.377 120.623 182.253 662.505 775.168 265.952 317.361 28.04 746.706 145.277 588.091 382.245 753.9 486.463 372.323 757.932 612.334 238.458 162.634 845.029 912.814 48.818 514.72 359.147 191.709 268.931 958.819 462.654
636.349 41.958 402.249 501.098 6.273 311.688 241.799 899.892 712.995 602.356 996.197 641.561 630.107 225.78 671.021 224.591 44.834 788.969 302.863 627.853 786.222 49.761 1000000000.0 113.191 924.654 602.655 103.495 564.775 162.464 35.718 471.098 617.144 265.829 92.346 939.207 648.745 474.452 286.092 720.669 858.162 34.138 207.42 400.981 904.834 157.733 198.295 397.763 250.598 115.972 460.855 310.198 341.421 19.187 276.331 672.213 759.347 711.878 104.732 653.013 204.697 506.073 493.395 655.085 640.325 498.003 349.799 919.931 520.01 509.461 247.129 943.628 838.734 12.756 458.791 280.901 983.344 523.521 59.742 927.02 617.082 790.419 771.782 500.087 150.983 172.57 582.865 549.544 811.974 110.077 861.011 953.505 277.78 560.296 520.259 271.974 870.959 668.234 65.896 543.33 739.945
285.511 110.837 304.789 291.997 817.068 288.951 469.581 595.224 208.664 127.769 971.656 967.306 53.619 870.147 798.8 478.042 698.576 717.434 333.666 859.464 232.868 447.316 113.191 1000000000.0 236.235 260.693 491.13 648.811 443.057 913.426 67.528 888.807 742.618 856.519 354.434 300.582 376.48 125.257 295.274 274.457 154.667 220.014 771.173 651.485 534.165 595.432 696.736 676.652 332.33 212.288 109.441 532.94 708.762 853.985 29.26 199.319 357.317 580.244 289.717 59.705 91.931 835.441 240.096 812.145 757.114 302.063 598.73 310.236 862.473 482.689 636.656 403.03 600.226 442.854 801.884 428.554 947.998 348.589 931.955 188.479 539.146 524.931 102.492 519.119 479.998 920.853 968.861 577.423 900.385 617.325 542.746 787.653 819.893 953.544 567.268 722.759 98.117 166.788 76.908 19.424
499.764 511.45 147.871 244.845 434.908 199.007 955.324 476.426 522.544 857.8 291.08 66.007 988.024 309.101 234.416 783.921 76.783 294.093 499.678 859.303 651.715 359.134 924.654 236.235 1000000000.0 990.309 853.21 695.73 248.32 637.857 680.782 17.98 527.882 380.211 955.501 472.665 228.755 163.108 121.503 388.9 357.186 768.196 255.147 242.131 506.295 589.124 974.727 944.407 221.001 693.344 497.47 756.105 624.531 480.455 895.793 775.173 508.155 531.172 504.092 326.947 865.338 516.658 353.571 391.271 139.756 605.951 761.869 921.92 126.829 52.539 714.1 146.999 346.96 813.388 862.754 378.25 661.541 654.95 664.743 930.987 109.292 423.986 516.345 68.595 188.282 560.489 429.939 150.83 932.476 461.635 685.949 623.136 821.355 28.861 979.845 647.037 516.838 681.916 29.394 181.459
994.837 996.252 358.373 806.702 903.296 624.822 471.527 317.926 135.251 80.068 172.078 381.182 880.42 538.88 448.403 976.673 169.802 285.869 846.663 55.113 719.407 985.376 602.655 260.693 990.309 1000000000.0 252.698 174.848 991.895 329.019 77.06 986.517 302.5 902.339 324.796 348.556 449.516 677.668 333.151 715.577 742.37 653.105 29.703 36.8 365.976 483.796 533.774 374.977 894.769 704.647 202.483 928.995 342.164 929.51 332.767 362.561 996.798 475.83 565.312 206.434 51.487 417.885 842.546 10.866 463.149 745.537 434.456 770.999 873.636 412.711 733.966 146.395 847.511 298.686 501.545 921.552 138.971 389.328 372.248 891.61 547.089 489.795 881.278 684.328 515.639 17.945 625.617 159.629 265.89 283.466 525.177 750.853 864.937 883.919 740.043 710.2 300.985 363.32 326.565 325.137
214.001 358.255 734.64 248.938 472.068 599.528 988.761 148.219 852.492 212.667 167.463 784.453 820.082 439.079 20.415 487.404 705.654 406.594 592.012 395.911 102.659 408.406 103.495 491.13 853.21 252.698 1000000000.0 739.659 820.173 125.97 654.904 515.645 872.393 320.643 16.25 428.337 515.838 378.935 503.382 956.324 383.139 62.516 413.985 172.124 794.125 182.737 379.945 64.727 585.004 393.533 80.588 714.06 470.852 802.212 887.401 742.525 4.209 81.579 899.476 462.755 125.898 152.404 98.182 465.405 549.836 65.693 285.235 308.289 115.643 827.244 49.786 580.749 53.472 649.66 372.94 447.037 130.756 3.886 679.721 323.804 394.939 488.481 458.773 890.458 207.314 887.411 581.874 460.779 67.998 16.812 73.933 417.595 939.989 759.771 733.706 874.154 474.297 375.545 222.176 373.605
125.494 191.995 5.082 557.071 364.699 72.052 785.648 312.293 613.372 277.797 800.804 191.037 440.068 375.286 592.611 421.894 704.713 114.177 212.501 415.152 951.057 566.706 564.775 648.811 695.73 174.848 739.659 1000000000.0 755.042 77.423 521.441 207.205 433.72 296.514 181.6 334.337 20.817 717.578 592.96 844.366 503.818 819.886 327.21 700.66 396.222 96.55 351.984 233.166 415.477 175.672 517.914 320.971 670.002 455.403 744.306 236.334 839.569 785.022 421.925 33.753 599.957 250.563 604.852 498.507 636.494 781.028 705.98 942.011 112.01 955.743 794.861 431.544 631.565 68.98 344.888 60.673 428.108 769.094 540.308 962.251 569.134 491.699 866.963 407.349 300.644 335.071 112.094 232.561 56.378 331.207 902.883 760.365 547.112 162.403 930.57 251.717 69.566 377.99 353.476 161.043
603.115 115.286 507.53 85.43 352.125 352.82 172.308 565.384 890.656 78.113 33.947 747.868 726.972 997.989 756.345 347.141 578.838 86.706 786.877 263.155 905.709 55.198 162.464 443.057 248.32 991.895 820.173 755.042 1000000000.0 994.993 294.002 180.708 752.409 720.33 790.505 952.432 9.587 301.59 935.529 328.125 146.253 935.789 43.53 397.136 923.237 501.472 998.703 692.288 470.595 132.462 473.068 786.941 250.609 571.137 884.526 150.991 520.702 594.803 643.75 454.301 227.439 456.783 949.294 65.401 877.247 940.524 624.033 291.099 201.716 178.811 376.424 996.697 712.205 467.278 788.042 702.689 564.343 320.244 289.68 290.039 570.971 40.76 103.293 243.558 562.851 368.553 447.173 686.962 139.818 444.438 376.928 816.53 520.818 813.536 783.549 410.84 357.543 279.77 398.297 706.26
377.873 532.757 663.896 719.863 636.075 753.989 915.723 521.11 257.335 352.368 900.357 319.115 548.056 51.845 498.055 662.34 330.218 201.611 490.118 459.592 511.222 509.922 35.718 913.426 637.857 329.019 125.97 77.423 994.993 1000000000.0 201.213 142.455 715.383 100.808 497.635 800.778 187.89 906.048 132.486 167.826 713.632 914.001 276.791 623.459 888.729 754.691 383.219 957.715 231.542 676.088 184.124 742.751 96.6 194.844 114.902 549.565 334.752 224.802 677.321 659.489 630.306 322.025 148.949 921.709 473.558 966.499 213.842 227.555 546.62 437.103 729.654 32.972 440.912 58.463 220.527 224.865 90.155 49.173 512.295 116.676 747.741 490.965 61.283 902.133 326.148 14.864 228.233 137.253 367.406 230.754 529.126 965.873 955.454 112.248 605.311 334.98 433.142 483.307 509.809 828.941
221.4 253.918 652.606 335.04 897.898 881.808 276.869 801.387 10.577 95.721 918.339 182.478 757.392 944.103 19.791 946.596 776.838 792.216 615.406 576.385 790.339 683.189 471.098 67.528 680.782 77.06 654.904 521.441 294.002 201.213 1000000000.0 368.311 201.464 8.878 521.718 155.435 659.383 890.531 951.204 286.589 246.165 541.816 230.673 771.163 516.149 150.692 222.833 27.46 50.483 93.78 674.452 934.004 378.635 119.677 795.589 825.467 313.954 517.832 292.524 182.107 118.859 846.83 986.908 48.766 591.162 560.555 259.912 12.91 335.397 693.947 93.562 112.25 904.741 46.933 33.396 308.093 687.563 52.76 776.893 358.695 987.215 948.41 74.675 884.422 102.162 371.856 889.139 599.457 73.981 367.142 45.412 406.585 917.022 180.875 467.762 594.475 132.684 557.0 299.009 43.256
775.002 458.858 606.147 422.764 311.35 471.478 496.385 97.183 951.123 47.75 14.982 798.32 103.728 135.309 960.844 701.393 342.07 555.112 565.682 663.281 725.239 497.562 617.144 888.807 17.98 986.517 515.645 207.205 180.708 142.455 368.311 1000000000.0 510.2 522.184 406.088 38.939 486.444 141.928 891.735 869.194 661.575 997.257 474.12 35.528 967.506 950.775 424.439 635.769 293.488 536.542 935.728 273.149 56.924 115.225 121.775 370.188 274.422 398.67 23.408 152.355 496.785 302.601 895.399 484.761 170.026 229.741 83.697 648.83 978.816 645.774 910.507 61.776 212.867 108.875 752.118 851.721 186.662 751.263 638.552 208.262 465.458 457.203 643.33 32.924 273.193 78.13 53.782 26.322 853.643 890.839 821.842 358.393 832.612 676.679 166.164 346.247 619.087 375.891 441.794 983.731
584.21 562.673 192.382 679.716 33.739 250.403 875.317 712.18 362.634 321.288 692.302 509.778 159.505 15.241 108.023 26.865 377.63 328.128 928.225 512.944 791.765 240.883 265.829 742.618 527.882 302.5 872.393 433.72 752.409 715.383 201.464 510.2 1000000000.0 605.527 206.513 47.742 17.739 245.672 985.242 985.637 375.918 218.867 642.067 916.191 649.179 278.016 478.051 75.881 93.105 830.274 421.735 908.653 511.516 87.823 128.344 157.87 34.422 939.688 476.043 346.344 812.275 843.251 856.375 74.708 858.869 146.854 492.71 747.845 451.65 860.449 20.892 680.004 402.385 132.526 643.599 84.508 49.152 986.842 217.136 152.96 644.602 241.91 760.036 803.211 610.477 853.061 262.504 48.544 751.016 766.199 43.125 116.548 514.225 220.21 863.639 830.947 913.751 346.408 28.173 334.95
205.058 853.204 453.024 713.646 933.45 569.663 76.43 399.725 192.915 323.15 347.381 306.265 527.477 617.482 946.908 704.761 391.493 606.591 739.123 600.568 767.696 554.188 92.346 856.519 380.211 902.339 320.643 296.514 720.33 100.808 8.878 522.184 605.527 1000000000.0 492.126 214.893 308.777 808.274 814.005 39.222 527.807 922.803 319.515 920.039 630.974 489.81 88.423 871.677 733.987 390.123 255.895 6.093 722.156 370.176 998.373 4.583 846.062 685.758 772.073 255.756 1.301 918.534 351.205 807.746 845.717 434.229 515.277 312.466 449.231 788.131 497.198 339.207 17.405 400.648 130.861 773.765 788.295 658.23 593.901 461.015 272.036 203.697 327.087 365.368 423.302 360.067 311.048 924.931 138.3 410.098 254.766 34.873 446.504 862.325 676.368 64.913 187.94 262.26 79.683 197.373
737.895 182.006 204.478 327.093 738.651 794.147 107.752 19.979 273.652 652.377 245.128 367.463 543.136 814.503 943.484 6.013 228.382 848.41 602.821 573.362 788.061 294.445 939.207 354.434 955.501 324.796 16.25 181.6 790.505 497.635 521.718 406.088 206.513 492.126 1000000000.0 669.194 273.683 549.875 391.422 780.007 984.418 565.653 195.47 566.726 31.971 229.349 143.908 921.893 930.232 195.013 959.764 305.818 462.904 72.038 121.335 197.591 715.23 15.398 171.468 27.646 496.47 57.36 354.916 312.855 29.482 67.683 993.618 6.615 632.993 552.78 61.165 680.694 644.182 598.627 62.262 277.577 905.557 425.477 957.813 248.702 457.573 445.222 11.557 970.303 325.267 794.061 669.203 760.839 605.501 325.886 559.069 241.635 30.496 399.237 480.305 931.176 916.205 782.002 947.076 695.641
852.601 71.677 803.586 167.418 206.295 975.575 335.891 23.354 369.693 462.427 942.025 739.275 660.654 706.188 523.282 644.271 510.15 485.351 732.984 909.717 960.93 628.878 648.745 300.582 472.665 348.556 428.337 334.337 952.432 800.778 155.435 38.939 47.742 214.893 669.194 1000000000.0 937.344 590.475 890.828 385.811 978.529 502.897 664.864 985.665 779.339 139.665 770.179 421.529 914.959 950.949 906.478 533.099 4.259 211.509 87.718 784.91 645.621 492.981 842.838 328.493 622.508 610.491 687.279 820.59 733.616 724.198 768.745 321.072 857.95 184.475 292.235 970.964 808.069 964.768 134.905 820.294 979.23 795.173 161.83 513.138 785.946 703.486 469.725 462.537 875.844 392.496 265.835 986.454 779.639 419.561 267.881 397.398 736.436 401.022 806.916 188.785 226.449 431.05 908.738 66.781
139.229 816.95 715.765 135.417 30.386 29.501 313.011 528.388 136.684 64.113 703.311 224.08 50.758 335.98 405.469 991.774 990.368 857.644 607.872 997.235 787.352 808.276 474.452 376.48 228.755 449.516 515.838 20.817 9.587 187.89 659.383 486.444 17.739 308.777 273.683 937.344 1000000000.0 808.9 814.8 564.531 758.91 977.735 631.767 963.112 372.384 554.432 590.31 596.353 373.874 588.444 341.975 870.344 12.6 118.586 608.946 521.211 708.656 522.646 255.049 465.831 923.24 224.675 865.438 256.633 98.76 715.055 101.147 48.123 192.245 541.631 953.675 632.211 914.874 744.832 116.556 556.048 742.922 482.114 280.213 731.664 778.315 98.276 598.058 246.991 201.622 747.856 566.707 29.806 517.72 526.649 691.338 269.828 428.89 266.667 143.603 812.366 20.937 41.901 531.983 679.13
316.853 575.496 67.062 273.739 703.748 673.845 72.9 158.31 312.512 88.006 10.856 890.349 706.064 559.633 886.225 108.374 747.526 923.199 667.533 712.122 479.908 118.905 286.092 125.257 163.108 677.668 378.935 717.578 301.59 906.048 890.531 141.928 245.672 808.274 549.875 590.475 808.9 1000000000.0 561.116 354.867 125.964 924.789 423.332 428.989 898.565 899.541 743.254 767.997 471.451 581.515 635.0 958.843 200.293 19.974 956.356 130.031 678.939 481.605 825.573 719.279 536.069 97.457 114.762 259.531 876.147 330.432 156.232 781.679 606.653 180.835 829.956 184.699 981.377 86.343 564.972 308.601 302.539 761.433 684.874 568.913 774.419 221.426 247.79 765.537 338.562 904.5 782.298 585.572 515.17 255.063 695.816 469.023 877.308 366.893 962.767 24.364 773.466 803.891 338.004 12.095
277.778 752.199 418.992 988.625 874.396 735.39 390.133 608.245 842.707 190.655 779.307 93.223 431.592 624.111 285.324 170.285 365.115 279.361 510.97 430.338 757.084 709.442 720.669 295.274 121.503 333.151 503.382 592.96 935.529 132.486 951.204 891.735 985.242 814.005 391.422 890.828 814.8 561.116 1000000000.0 919.539 807.151 460.491 727.95 68.67 624.498 49.039 106.446 10.694 590.664 255.897 987.526 145.874 902.354 345.805 377.578 741.446 567.72 593.818 914.53 52.798 312.75 608.374 344.886 861.6 335.994 291.896 740.509 77.184 101.959 99.162 957.899 633.338 762.274 776.881 807.633 536.015 36.61 686.498 545.041 474.791 61.645 279.76 752.903 126.424 897.942 88.024 951.59 768.364 750.321 316.046 493.933 482.351 948.459 471.784 827.125 104.704 177.986 296.064 230.945 695.383
992.948 49.805 279.475 268.258 660.075 819.742 412.783 883.047 258.138 939.279 541.205 726.467 140.878 117.706 187.881 177.859 938.999 732.009 794.95 327.983 548.85 146.179 858.162 274.457 388.9 715.577 956.324 844.366 328.125 167.826 286.589 869.194 985.637 39.222 780.007 385.811 564.531 354.867 919.539 1000000000.0 305.446 232.624 999.413 720.017 690.584 767.705 967.951 483.728 469.291 244.769 852.606 730.747 859.819 394.154 776.899 911.77 556.73 487.9 406.466 204.725 397.458 814.155 723.21 179.44 716.468 992.42 874.669 937.489 158.631 161.664 528.432 380.737 147.104 931.564 216.41 238.056 978.196 107.058 797.499 652.043 962.815 544.476 438.529 869.939 878.558 657.485 909.027 1.392 750.99 534.382 903.063 402.168 55.534 725.398 941.483 913.402 30.03 265.874 543.206 23.272
825.63 257.812 300.393 985.848 66.38 572.084 204.345 881.219 820.075 530.117 680.131 76.493 439.496 129.654 369.806 871.651 779.661 899.727 665.148 150.434 448.641 18.3 34.138 154.667 357.186 742.37 383.139 503.818 146.253 713.632 246.165 661.575 375.918 527.807 984.418 978.529 758.91 125.964 807.151 305.446 1000000000.0 322.783 758.159 344.278 315.396 553.074 674.037 588.39 535.924 854.796 554.153 846.926 276.297 643.101 385.172 41.821 963.463 239.944 591.371 817.236 435.849 978.439 814.961 681.246 135.901 67.331 424.896 464.436 580.709 254.647 707.113 870.657 792.129 494.121 538.875 332.285 929.564 55.756 753.123 582.294 282.819 237.544 977.234 454.717 134.341 566.203 80.272 283.742 22.98 238.827 882.122 711.84 647.314 933.406 693.569 768.086 255.449 633.881 666.723 656.05
666.153 123.698 807.03 754.809 639.918 181.805 256.701 900.269 371.36 584.352 83.439 821.951 693.017 835.129 632.686 898.199 86.996 769.16 288.884 137.792 720.064 108.492 207.42 220.014 768.196 653.105 62.516 819.886 935.789 914.001 541.816 997.257 218.867 922.803 565.653 502.897 977.735 924.789 460.491 232.624 322.783 1000000000.0 476.105 898.631 129.993 50.969 214.997 533.598 373.374 880.093 223.358 307.071 682.426 973.169 882.453 59.75 363.554 394.599 586.657 393.72 387.291 367.039 808.108 400.906 658.483 882.998 654.275 575.458 302.951 807.446 476.636 554.978 507.492 114.573 50.809 537.351 468.725 213.453 156.338 579.472 834.075 833.71 20.294 2.451 962.873 423.167 567.836 578.076 122.502 745.39 406.588 670.535 970.194 704.197 175.774 175.118 764.042 166.169 955.986 763.499
624.233 955.443 581.339 545.077 93.622 434.549 940.834 287.127 665.54 562.386 365.735 776.679 62.123 872.359 978.721 920.352 631.646 652.669 100.625 540.071 191.793 317.035 400.981 771.173 255.147 29.703 413.985 327.21 43.53 276.791 230.673 474.12 642.067 319.515 195.47 664.864 631.767 423.332 727.95 999.413 758.159 476.105 1000000000.0 420.118 832.528 903.926 196.589 56.205 921.647 965.944 471.323 368.323 387.895 510.576 806.78 892.343 396.464 766.652 817.282 321.1 146.506 503.576 423.814 415.467 485.298 664.804 977.462 643.071 45.691 25.307 826.686 355.348 653.144 781.164 734.772 881.711 975.191 852.889 830.32 534.989 38.084 248.365 698.149 721.845 832.919 761.857 173.63 329.891 93.165 34.179 842.649 372.904 664.45 136.561 840.534 256.21 50.429 237.816 702.425 967.479
438.612 500.773 383.997 542.527 724.357 278.155 73.348 543.942 11.086 97.892 752.508 429.445 957.787 398.27 843.751 767.952 605.967 345.34 366.279 837.668 969.936 733.101 904.834 651.485 242.131 36.8 172.124 700.66 397.136 623.459 771.163 35.528 916.191 920.039 566.726 985.665 963.112 428.989 68.67 720.017 344.278 898.631 420.118 1000000000.0 377.621 555.008 792.61 672.478 474.115 632.884 207.793 470.892 496.455 92.352 30.124 529.837 193.105 700.403 326.948 662.048 394.884 205.93 753.809 391.787 838.735 575.061 369.212 333.491 253.2 579.395 196.974 59.184 759.892 931.865 104.147 858.106 732.278 97.311 106.393 901.187 541.149 614.149 8.938 626.617 604.893 173.211 276.632 73.763 637.84 921.269 885.197 713.633 595.587 228.911 718.756 38.075 27.674 377.604 781.794 402.661
8.263 786.362 814.809 593.769 982.304 556.149 77.677 405.418 303.581 396.525 712.62 325.726 708.94 662.03 404.125 683.677 596.315 842.052 757.377 77.249 651.287 110.675 157.733 534.165 506.295 365.976 794.125 396.222 923.237 888.729 516.149 967.506 649.179 630.974 31.971 779.339 372.384 898.565 624.498 690.584 315.396 129.993 832.528 377.621 1000000000.0 942.368 859.769 176.766 255.739 125.745 757.223 610.797 98.55 526.945 111.585 640.986 690.785 419.236 930.519 500.169 533.137 587.175 359.134 284.174 63.529 384.316 130.954 792.317 941.905 618.417 857.373 64.371 428.168 359.245 149.554 555.254 856.793 689.553 770.862 583.263 10.973 22.665 619.786 455.22 783.429 825.102 864.699 560.567 417.586 997.832 451.36 921.365 313.206 207.152 665.622 242.559 120.887 893.573 886.455 434.176
376.083 639.881 198.967 716.261 770.233 831.507 859.358 735.075 248.01 108.078 604.251 144.366 362.374 933.965 2.327 542.4 271.053 531.342 134.621 781.123 349.833 96.813 198.295 595.432 589.124 483.796 182.737 96.55 501.472 754.691 150.692 950.775 278.016 489.81 229.349 139.665 554.432 899.541 49.039 767.705 553.074 50.969 903.926 555.008 942.368 1000000000.0 837.792 54.95 543.833 464.57 969.607 491.526 601.551 585.575 773.927 730.956 394.905 522.295 524.949 738.487 926.224 18.974 311.381 589.169 663.769 652.343 561.598 68.297 72.235 637.992 133.48 545.864 722.793 99.931 218.11 997.092 603.627 211.593 489.506 243.663 959.318 356.908 934.39 552.38 410.003 293.548 294.378 209.351 673.544 816.359 171.311 835.875 335.272 950.591 20.725 975.311 125.221 198.588 54.182 496.652
823.759 501.189 52.032 557.598 559.952 717.042 358.267 752.672 660.778 279.598 801.295 946.281 833.17 75.833 609.066 501.639 29.325 169.173 203.495 455.86 961.94 180.252 397.763 696.736 974.727 533.774 379.945 351.984 998.703 383.219 222.833 424.439 478.051 88.423 143.908 770.179 590.31 743.254 106.446 967.951 674.037 214.997 196.589 792.61 859.769 837.792 1000000000.0 275.007 378.717 656.423 59.494 172.65 168.847 741.001 98.171 125.003 922.818 374.81 843.693 356.417 992.834 157.702 531.208 76.42 941.607 851.438 437.415 843.882 265.795 646.111 960.919 822.057 632.953 37.917 603.532 147.428 942.87 178.769 218.263 846.983 475.135 277.753 521.837 343.114 642.911 674.836 11.68 780.01 811.137 7.057 793.06 88.235 817.285 611.537 303.996 302.869 665.621 160.712 528.243 350.083
787.597 961.797 765.865 558.512 65.793 793.241 776.483 984.018 281.572 437.374 533.256 728.016 570.8 849.212 780.972 110.169 873.528 837.874 237.905 65.353 162.411 207.974 250.598 676.652 944.407 374.977 64.727 233.166 692.288 957.715 27.46 635.769 75.881 871.677 921.893 421.529 596.353 767.997 10.694 483.728 588.39 533.598 56.205 672.478 176.766 54.95 275.007 1000000000.0 366.08 685.916 169.411 371.049 701.342 257.448 810.902 116.441 537.741 540.16 999.76 651.874 900.548 314.941 929.678 49.53 929.14 247.334 159.571 402.503 294.768 248.255 137.547 248.211 522.197 630.514 914.087 657.296 949.818 1.176 176.813 659.054 580.084 57.756 8.209 100.571 343.295 662.482 974.016 313.579 899.249 144.677 420.968 948.094 144.96 343.299 263.965 835.928 735.64 622.118 653.386 864.604
990.438 302.829 694.377 804.955 140.557 320.352 49.843 226.182 703.073 983.918 210.14 634.398 647.974 32.507 986.801 867.559 131.774 60.845 780.563 867.417 782.227 687.09 115.972 332.33 221.001 894.769 585.004 415.477 470.595 231.542 50.483 293.488 93.105 733.987 930.232 914.959 373.874 471.451 590.664 469.291 535.924 373.374 921.647 474.115 255.739 543.833 378.717 366.08 1000000000.0 165.929 315.755 719.201 771.253 319.642 380.232 174.411 490.736 150.828 173.57 424.902 589.292 548.316 159.874 315.061 892.834 571.923 171.464 295.914 314.448 768.328 300.413 350.356 809.221 645.653 521.36 982.73 348.18 473.467 659.896 230.674 425.163 345.305 118.15 877.729 156.068 611.961 773.776 951.85 537.566 494.339 593.926 427.489 284.356 390.236 253.074 539.933 452.542 784.493 592.943 722.522
904.991 519.944 430.78 11.354 621.491 391.828 334.621 815.394 367.171 347.845 939.687 38.403 787.9 967.085 395.409 812.832 3.347 807.993 381.19 356.875 72.866 762.706 460.855 212.288 693.344 704.647 393.533 175.672 132.462 676.088 93.78 536.542 830.274 390.123 195.013 950.949 588.444 581.515 255.897 244.769 854.796 880.093 965.944 632.884 125.745 464.57 656.423 685.916 165.929 1000000000.0 701.634 117.932 172.565 589.475 189.717 817.068 60.478 266.685 313.159 398.805 860.409 371.68 108.42 130.427 440.975 559.313 447.799 850.164 145.635 399.815 702.425 265.924 587.204 773.337 620.908 400.446 761.958 194.461 445.797 512.316 836.621 442.479 729.288 91.728 255.294 193.362 984.801 39.109 157.411 87.761 932.27 246.466 289.202 855.922 652.415 207.272 284.922 446.982 542.03 807.964
380.665 350.789 629.138 451.909 85.61 664.665 527.994 564.78 767.71 443.715 219.804 911.71 346.56 318.03 78.072 452.577 12.894 756.601 470.419 291.328 842.144 894.569 310.198 109.441 497.47 202.483 80.588 517.914 473.068 184.124 674.452 935.728 421.735 255.895 959.764 906.478 341.975 635.0 987.526 852.606 554.153 223.358 471.323 207.793 757.223 969.607 59.494 169.411 315.755 701.634 1000000000.0 30.201 812.903 124.063 56.781 450.986 481.035 744.364 538.29 56.772 509.584 274.661 314.887 196.426 851.062 72.818 20.614 820.508 987.95 496.542 258.245 770.265 810.085 428.867 954.462 479.638 796.606 764.469 636.231 409.861 464.6 820.524 701.095 858.114 877.06 158.076 936.017 560.881 819.169 842.79 929.778 150.17 424.193 918.297 713.387 351.818 619.642 175.586 932.251 142.246
