100
1000000000.0 648.497 153.237 26.066 985.779 387.617 309.247 330.957 888.428 161.091 382.416 584.486 851.018 728.986 807.237 597.642 441.199 316.828 658.32 67.555 738.877 668.831 204.986 601.002 599.731 968.276 163.447 152.459 267.789 858.841 67.662 312.749 268.672 498.363 786.822 952.0 243.103 64.039 220.603 494.891 908.538 812.488 776.29 112.901 708.114 136.226 29.247 916.842 66.135 648.909 544.26 999.361 953.486 288.24 585.319 892.961 453.375 880.15 156.061 712.277 349.42 207.071 834.408 828.732 332.376 674.622 856.565 505.016 230.45 407.076 223.114 393.627 882.998 837.375 44.743 598.07 404.515 626.847 345.394 523.654 795.998 423.543 12.476 243.678 699.74 849.669 368.492 525.586 308.477 253.198 116.969 791.845 961.936 897.613 670.994 209.771 13.878 205.174 518.678 945.551
648.497 1000000000.0 966.491 211.564 175.018 631.077 690.208 368.84 882.558 506.004 34.857 891.794 137.146 230.299 800.124 814.707 872.743 5.993 500.878 805.728 288.424 978.39 703.661 248.724 672.179 161.225 707.75 301.884 901.833 866.03 646.566 74.283 88.293 752.089 182.841 315.827 79.9 412.552 836.866 116.48 126.738 280.412 440.36 847.41 617.889 223.634 84.677 257.218 818.833 514.501 322.219 711.127 23.064 292.458 825.217 570.895 768.722 501.496 707.756 886.412 158.17 116.937 723.137 839.935 672.639 188.017 336.592 25.497 771.644 312.806 623.257 305.852 704.209 396.534 703.292 662.401 69.012 757.49 244.972 92.401 549.436 752.618 152.132 445.542 726.399 797.51 243.271 379.442 167.511 483.178 540.314 890.819 440.89 969.046 940.041 846.254 788.425 10.396 78.169 915.455
153.237 966.491 1000000000.0 465.48 862.283 60.665 730.185 446.887 328.461 795.529 760.801 950.151 111.824 473.848 342.969 205.113 218.873 822.105 450.489 311.081 527.802 923.388 193.056 166.44 372.116 945.558 373.001 204.7 212.834 53.795 993.306 170.213 704.828 783.223 866.724 426.255 531.074 317.551 235.026 438.579 210.467 449.225 922.649 352.279 801.054 989.617 348.577 143.029 863.847 299.35 503.751 494.138 491.217 453.772 875.315 723.215 642.926 160.968 366.341 979.238 309.064 808.415 697.606 735.42 201.493 99.794 517.335 201.499 87.868 802.55 464.476 447.687 882.521 283.736 797.181 844.908 618.129 395.905 597.194 349.799 163.777 780.562 617.372 142.514 21.707 6.843 908.098 757.978 692.858 463.878 25.09 100.242 726.022 243.185 150.019 318.208 579.095 134.048 994.802 26.694
26.066 211.564 465.48 1000000000.0 719.211 447.262 419.828 123.406 296.772 275.534 850.851 396.347 919.806 300.704 223.303 716.941 702.924 555.326 163.898 437.982 457.422 695.62 694.895 732.955 219.815 839.515 668.159 778.569 866.483 409.111 957.92 935.575 106.606 227.739 78.169 674.034 737.615 483.882 655.452 777.479 196.005 619.516 713.042 945.719 669.004 389.19 916.931 237.381 857.231 70.094 364.57 371.178 878.249 544.321 877.018 529.478 73.542 346.782 734.528 574.303 347.397 86.634 422.71 967.165 356.491 538.69 859.94 814.894 131.077 47.131 9.337 738.042 296.269 67.386 105.715 677.016 270.722 835.28 768.423 114.067 199.28 527.756 411.002 922.808 942.194 3.255 260.041 497.2 308.632 381.493 943.523 210.709 516.539 594.816 675.29 477.372 541.457 864.023 679.425 86.03
985.779 175.018 862.283 719.211 1000000000.0 368.945 117.502 35.263 846.291 237.503 891.977 176.845 175.735 884.966 505.381 412.628 957.516 704.139 381.449 916.497 510.329 229.973 351.074 230.965 71.676 420.36 778.779 114.013 979.162 373.035 487.796 787.904 138.428 741.71 901.119 323.969 687.701 588.614 151.553 659.888 632.963 844.235 600.894 598.185 811.043 595.029 788.22 151.634 115.996 976.425 732.363 99.509 686.97 780.051 986.527 351.721 523.654 152.599 435.581 564.766 866.991 872.651 448.055 633.921 674.812 364.374 539.456 760.072 901.086 474.387 241.825 852.896 234.619 960.579 709.322 340.342 493.002 876.748 875.265 970.991 936.423 412.432 932.997 499.895 46.357 182.177 383.286 814.607 106.393 736.67 895.664 70.11 100.941 926.575 604.087 589.421 953.937 554.101 163.907 312.103
387.617 631.077 60.665 447.262 368.945 1000000000.0 417.278 900.568 197.274 203.176 607.702 277.954 809.776 427.961 354.661 328.866 664.642 855.616 459.35 608.728 512.853 343.377 548.704 88.125 577.888 501.945 597.028 834.791 712.265 25.238 261.704 212.211 102.816 211.126 938.932 898.155 392.501 211.274 395.466 337.919 39.861 366.367 441.341 976.698 27.438 532.968 102.263 929.191 711.064 198.787 516.368 857.468 291.696 325.481 743.672 871.158 352.088 666.35 367.151 479.833 209.611 565.669 72.561 879.351 398.215 263.286 817.505 890.204 293.619 209.442 717.307 182.706 923.369 968.853 464.741 720.178 970.13 878.402 976.87 332.125 244.382 524.292 746.025 227.169 911.09 306.561 974.559 321.508 106.933 469.448 551.713 276.87 990.462 611.861 202.141 102.477 242.8 984.341 254.365 109.682
309.247 690.208 730.185 419.828 117.502 417.278 1000000000.0 527.006 670.951 263.684 373.436 428.407 6.472 999.926 574.777 636.33 4.44 49.618 525.235 534.197 975.603 253.432 719.302 362.618 342.7 986.015 66.255 207.907 430.294 585.331 480.572 584.922 473.82 712.128 829.732 21.822 195.305 141.211 725.654 489.753 931.618 621.317 134.618 487.519 689.988 236.494 499.96 875.799 312.028 275.322 395.688 708.032 82.599 419.807 980.72 907.539 809.429 315.642 201.699 32.202 946.744 323.847 69.867 136.694 144.871 135.285 866.054 243.858 750.932 933.952 749.977 819.198 992.186 793.748 272.452 882.912 572.076 627.976 542.996 482.302 706.276 837.744 235.921 38.968 977.545 683.429 657.316 237.219 180.74 448.626 98.48 583.113 599.234 609.561 110.679 864.138 3.997 663.199 151.454 834.243
330.957 368.84 446.887 123.406 35.263 900.568 527.006 1000000000.0 476.812 486.859 59.69 216.934 704.794 172.89 296.161 211.113 962.738 822.61 572.921 539.422 223.227 520.253 227.683 201.701 24.166 473.116 882.357 159.157 991.309 949.361 127.133 350.545 835.222 552.723 782.695 183.353 145.655 223.997 587.391 935.418 794.926 808.152 179.85 735.018 559.103 260.605 237.34 747.628 774.625 188.835 548.863 991.745 574.949 176.475 262.368 582.959 260.374 415.739 231.024 331.926 426.208 345.557 239.213 687.376 432.255 449.664 33.326 452.896 236.339 980.059 177.499 751.598 762.08 60.738 858.411 629.65 677.245 649.545 554.569 169.361 273.853 797.357 178.739 20.447 641.708 768.627 369.466 555.479 192.263 756.19 913.589 231.976 189.711 462.323 879.708 807.808 441.317 966.849 890.611 626.251
888.428 882.558 328.461 296.772 846.291 197.274 670.951 476.812 1000000000.0 598.815 525.634 335.578 516.426 175.169 211.053 669.625 925.753 929.291 729.362 591.353 940.585 512.848 930.185 298.112 586.583 499.285 650.116 961.377 51.755 454.045 116.42 727.21 714.071 352.278 72.289 156.311 64.839 281.969 542.559 431.057 862.384 343.107 616.108 95.61 164.431 415.527 703.78 555.236 4.413 908.916 651.88 700.977 749.577 181.338 576.48 66.181 102.485 179.657 474.735 724.109 989.734 465.554 96.182 966.176 811.864 625.853 959.146 218.045 162.385 13.839 868.317 403.081 154.52 512.416 623.448 182.576 545.571 474.097 16.316 608.435 628.162 508.309 339.693 3.708 953.985 558.597 476.254 746.126 388.449 427.397 81.786 141.581 16.607 508.12 136.044 738.466 668.18 817.54 143.228 261.737
161.091 506.004 795.529 275.534 237.503 203.176 263.684 486.859 598.815 1000000000.0 131.255 830.722 264.827 483.758 27.379 494.373 58.89 869.402 38.701 361.503 461.961 185.8 291.502 716.895 740.453 399.783 987.979 590.758 391.131 693.405 677.641 43.088 480.069 380.656 895.202 952.494 194.922 314.221 207.925 14.826 219.002 589.587 861.846 424.848 933.678 324.587 633.435 761.564 5.566 104.726 419.376 700.114 458.898 654.211 387.157 922.213 745.0 995.166 678.917 816.453 92.807 545.176 536.77 36.889 513.93 589.136 554.815 526.499 942.156 7.686 664.035 88.386 598.338 650.405 439.664 668.271 72.665 325.011 668.704 496.937 866.466 164.703 559.804 573.907 182.696 684.344 448.777 212.537 807.552 219.667 618.924 925.573 716.913 254.752 562.308 950.344 818.894 197.672 289.542 434.295
382.416 34.857 760.801 850.851 891.977 607.702 373.436 59.69 525.634 131.255 1000000000.0 440.902 409.47 457.366 550.04 669.46 518.522 649.142 230.443 974.004 688.198 757.11 436.494 13.838 882.821 820.652 830.762 185.644 889.611 261.071 737.603 230.816 58.124 871.483 306.479 590.77 985.604 770.567 31.309 526.808 870.758 296.282 827.915 785.893 810.53 678.024 935.867 715.107 620.446 186.062 992.023 632.728 205.513 464.212 665.033 696.387 230.809 615.452 566.662 896.813 727.537 701.526 949.344 544.05 157.933 376.97 587.405 802.365 788.445 156.549 704.207 736.304 893.736 50.797 710.43 732.214 703.403 105.148 568.93 371.563 7.304 294.759 942.442 303.977 833.8 682.745 751.384 332.045 101.795 329.542 254.775 240.679 364.343 236.145 364.642 221.243 128.079 456.236 970.071 390.008
584.486 891.794 950.151 396.347 176.845 277.954 428.407 216.934 335.578 830.722 440.902 1000000000.0 581.518 248.675 271.848 236.142 105.634 899.831 234.025 787.158 606.889 292.174 585.933 821.922 457.219 953.209 869.779 323.722 916.464 832.77 727.461 382.175 461.782 757.461 577.376 421.47 279.551 749.191 413.841 292.25 530.374 107.259 262.173 849.754 889.985 905.76 745.93 439.701 361.02 906.775 334.238 554.494 589.153 834.934 870.499 647.162 384.756 405.309 950.877 921.817 414.259 13.629 709.929 695.443 961.807 613.067 859.152 256.832 236.922 674.637 934.812 993.26 379.898 902.429 791.582 976.986 220.374 823.571 337.077 619.264 68.732 235.796 634.785 736.377 838.426 841.318 349.554 381.952 844.585 939.432 628.626 838.848 983.237 897.989 957.974 323.499 44.343 376.749 469.279 42.329
851.018 137.146 111.824 919.806 175.735 809.776 6.472 704.794 516.426 264.827 409.47 581.518 1000000000.0 351.134 365.15 601.641 112.678 16.502 434.078 295.313 834.93 509.081 633.567 564.016 873.399 274.96 886.731 403.929 804.781 840.152 916.115 355.276 317.023 461.775 11.938 699.486 860.143 175.062 481.865 222.947 638.511 674.291 128.764 925.535 388.026 819.192 270.801 8.969 227.161 366.445 192.218 42.153 14.813 691.106 840.441 155.499 362.493 390.509 200.255 722.936 128.127 184.292 127.404 883.602 59.353 232.559 840.961 402.113 327.985 320.25 515.165 27.31 640.825 489.523 254.781 896.564 137.649 661.549 775.705 576.463 215.104 330.833 946.487 536.351 118.648 264.658 945.146 509.222 347.915 426.325 701.239 921.466 480.148 554.72 903.224 636.495 349.712 110.837 404.912 534.071
728.986 230.299 473.848 300.704 884.966 427.961 999.926 172.89 175.169 483.758 457.366 248.675 351.134 1000000000.0 710.002 855.461 823.5 706.507 412.114 641.261 643.038 645.2 325.496 3.153 549.902 652.515 750.689 427.381 845.559 315.383 844.99 351.448 746.922 175.335 630.728 285.031 794.936 29.027 757.059 800.417 584.845 620.011 438.127 82.824 713.97 948.581 868.141 266.09 973.96 730.487 850.314 375.229 698.586 277.167 566.649 327.978 372.992 450.704 43.012 7.635 10.762 639.607 305.439 661.017 465.24 223.091 297.032 303.991 921.844 214.324 82.292 200.827 569.73 226.298 995.681 929.308 695.823 883.134 689.946 330.097 736.524 384.394 938.328 781.831 888.911 164.056 155.277 789.529 354.414 411.872 303.86 541.923 716.987 20.018 438.649 218.699 176.02 776.473 179.764 953.906
807.237 800.124 342.969 223.303 505.381 354.661 574.777 296.161 211.053 27.379 550.04 271.848 365.15 710.002 1000000000.0 914.548 885.229 960.835 204.658 617.13 363.547 569.634 278.264 875.391 439.858 60.024 770.069 326.709 788.575 98.437 639.712 673.078 7.388 61.898 188.693 134.69 527.766 331.204 111.652 782.575 318.802 17.434 591.919 928.428 430.325 124.379 131.973 973.841 805.612 944.54 68.326 129.983 289.266 273.909 324.054 879.233 765.406 604.906 96.913 561.495 216.183 773.753 14.56 447.329 744.956 815.984 220.79 699.179 734.418 500.812 63.899 948.413 867.447 240.687 435.227 88.853 625.551 712.931 768.591 962.192 583.696 199.384 682.428 787.407 486.862 845.681 44.677 708.144 978.703 176.574 51.562 641.039 938.505 384.08 253.302 18.299 708.756 507.568 296.538 392.295
597.642 814.707 205.113 716.941 412.628 328.866 636.33 211.113 669.625 494.373 669.46 236.142 601.641 855.461 914.548 1000000000.0 364.431 185.908 546.254 11.488 361.113 104.244 759.42 516.44 411.22 449.061 955.543 835.256 297.345 820.011 37.12 262.081 178.851 96.578 477.228 783.756 579.373 389.874 437.124 695.02 988.043 593.101 924.776 605.768 456.401 62.714 791.231 771.495 784.84 652.934 828.885 197.972 736.625 661.643 640.732 97.683 372.223 123.643 829.936 990.234 199.189 390.499 811.821 750.752 2.148 874.414 2.507 331.42 698.257 597.315 182.824 907.984 51.832 486.487 423.981 356.32 339.573 847.686 991.106 112.692 574.133 574.633 888.81 758.485 723.949 137.315 274.886 163.053 381.871 846.817 362.507 777.714 463.312 981.592 179.241 986.791 824.281 224.38 844.175 113.707
441.199 872.743 218.873 702.924 957.516 664.642 4.44 962.738 925.753 58.89 518.522 105.634 112.678 823.5 885.229 364.431 1000000000.0 349.978 875.33 252.831 172.154 100.869 157.689 70.78 562.49 97.415 942.962 552.304 757.688 148.325 152.346 431.325 722.594 643.732 264.918 796.406 243.011 582.775 594.775 975.642 121.511 76.572 845.215 526.431 379.426 105.828 507.009 471.995 374.988 689.478 257.7 617.632 481.729 451.206 934.616 138.469 945.054 120.444 395.236 716.006 461.91 25.306 303.377 552.645 26.109 406.327 752.21 875.051 417.641 917.41 515.794 808.023 386.388 328.977 81.725 868.86 117.977 954.716 123.34 447.95 809.367 522.876 803.677 905.676 667.442 165.918 824.822 190.23 254.664 998.623 810.054 808.841 328.91 188.287 355.604 180.106 56.549 607.484 44.708 647.444
316.828 5.993 822.105 555.326 704.139 855.616 49.618 822.61 929.291 869.402 649.142 899.831 16.502 706.507 960.835 185.908 349.978 1000000000.0 42.261 381.955 40.533 291.739 136.966 711.487 245.649 527.554 598.433 104.346 745.103 376.735 90.246 157.103 43.837 465.528 769.141 4.38 430.954 145.184 617.117 237.118 286.161 891.784 900.464 900.678 924.861 764.731 736.216 602.27 934.505 811.558 96.058 123.613 584.983 47.747 597.958 668.464 851.035 973.536 69.88 921.857 865.85 957.518 702.774 283.702 772.115 400.377 878.374 255.363 256.648 858.485 864.499 231.71 691.88 454.895 35.096 281.43 41.357 957.371 597.04 914.442 96.191 637.676 38.923 623.013 235.953 309.293 761.993 131.766 303.23 635.606 863.634 235.034 864.642 599.159 437.945 740.923 331.52 681.171 141.068 309.855
658.32 500.878 450.489 163.898 381.449 459.35 525.235 572.921 729.362 38.701 230.443 234.025 434.078 412.114 204.658 546.254 875.33 42.261 1000000000.0 365.759 313.516 941.627 583.971 247.377 443.522 614.185 960.676 244.007 66.121 413.327 169.589 655.216 748.158 753.165 575.391 222.931 469.388 136.996 745.707 902.193 279.469 731.147 952.158 889.348 186.488 885.217 84.205 125.759 992.79 709.827 610.727 888.989 508.023 62.383 834.468 130.136 759.841 532.183 403.633 723.176 859.612 429.897 150.674 402.901 242.958 802.907 410.849 549.392 753.426 190.1 634.935 784.564 837.348 656.11 378.453 415.376 871.487 977.304 806.629 546.45 638.261 198.635 241.636 225.772 403.909 513.219 922.01 938.076 209.156 551.111 504.763 574.268 149.774 441.843 56.822 998.0 337.837 242.886 616.658 101.569
67.555 805.728 311.081 437.982 916.497 608.728 534.197 539.422 591.353 361.503 974.004 787.158 295.313 641.261 617.13 11.488 252.831 381.955 365.759 1000000000.0 997.569 826.155 170.346 578.302 368.613 790.205 265.681 897.419 629.966 405.971 348.378 558.614 538.006 806.593 991.218 812.315 123.006 665.803 895.864 635.04 87.958 673.913 514.077 224.548 597.9 263.93 882.134 805.992 914.33 577.185 668.097 294.906 716.81 891.703 320.243 914.208 223.687 657.552 804.349 791.769 744.082 997.405 161.819 891.924 9.332 294.697 544.193 828.555 962.969 283.899 962.734 545.019 428.969 230.393 950.254 5.975 397.627 517.345 735.422 723.381 481.566 957.617 732.71 667.998 53.201 219.801 418.975 830.052 480.166 713.912 343.321 867.586 425.908 489.266 208.207 659.088 96.833 177.406 570.82 111.741
738.877 288.424 527.802 457.422 510.329 512.853 975.603 223.227 940.585 461.961 688.198 606.889 834.93 643.038 363.547 361.113 172.154 40.533 313.516 997.569 1000000000.0 36.494 465.03 264.505 192.782 174.159 206.927 511.28 319.0 157.083 964.188 717.592 776.861 861.697 509.439 751.607 279.779 68.395 383.98 435.653 740.717 496.063 559.548 317.363 677.879 997.798 915.868 308.71 977.685 128.506 807.644 90.54 480.5 136.804 105.599 603.476 832.334 532.967 194.652 773.752 339.912 79.797 592.05 101.642 882.696 347.798 465.721 259.135 797.211 727.527 119.855 931.986 573.558 928.238 414.224 33.082 919.403 649.752 347.697 693.263 219.344 395.07 387.128 113.126 570.643 855.036 851.787 198.307 1.866 65.07 995.455 714.326 720.901 536.354 384.173 432.855 742.616 960.722 941.35 12.854
668.831 978.39 923.388 695.62 229.973 343.377 253.432 520.253 512.848 185.8 757.11 292.174 509.081 645.2 569.634 104.244 100.869 291.739 941.627 826.155 36.494 1000000000.0 632.757 178.495 77.367 210.976 497.097 400.442 625.786 985.804 349.415 537.066 431.232 582.053 688.543 134.66 785.662 331.367 766.682 257.045 24.867 66.582 43.993 557.875 516.315 120.931 564.613 574.144 380.917 992.094 927.399 931.172 584.605 230.176 283.156 503.259 102.326 121.45 991.242 896.856 197.187 146.167 870.286 608.393 375.968 696.691 770.56 918.971 146.922 908.757 272.486 827.666 295.043 990.4 312.992 650.767 95.345 71.38 165.629 183.653 711.939 5.138 890.192 933.712 817.453 685.81 645.535 661.191 463.262 331.183 626.518 148.43 462.841 321.555 69.331 303.828 255.937 637.929 564.022 147.701
204.986 703.661 193.056 694.895 351.074 548.704 719.302 227.683 930.185 291.502 436.494 585.933 633.567 325.496 278.264 759.42 157.689 136.966 583.971 170.346 465.03 632.757 1000000000.0 297.564 508.641 388.21 89.087 245.378 403.06 916.721 667.395 383.876 850.889 779.129 994.75 123.65 462.415 556.999 349.216 814.61 895.52 377.45 335.107 132.495 265.529 230.889 211.793 681.132 31.081 543.382 571.492 601.928 9.985 580.642 215.277 366.891 634.978 769.819 577.753 311.051 292.53 837.463 527.472 280.554 636.076 279.499 830.866 498.215 659.093 258.656 475.97 273.435 934.765 357.141 246.205 908.287 619.047 12.162 878.344 807.666 8.337 289.349 385.866 816.442 324.483 992.884 988.561 662.792 634.801 619.369 213.392 295.008 711.02 729.073 140.663 436.84 458.713 393.108 149.814 967.339
601.002 248.724 166.44 732.955 230.965 88.125 362.618 201.701 298.112 716.895 13.838 821.922 564.016 3.153 875.391 516.44 70.78 711.487 247.377 578.302 264.505 178.495 297.564 1000000000.0 98.942 543.772 401.148 101.505 954.879 941.142 546.598 335.774 191.009 778.73 961.664 511.61 126.379 230.687 913.003 260.238 91.535 563.044 302.819 549.737 106.482 881.974 16.916 423.367 817.369 657.456 199.378 398.91 17.318 596.012 265.249 933.279 432.334 73.325 958.551 214.077 24.112 834.499 534.233 341.645 466.628 892.253 765.089 724.209 193.588 990.777 457.886 466.641 352.84 697.0 770.694 687.496 408.869 277.391 27.295 989.948 497.998 869.499 787.119 12.926 52.963 974.503 342.635 953.892 199.868 570.874 782.304 360.689 74.689 868.249 514.014 403.179 30.536 253.409 398.511 672.886
599.731 672.179 372.116 219.815 71.676 577.888 342.7 24.166 586.583 740.453 882.821 457.219 873.399 549.902 439.858 411.22 562.49 245.649 443.522 368.613 192.782 77.367 508.641 98.942 1000000000.0 591.786 558.97 48.304 179.205 799.542 289.23 385.677 439.249 878.72 430.799 997.388 940.994 610.848 424.937 777.32 223.425 234.323 679.684 886.48 424.502 54.062 291.832 372.128 200.834 765.5 424.061 71.033 532.49 555.613 839.066 568.209 863.685 879.903 194.473 585.42 530.779 763.294 348.381 147.837 931.45 654.533 937.506 161.7 694.236 563.683 189.17 905.981 206.876 787.188 222.188 508.192 415.615 412.893 197.321 79.989 233.358 732.208 927.16 411.287 963.225 652.295 841.28 22.91 524.097 719.871 553.244 874.27 727.18 253.349 848.799 961.724 303.694 148.813 700.263 497.241
968.276 161.225 945.558 839.515 420.36 501.945 986.015 473.116 499.285 399.783 820.652 953.209 274.96 652.515 60.024 449.061 97.415 527.554 614.185 790.205 174.159 210.976 388.21 543.772 591.786 1000000000.0 805.734 514.386 101.033 852.974 688.53 679.81 618.05 371.38 712.311 121.789 615.424 993.353 453.149 720.602 905.178 887.629 229.652 448.724 650.946 647.382 801.995 883.476 953.902 283.823 186.93 1.427 944.876 96.524 969.714 70.001 543.741 60.675 651.76 723.713 285.919 683.411 32.32 466.344 855.75 253.563 469.839 379.965 675.72 897.708 310.939 120.271 182.76 22.791 849.185 538.916 298.098 257.319 191.081 594.373 223.782 672.19 980.027 857.307 652.354 497.712 457.104 709.285 369.567 354.582 544.962 833.7 32.244 691.934 661.815 505.505 553.631 575.757 342.702 717.407
163.447 707.75 373.001 668.159 778.779 597.028 66.255 882.357 650.116 987.979 830.762 869.779 886.731 750.689 770.069 955.543 942.962 598.433 960.676 265.681 206.927 497.097 89.087 401.148 558.97 805.734 1000000000.0 813.932 426.591 111.633 560.904 89.044 76.61 667.036 877.491 819.822 331.796 385.958 407.401 218.097 1.09 754.002 543.123 91.053 499.314 442.841 89.275 464.673 515.433 89.331 428.426 419.746 284.027 697.144 482.545 907.672 666.628 89.363 611.153 129.013 16.274 814.414 115.18 156.694 40.245 481.252 20.754 318.882 164.311 973.419 421.111 117.42 669.016 81.158 994.602 648.96 191.599 543.75 808.437 841.249 874.514 431.493 138.035 841.325 630.771 939.945 939.149 254.752 838.905 839.262 289.609 256.409 365.932 634.771 968.064 420.521 657.274 21.407 65.277 785.821
152.459 301.884 204.7 778.569 114.013 834.791 207.907 159.157 961.377 590.758 185.644 323.722 403.929 427.381 326.709 835.256 552.304 104.346 244.007 897.419 511.28 400.442 245.378 101.505 48.304 514.386 813.932 1000000000.0 873.966 28.287 588.342 459.051 749.702 285.8 971.288 942.549 934.57 436.284 434.595 161.934 719.385 86.252 218.844 23.672 239.936 299.228 31.834 629.633 256.867 649.529 501.256 386.064 786.877 517.831 547.977 231.585 389.987 183.96 913.596 250.429 602.038 182.409 17.086 972.435 923.863 37.861 37.697 792.93 955.29 21.013 739.108 806.872 992.553 547.441 726.446 206.464 384.324 842.395 924.482 753.912 377.972 90.528 313.219 834.039 11.924 855.686 84.054 921.28 762.399 74.226 363.914 264.906 570.354 643.404 906.53 801.235 805.758 854.315 639.586 291.658
267.789 901.833 212.834 866.483 979.162 712.265 430.294 991.309 51.755 391.131 889.611 916.464 804.781 845.559 788.575 297.345 757.688 745.103 66.121 629.966 319.0 625.786 403.06 954.879 179.205 101.033 426.591 873.966 1000000000.0 707.749 890.678 73.844 930.403 466.318 999.673 308.826 361.829 417.137 619.492 753.077 777.418 981.61 80.3 12.054 326.615 308.442 758.639 239.994 540.669 927.7 620.593 937.45 357.481 922.472 277.406 812.078 95.321 144.916 322.393 737.84 103.366 491.918 286.576 416.614 489.156 245.0 683.003 548.016 706.379 380.07 230.526 496.472 272.058 511.886 652.203 8.49 104.351 92.001 83.747 377.315 55.243 164.918 733.511 710.378 838.019 557.65 961.007 897.453 308.743 665.519 858.635 106.114 862.266 856.505 673.772 412.086 369.19 857.334 176.72 748.273
858.841 866.03 53.795 409.111 373.035 25.238 585.331 949.361 454.045 693.405 261.071 832.77 840.152 315.383 98.437 820.011 148.325 376.735 413.327 405.971 157.083 985.804 916.721 941.142 799.542 852.974 111.633 28.287 707.749 1000000000.0 129.752 47.778 246.785 557.903 349.459 215.715 216.895 229.938 692.161 886.55 471.474 293.252 637.959 533.428 205.223 421.271 595.057 655.714 500.475 638.758 282.374 255.072 492.586 714.47 327.116 494.622 883.257 728.695 953.068 854.17 620.35 338.618 641.14 906.312 204.131 240.729 237.178 157.707 780.878 858.287 373.8 769.352 5.631 21.085 433.467 486.549 400.775 182.255 628.661 542.709 69.006 212.503 360.293 163.968 701.598 420.222 239.32 371.722 875.539 685.744 770.523 929.202 98.222 987.751 162.085 110.983 328.389 199.793 814.77 618.986
67.662 646.566 993.306 957.92 487.796 261.704 480.572 127.133 116.42 677.641 737.603 727.461 916.115 844.99 639.712 37.12 152.346 90.246 169.589 348.378 964.188 349.415 667.395 546.598 289.23 688.53 560.904 588.342 890.678 129.752 1000000000.0 793.805 298.859 559.511 320.011 494.352 38.174 323.842 877.728 43.904 367.362 377.695 487.981 229.954 836.89 613.26 276.172 447.867 458.525 409.317 586.002 588.399 154.946 328.286 336.355 792.077 527.216 887.203 495.874 123.566 641.656 642.187 26.344 980.085 753.07 248.196 588.254 83.897 777.854 521.831 645.06 138.216 547.082 432.248 464.101 829.422 810.887 220.481 127.886 23.446 207.806 975.446 85.106 462.03 114.995 636.175 922.556 948.177 739.359 881.359 359.326 502.751 740.253 68.235 132.982 546.977 448.139 564.514 811.328 807.914
312.749 74.283 170.213 935.575 787.904 212.211 584.922 350.545 727.21 43.088 230.816 382.175 355.276 351.448 673.078 262.081 431.325 157.103 655.216 558.614 717.592 537.066 383.876 335.774 385.677 679.81 89.044 459.051 73.844 47.778 793.805 1000000000.0 84.887 445.896 132.049 651.849 681.822 760.784 601.468 86.639 16.23 327.377 750.402 956.603 965.893 69.689 912.217 418.679 722.817 840.631 137.642 644.127 115.799 635.331 150.704 873.792 956.275 181.294 972.109 672.433 92.459 772.825 305.167 851.601 170.985 177.032 396.735 758.338 909.092 848.827 499.77 500.961 566.271 27.02 590.277 471.046 483.514 262.824 82.89 718.524 594.107 620.206 272.956 98.517 232.116 559.903 894.632 195.308 526.646 652.943 28.012 838.541 993.356 111.651 839.343 990.062 779.507 771.666 1.662 106.805
268.672 88.293 704.828 106.606 138.428 102.816 473.82 835.222 714.071 480.069 58.124 461.782 317.023 746.922 7.388 178.851 722.594 43.837 748.158 538.006 776.861 431.232 850.889 191.009 439.249 618.05 76.61 749.702 930.403 246.785 298.859 84.887 1000000000.0 331.786 851.582 471.895 23.103 547.567 370.943 366.854 326.975 182.232 561.257 77.279 313.449 702.044 225.181 70.726 944.381 520.477 135.211 277.155 531.918 337.604 315.116 656.09 55.013 692.843 293.067 78.758 416.383 914.719 863.236 499.51 570.958 264.867 663.378 490.375 977.827 666.084 278.696 759.86 337.007 413.984 554.723 576.276 979.178 130.694 557.891 179.863 887.05 756.903 288.247 650.624 539.962 563.445 805.423 612.862 873.758 729.318 548.178 619.385 704.584 487.636 601.515 203.797 813.239 346.064 359.744 186.821
498.363 752.089 783.223 227.739 741.71 211.126 712.128 552.723 352.278 380.656 871.483 757.461 461.775 175.335 61.898 96.578 643.732 465.528 753.165 806.593 861.697 582.053 779.129 778.73 878.72 371.38 667.036 285.8 466.318 557.903 559.511 445.896 331.786 1000000000.0 880.757 937.509 166.113 594.848 678.112 501.107 139.373 846.461 813.075 447.285 546.793 226.073 789.164 459.419 859.762 916.711 395.592 33.445 174.321 482.827 721.565 743.365 225.511 55.404 697.471 533.349 634.398 887.439 624.059 425.843 809.373 317.046 848.819 786.556 672.21 373.529 616.371 748.55 515.255 162.172 631.399 509.397 126.743 556.17 444.512 731.392 87.969 638.123 133.899 438.897 481.387 311.651 250.026 74.703 386.925 374.232 40.436 710.105 206.467 130.128 589.083 934.257 715.25 652.572 883.66 811.883
786.822 182.841 866.724 78.169 901.119 938.932 829.732 782.695 72.289 895.202 306.479 577.376 11.938 630.728 188.693 477.228 264.918 769.141 575.391 991.218 509.439 688.543 994.75 961.664 430.799 712.311 877.491 971.288 999.673 349.459 320.011 132.049 851.582 880.757 1000000000.0 510.844 650.178 876.901 887.898 197.494 982.655 410.537 165.953 241.514 94.438 284.103 613.787 499.864 122.481 99.237 120.288 243.845 186.652 871.163 147.484 335.547 105.362 640.299 558.335 168.363 642.516 313.389 947.849 367.111 473.613 395.479 739.056 983.278 524.521 951.488 726.566 117.641 741.356 858.824 6.976 926.458 331.715 723.364 529.448 582.025 444.391 693.504 509.045 82.485 18.799 466.541 36.688 130.157 857.832 876.841 867.652 757.579 216.609 115.32 523.573 668.47 794.081 967.955 294.307 651.381
952.0 315.827 426.255 674.034 323.969 898.155 21.822 183.353 156.311 952.494 590.77 421.47 699.486 285.031 134.69 783.756 796.406 4.38 222.931 812.315 751.607 134.66 123.65 511.61 997.388 121.789 819.822 942.549 308.826 215.715 494.352 651.849 471.895 937.509 510.844 1000000000.0 6.221 11.751 64.905 66.638 761.123 255.561 838.952 624.125 995.044 163.786 362.592 423.644 797.65 261.876 917.237 527.239 109.171 219.765 230.907 241.156 805.073 135.524 32.948 218.951 784.273 785.141 398.773 360.97 60.038 414.298 775.113 580.594 469.732 902.3 594.425 363.495 402.528 48.637 662.688 571.299 281.613 445.411 900.189 748.581 736.577 760.588 703.081 943.217 463.911 869.477 504.552 557.463 955.846 850.231 161.78 812.133 857.122 643.539 64.642 388.569 891.473 643.498 923.224 710.621
243.103 79.9 531.074 737.615 687.701 392.501 195.305 145.655 64.839 194.922 985.604 279.551 860.143 794.936 527.766 579.373 243.011 430.954 469.388 123.006 279.779 785.662 462.415 126.379 940.994 615.424 331.796 934.57 361.829 216.895 38.174 681.822 23.103 166.113 650.178 6.221 1000000000.0 814.313 312.747 476.027 725.025 992.544 665.016 581.993 309.437 795.666 735.708 668.16 140.098 881.547 820.943 420.591 122.908 335.159 914.744 253.301 524.044 976.862 328.945 833.151 194.101 354.956 230.965 573.566 589.031 340.116 518.944 293.087 242.861 788.211 412.537 113.007 413.763 885.195 630.435 556.983 860.881 992.98 7.011 726.975 957.483 740.988 323.288 210.258 362.373 221.971 22.539 745.424 475.773 113.336 695.877 26.811 597.167 87.273 111.185 13.583 929.825 568.281 31.042 727.492
64.039 412.552 317.551 483.882 588.614 211.274 141.211 223.997 281.969 314.221 770.567 749.191 175.062 29.027 331.204 389.874 582.775 145.184 136.996 665.803 68.395 331.367 556.999 230.687 610.848 993.353 385.958 436.284 417.137 229.938 323.842 760.784 547.567 594.848 876.901 11.751 814.313 1000000000.0 989.585 157.204 691.498 937.14 89.33 793.536 159.336 536.621 592.572 974.879 111.488 64.383 314.156 129.175 134.198 850.626 704.124 577.278 468.861 276.604 205.675 391.969 405.978 829.752 878.752 773.588 770.202 340.12 481.721 437.739 138.478 394.363 438.176 802.751 961.848 94.919 72.962 760.867 435.212 741.042 199.765 336.751 293.984 264.25 616.387 221.625 223.557 799.815 614.003 910.461 668.35 162.277 821.349 292.7 351.815 257.777 344.261 656.298 988.116 396.197 221.052 660.608
220.603 836.866 235.026 655.452 151.553 395.466 725.654 587.391 542.559 207.925 31.309 413.841 481.865 757.059 111.652 437.124 594.775 617.117 745.707 895.864 383.98 766.682 349.216 913.003 424.937 453.149 407.401 434.595 619.492 692.161 877.728 601.468 370.943 678.112 887.898 64.905 312.747 989.585 1000000000.0 74.535 922.806 83.103 115.574 796.718 375.698 141.638 991.458 54.932 430.773 798.138 508.593 686.051 876.559 656.45 867.484 746.495 306.66 377.245 969.294 32.872 26.495 767.521 791.337 207.985 481.114 266.017 162.899 974.872 19.909 822.151 377.317 727.627 945.661 85.209 883.677 715.734 443.72 30.935 75.113 240.275 130.898 983.767 832.264 399.736 110.45 659.117 897.532 777.227 122.068 497.601 416.527 209.295 689.579 637.387 34.534 425.371 173.535 338.943 989.006 665.612
494.891 116.48 438.579 777.479 659.888 337.919 489.753 935.418 431.057 14.826 526.808 292.25 222.947 800.417 782.575 695.02 975.642 237.118 902.193 635.04 435.653 257.045 814.61 260.238 777.32 720.602 218.097 161.934 753.077 886.55 43.904 86.639 366.854 501.107 197.494 66.638 476.027 157.204 74.535 1000000000.0 654.362 3.744 137.988 56.329 658.777 435.046 19.53 906.441 354.996 294.934 132.127 435.507 448.385 919.606 159.573 346.221 390.061 937.455 349.643 74.972 663.755 485.544 963.32 646.325 19.241 944.725 261.668 967.804 11.317 778.496 429.632 172.817 212.096 204.857 955.841 875.509 870.771 727.382 686.188 474.126 752.496 444.916 748.581 162.894 370.434 210.193 159.711 411.171 194.4 537.402 825.484 528.824 195.261 611.092 81.61 858.525 50.903 389.512 494.295 46.113
908.538 126.738 210.467 196.005 632.963 39.861 931.618 794.926 862.384 219.002 870.758 530.374 638.511 584.845 318.802 988.043 121.511 286.161 279.469 87.958 740.717 24.867 895.52 91.535 223.425 905.178 1.09 719.385 777.418 471.474 367.362 16.23 326.975 139.373 982.655 761.123 725.025 691.498 922.806 654.362 1000000000.0 156.609 164.85 165.254 512.17 960.531 679.235 367.378 365.782 249.435 854.632 603.349 682.889 798.231 326.846 269.899 468.961 592.522 711.822 295.276 237.397 597.242 191.141 611.058 135.006 546.803 586.071 468.576 901.126 484.593 908.371 474.391 701.238 531.243 711.466 757.256 873.965 529.421 807.023 689.418 836.109 927.05 428.12 933.699 636.275 706.454 805.031 329.264 753.508 783.436 634.461 88.135 584.104 493.229 826.913 49.752 75.139 394.952 733.766 692.03
812.488 280.412 449.225 619.516 844.235 366.367 621.317 808.152 343.107 589.587 296.282 107.259 674.291 620.011 17.434 593.101 76.572 891.784 731.147 673.913 496.063 66.582 377.45 563.044 234.323 887.629 754.002 86.252 981.61 293.252 377.695 327.377 182.232 846.461 410.537 255.561 992.544 937.14 83.103 3.744 156.609 1000000000.0 395.428 942.604 54.817 538.576 699.812 237.794 362.832 185.003 46.081 439.478 791.97 337.875 291.894 493.7 621.949 168.249 861.43 154.268 366.256 336.082 214.636 267.578 367.258 817.89 82.543 574.76 944.745 726.653 803.917 546.214 872.852 325.427 979.119 257.659 145.287 828.798 262.474 80.308 427.301 18.947 837.004 924.007 88.292 246.482 573.699 343.935 202.304 6.271 982.499 92.75 975.413 601.922 351.213 157.923 460.457 288.789 154.057 410.366
776.29 440.36 922.649 713.042 600.894 441.341 134.618 179.85 616.108 861.846 827.915 262.173 128.764 438.127 591.919 924.776 845.215 900.464 952.158 514.077 559.548 43.993 335.107 302.819 679.684 229.652 543.123 218.844 80.3 637.959 487.981 750.402 561.257 813.075 165.953 838.952 665.016 89.33 115.574 137.988 164.85 395.428 1000000000.0 44.719 392.468 707.293 323.882 341.785 986.011 641.727 888.811 164.089 515.084 854.859 541.979 134.093 301.644 400.807 601.007 46.332 825.645 97.199 855.599 906.942 104.21 228.754 41.067 592.594 800.536 549.166 483.882 122.794 130.838 765.562 996.755 792.433 728.441 320.233 142.25 900.836 853.452 949.802 306.585 457.721 604.468 95.449 581.934 577.382 963.827 615.002 36.71 273.782 908.349 598.848 622.983 421.222 348.048 308.222 415.431 365.477
112.901 847.41 352.279 945.719 598.185 976.698 487.519 735.018 95.61 424.848 785.893 849.754 925.535 82.824 928.428 605.768 526.431 900.678 889.348 224.548 317.363 557.875 132.495 549.737 886.48 448.724 91.053 23.672 12.054 533.428 229.954 956.603 77.279 447.285 241.514 624.125 581.993 793.536 796.718 56.329 165.254 942.604 44.719 1000000000.0 460.684 365.625 35.007 117.549 876.251 583.005 621.679 525.09 764.277 425.365 519.822 971.185 807.099 194.231 472.066 766.599 302.617 860.546 125.093 89.116 959.295 322.411 916.287 806.911 461.501 46.078 512.762 969.432 140.164 579.131 710.356 553.644 894.496 995.655 403.193 667.463 991.603 54.611 824.68 29.737 412.515 139.2 30.713 172.213 964.081 899.97 550.035 158.126 855.272 461.745 928.3 288.991 324.568 579.781 143.112 965.167
708.114 617.889 801.054 669.004 811.043 27.438 689.988 559.103 164.431 933.678 810.53 889.985 388.026 713.97 430.325 456.401 379.426 924.861 186.488 597.9 677.879 516.315 265.529 106.482 424.502 650.946 499.314 239.936 326.615 205.223 836.89 965.893 313.449 546.793 94.438 995.044 309.437 159.336 375.698 658.777 512.17 54.817 392.468 460.684 1000000000.0 738.392 960.298 483.411 356.802 745.44 712.585 243.188 161.778 720.404 786.226 528.645 331.494 622.742 528.869 923.428 403.459 987.479 828.734 613.772 148.111 156.227 189.063 191.502 45.828 371.781 475.957 19.738 586.735 34.817 835.239 162.525 577.217 637.151 545.634 638.591 200.766 664.651 644.566 899.567 423.577 680.081 793.582 926.175 665.207 919.149 636.678 368.056 585.11 249.808 52.977 382.768 275.713 878.754 924.164 221.077
136.226 223.634 989.617 389.19 595.029 532.968 236.494 260.605 415.527 324.587 678.024 905.76 819.192 948.581 124.379 62.714 105.828 764.731 885.217 263.93 997.798 120.931 230.889 881.974 54.062 647.382 442.841 299.228 308.442 421.271 613.26 69.689 702.044 226.073 284.103 163.786 795.666 536.621 141.638 435.046 960.531 538.576 707.293 365.625 738.392 1000000000.0 658.481 769.127 361.772 728.21 344.189 273.777 819.298 88.822 622.815 262.632 773.147 401.706 789.929 562.787 791.302 195.545 100.756 337.018 811.072 300.427 492.545 166.46 577.177 21.394 310.965 820.806 619.293 120.373 856.879 299.113 750.391 733.9 368.182 264.209 845.244 20.302 575.612 926.5 287.849 380.359 445.293 47.423 64.656 835.477 955.08 523.212 496.816 66.109 868.795 148.961 286.215 763.275 717.65 374.907
29.247 84.677 348.577 916.931 788.22 102.263 499.96 237.34 703.78 633.435 935.867 745.93 270.801 868.141 131.973 791.231 507.009 736.216 84.205 882.134 915.868 564.613 211.793 16.916 291.832 801.995 89.275 31.834 758.639 595.057 276.172 912.217 225.181 789.164 613.787 362.592 735.708 592.572 991.458 19.53 679.235 699.812 323.882 35.007 960.298 658.481 1000000000.0 193.664 845.582 892.395 914.102 576.051 127.972 757.108 917.51 962.704 92.119 581.076 674.789 729.8 218.336 487.477 913.944 207.538 39.397 890.307 483.481 830.74 917.655 743.767 303.155 383.08 11.605 451.598 419.304 457.165 435.251 394.555 564.7 3.185 807.502 148.28 608.357 861.8 220.918 381.353 3.039 626.967 100.79 976.766 208.187 17.06 103.318 655.122 637.848 518.298 301.376 828.786 60.823 713.855
916.842 257.218 143.029 237.381 151.634 929.191 875.799 747.628 555.236 761.564 715.107 439.701 8.969 266.09 973.841 771.495 471.995 602.27 125.759 805.992 308.71 574.144 681.132 423.367 372.128 883.476 464.673 629.633 239.994 655.714 447.867 418.679 70.726 459.419 499.864 423.644 668.16 974.879 54.932 906.441 367.378 237.794 341.785 117.549 483.411 769.127 193.664 1000000000.0 253.68 499.607 398.87 303.481 545.917 616.924 545.657 462.994 615.407 64.019 639.141 873.102 834.75 205.952 8.472 252.532 131.045 168.513 67.653 773.445 489.881 839.867 881.327 690.351 754.083 95.499 873.85 898.06 748.239 611.708 252.986 932.096 531.592 55.866 884.701 237.092 193.742 446.893 510.147 304.688 565.993 739.194 729.4 220.157 411.215 432.612 972.458 978.89 360.908 197.524 500.969 999.768
66.135 818.833 863.847 857.231 115.996 711.064 312.028 774.625 4.413 5.566 620.446 361.02 227.161 973.96 805.612 784.84 374.988 934.505 992.79 914.33 977.685 380.917 31.081 817.369 200.834 953.902 515.433 256.867 540.669 500.475 458.525 722.817 944.381 859.762 122.481 797.65 140.098 111.488 430.773 354.996 365.782 362.832 986.011 876.251 356.802 361.772 845.582 253.68 1000000000.0 709.02 677.334 900.134 162.902 884.745 141.641 305.467 605.082 762.844 204.796 691.783 535.546 152.858 898.702 855.6 122.44 828.85 382.102 982.434 951.097 51.268 781.023 394.216 704.796 11.334 109.934 483.622 895.623 335.068 582.266 501.669 396.0 60.606 396.653 618.541 47.627 662.994 350.887 123.687 347.194 46.114 155.816 830.084 49.466 215.303 434.811 535.223 865.452 412.784 110.51 713.735
648.909 514.501 299.35 70.094 976.425 198.787 275.322 188.835 908.916 104.726 186.062 906.775 366.445 730.487 944.54 652.934 689.478 811.558 709.827 577.185 128.506 992.094 543.382 657.456 765.5 283.823 89.331 649.529 927.7 638.758 409.317 840.631 520.477 916.711 99.237 261.876 881.547 64.383 798.138 294.934 249.435 185.003 641.727 583.005 745.44 728.21 892.395 499.607 709.02 1000000000.0 425.657 634.076 598.45 28.741 813.545 90.236 604.301 666.596 786.704 678.895 970.432 331.751 639.743 149.611 680.594 496.075 72.919 129.958 669.465 485.51 305.464 70.943 302.89 720.316 110.672 167.5 643.853 277.93 928.163 419.055 133.793 702.667 914.443 15.641 616.534 221.167 377.597 18.77 128.438 895.561 707.372 654.461 379.15 320.341 136.073 758.271 864.99 937.178 933.919 114.819
544.26 322.219 503.751 364.57 732.363 516.368 395.688 548.863 651.88 419.376 992.023 334.238 192.218 850.314 68.326 828.885 257.7 96.058 610.727 668.097 807.644 927.399 571.492 199.378 424.061 186.93 428.426 501.256 620.593 282.374 586.002 137.642 135.211 395.592 120.288 917.237 820.943 314.156 508.593 132.127 854.632 46.081 888.811 621.679 712.585 344.189 914.102 398.87 677.334 425.657 1000000000.0 213.529 70.537 83.789 260.52 923.792 297.82 820.91 952.723 253.242 460.853 637.234 576.27 963.9 833.731 88.134 274.525 195.92 603.047 391.321 655.838 853.848 594.024 82.603 804.138 862.256 44.342 1.544 649.357 939.362 933.984 460.163 877.91 308.244 328.066 335.291 486.18 360.302 805.689 127.723 398.944 142.484 475.691 527.578 32.061 764.869 579.288 432.74 961.786 50.47
