100
1000000000.0 25.301 950.808 775.798 687.738 325.32 481.881 331.399 231.898 707.492 402.326 951.115 523.918 471.952 219.133 120.081 231.486 429.426 295.086 987.233 754.668 61.275 703.22 928.338 942.087 456.932 366.333 645.413 671.351 188.308 807.588 719.691 707.935 422.931 777.614 155.649 543.233 435.113 539.523 711.277 951.089 515.231 988.069 790.895 195.332 17.082 561.952 470.002 599.196 505.524 650.886 394.372 45.514 766.427 341.463 290.702 901.789 766.375 514.597 792.511 888.112 562.573 525.914 989.206 920.395 975.396 134.577 326.35 6.425 190.887 273.368 193.226 833.223 319.219 420.634 673.508 387.537 330.801 814.034 748.896 117.538 628.17 131.451 189.28 789.566 54.856 634.591 849.532 995.543 498.811 834.723 927.33 485.082 100.528 474.327 526.842 732.701 511.237 642.13 803.703
25.301 1000000000.0 91.86 54.829 425.776 468.892 378.132 371.564 429.369 648.464 98.638 598.99 523.246 981.942 886.154 497.453 898.291 917.81 765.282 66.15 243.692 842.597 111.514 386.469 578.164 27.562 198.07 812.005 894.745 924.622 182.128 87.736 322.246 863.066 488.162 188.92 275.976 827.006 27.564 493.28 748.316 622.188 584.013 287.299 857.085 203.854 646.245 483.185 439.564 890.381 283.238 749.627 416.144 591.175 954.574 298.205 860.614 576.819 449.328 360.611 662.768 686.679 388.305 547.808 302.449 493.735 321.756 148.666 881.073 912.553 742.119 832.538 697.265 228.185 21.791 717.107 129.482 413.878 537.523 307.691 694.989 35.398 236.496 78.482 825.974 716.9 842.173 463.078 845.37 651.86 172.698 917.057 633.315 417.067 696.148 164.946 503.569 233.762 775.364 686.679
950.808 91.86 1000000000.0 25.432 17.703 188.364 690.627 28.604 988.674 923.359 616.941 789.221 624.763 794.37 154.228 264.193 358.643 751.372 98.988 754.554 428.785 920.833 309.227 547.743 886.037 507.055 880.19 149.709 538.795 68.449 665.368 348.812 264.949 559.086 933.216 641.037 629.138 828.321 992.972 142.378 524.176 370.71 482.692 487.27 133.061 996.53 705.305 394.335 106.829 555.112 364.938 263.065 357.916 675.182 358.109 311.85 421.954 191.414 208.803 788.337 347.529 488.019 853.652 574.024 605.249 207.062 948.171 428.914 298.784 830.614 96.377 529.878 46.165 260.44 651.12 803.002 601.382 800.481 334.217 840.619 470.603 195.321 649.28 837.681 78.531 922.378 503.261 109.289 968.272 847.694 219.321 575.115 646.768 741.761 468.286 602.976 387.771 630.533 484.586 875.536
775.798 54.829 25.432 1000000000.0 843.268 978.103 447.706 74.122 929.754 855.758 659.896 86.67 493.263 252.851 137.644 506.567 860.016 906.785 483.138 669.209 680.407 964.372 321.321 655.688 988.162 156.102 299.621 902.562 637.402 499.032 445.798 675.958 205.907 999.041 439.167 406.636 540.785 619.594 228.7 380.106 591.59 260.5 3.712 677.323 57.278 732.13 346.223 638.587 376.901 93.691 28.897 811.659 931.502 668.495 16.005 520.829 682.264 856.566 300.5 980.856 890.244 862.769 779.459 588.888 176.762 815.156 129.46 597.36 107.949 835.222 415.461 754.034 691.04 49.456 237.227 850.028 708.985 237.117 859.102 845.922 606.078 82.79 454.382 554.564 364.432 919.28 644.224 85.589 182.572 85.098 202.487 749.357 709.233 634.061 87.412 694.406 956.143 516.518 162.3 194.168
687.738 425.776 17.703 843.268 1000000000.0 965.505 484.438 928.912 660.909 953.989 72.054 114.495 789.226 453.379 154.307 667.22 660.885 353.114 372.208 220.091 746.981 849.916 195.615 802.338 697.056 120.224 717.42 706.118 328.935 167.732 646.003 183.513 989.084 6.609 828.843 535.648 487.453 194.858 121.472 643.579 251.386 554.567 622.271 184.51 318.364 437.162 769.081 833.648 723.483 189.815 268.192 395.235 785.021 697.729 901.11 272.603 461.571 408.309 278.0 463.015 315.009 261.831 619.351 702.756 830.705 148.376 716.427 175.684 180.541 496.63 716.352 115.924 308.289 906.28 274.921 912.016 782.768 19.978 388.32 537.024 373.591 127.377 978.102 809.798 456.458 240.209 177.646 325.451 438.375 594.958 277.317 344.646 415.704 748.738 735.858 712.13 242.224 97.405 532.961 346.282
325.32 468.892 188.364 978.103 965.505 1000000000.0 612.404 787.735 113.879 45.458 288.103 849.205 717.799 395.134 537.741 696.809 592.831 233.946 430.262 191.023 915.092 866.681 266.169 251.766 867.992 837.544 8.058 183.971 399.398 658.444 875.208 450.737 522.466 668.698 139.784 321.383 690.201 948.034 718.618 406.751 767.783 570.257 54.566 576.256 1.054 197.565 971.336 808.8 510.954 623.043 389.195 793.149 832.692 40.806 548.511 694.534 523.784 741.224 786.148 778.68 742.576 413.865 285.237 607.139 612.806 730.362 94.617 301.431 407.51 707.981 300.029 584.635 721.296 865.286 467.054 691.497 407.654 469.982 487.038 345.706 962.264 508.343 23.965 23.275 289.262 324.831 186.061 233.906 530.706 450.158 683.638 530.21 570.796 285.018 256.361 850.9 286.559 504.634 826.551 896.654
481.881 378.132 690.627 447.706 484.438 612.404 1000000000.0 603.845 876.154 48.149 797.271 378.386 414.614 530.812 718.63 284.021 227.19 162.092 366.56 196.84 829.481 747.971 886.669 532.776 90.608 145.223 347.853 485.947 663.984 656.209 758.885 479.714 96.105 752.302 885.03 7.541 519.473 738.265 769.545 190.911 55.192 687.118 822.286 524.075 492.194 629.397 554.128 974.183 244.655 130.643 789.971 873.514 329.095 571.839 229.012 118.456 904.88 524.037 399.306 502.083 60.945 627.956 425.488 564.212 307.795 713.522 983.18 657.955 730.719 585.347 637.807 952.001 413.726 614.388 464.728 177.553 400.378 329.066 447.17 850.261 762.644 73.671 219.486 655.758 143.298 375.689 196.453 965.499 526.737 105.526 218.631 833.664 429.175 243.424 431.455 113.295 546.255 193.353 372.89 636.113
331.399 371.564 28.604 74.122 928.912 787.735 603.845 1000000000.0 247.763 589.506 310.142 424.975 762.405 263.012 200.57 284.075 469.87 796.77 17.193 847.142 3.598 964.595 474.556 221.517 989.016 6.337 403.15 668.052 827.432 925.465 719.593 423.074 673.458 584.461 351.523 468.962 239.125 329.054 413.446 572.903 495.875 251.633 639.501 474.729 501.863 548.146 873.797 590.679 694.549 294.744 968.402 604.54 831.679 802.838 538.675 404.699 8.849 396.242 900.116 613.437 905.532 852.547 233.872 989.096 585.482 28.728 48.463 811.901 404.974 816.26 919.315 49.503 967.212 676.849 785.227 107.318 136.318 556.259 55.166 64.353 334.79 744.029 527.465 790.698 432.763 909.452 303.661 728.845 877.549 319.498 105.896 609.269 823.83 413.589 572.331 146.318 477.893 978.256 52.361 371.454
231.898 429.369 988.674 929.754 660.909 113.879 876.154 247.763 1000000000.0 708.457 428.03 112.464 702.19 746.084 346.986 323.402 784.842 37.0 518.128 654.329 338.109 252.47 269.336 197.488 803.261 375.903 679.81 180.201 549.382 381.848 799.066 955.927 7.253 479.586 597.866 131.165 634.146 992.465 128.542 286.054 811.512 782.701 996.014 781.774 966.184 634.198 869.999 795.976 56.44 738.311 240.673 898.582 26.65 58.058 778.103 388.049 603.503 331.672 693.561 12.277 878.399 695.885 37.043 550.519 543.073 353.759 730.425 273.912 407.706 903.752 457.264 356.45 612.275 689.765 579.794 559.117 222.173 241.783 803.331 477.98 879.803 233.337 848.153 882.922 610.341 606.256 888.955 277.711 137.403 589.708 208.959 994.354 308.848 472.803 949.638 422.341 78.215 122.202 821.223 587.009
707.492 648.464 923.359 855.758 953.989 45.458 48.149 589.506 708.457 1000000000.0 829.389 840.334 417.63 687.651 224.537 498.097 249.199 42.835 128.731 229.602 124.688 523.167 874.06 39.552 71.462 448.01 451.966 851.77 934.443 225.015 297.946 963.8 454.987 935.003 243.329 790.317 114.841 853.87 992.173 128.594 484.084 134.385 79.946 212.673 662.229 198.274 302.061 531.317 833.014 598.289 584.053 142.615 539.467 297.162 597.619 362.374 170.686 706.39 939.804 14.881 224.9 822.854 892.865 990.426 275.119 609.405 302.529 870.575 986.056 345.686 357.011 698.671 874.929 394.389 391.579 536.803 439.602 776.458 586.205 808.175 982.457 949.858 113.925 257.508 573.864 782.973 541.168 147.385 944.509 977.526 168.816 968.081 760.523 343.514 712.56 726.795 408.828 264.556 767.968 985.017
402.326 98.638 616.941 659.896 72.054 288.103 797.271 310.142 428.03 829.389 1000000000.0 311.171 608.115 739.528 744.596 196.706 378.617 23.268 251.187 747.857 299.842 343.441 943.608 996.81 625.523 545.639 843.94 276.077 463.254 966.21 644.955 905.27 703.774 648.933 593.927 269.934 707.144 835.807 730.663 545.886 451.794 452.652 18.881 686.787 663.665 482.245 533.759 305.103 996.375 660.937 943.015 421.053 635.079 556.245 853.905 752.715 794.124 211.316 695.579 157.34 944.041 643.528 130.167 581.905 275.999 18.824 707.072 655.057 662.759 497.383 234.176 696.646 702.906 364.548 578.408 883.473 480.093 825.38 215.184 516.234 165.351 971.153 218.031 511.278 307.91 440.038 495.603 60.422 915.688 390.254 530.022 328.515 502.418 112.233 166.211 708.497 835.52 115.624 932.952 375.015
951.115 598.99 789.221 86.67 114.495 849.205 378.386 424.975 112.464 840.334 311.171 1000000000.0 309.723 962.871 546.623 283.451 657.564 967.024 411.208 193.856 155.132 28.664 741.162 967.787 479.257 946.509 544.075 391.468 812.644 133.714 798.431 739.1 100.05 671.537 440.691 84.052 257.359 584.8 916.911 974.713 45.216 450.098 923.543 705.59 893.589 95.315 361.459 353.934 428.059 806.608 449.965 309.232 711.79 853.042 165.348 35.822 299.548 959.958 489.239 461.446 729.693 305.145 697.537 91.879 830.327 425.982 954.643 182.208 294.607 533.054 163.564 197.368 546.575 123.983 623.452 153.919 806.039 777.412 905.65 34.518 620.122 329.32 332.718 320.64 501.074 844.63 767.266 135.476 140.131 325.85 785.07 204.614 96.465 935.098 892.35 459.339 572.692 112.727 967.953 343.547
523.918 523.246 624.763 493.263 789.226 717.799 414.614 762.405 702.19 417.63 608.115 309.723 1000000000.0 501.393 585.121 605.753 576.504 517.061 844.656 699.746 204.326 13.756 686.363 472.066 745.638 598.824 63.393 985.156 446.146 882.153 811.277 388.043 890.54 341.581 479.512 629.518 735.016 935.765 539.344 996.136 271.588 199.317 467.837 66.945 292.101 155.7 699.446 878.58 874.144 410.275 208.258 931.112 918.805 886.568 491.023 253.361 160.494 559.606 832.043 709.273 258.61 8.197 632.814 862.715 587.403 639.079 739.743 198.004 561.623 666.661 464.542 703.649 56.47 494.658 328.058 868.792 337.708 671.162 947.163 337.272 269.809 181.205 670.949 390.346 771.512 26.597 428.825 729.155 74.576 524.142 625.871 130.557 452.118 924.942 774.268 331.737 746.931 70.56 953.804 678.664
471.952 981.942 794.37 252.851 453.379 395.134 530.812 263.012 746.084 687.651 739.528 962.871 501.393 1000000000.0 390.658 641.585 245.553 898.054 379.953 250.058 580.324 803.656 627.725 509.776 515.384 896.364 496.505 185.56 210.982 533.177 879.953 802.755 334.213 972.2 28.773 500.001 601.071 160.231 984.491 478.387 347.974 697.845 312.772 177.013 542.61 802.465 34.942 135.954 739.464 939.463 716.372 31.244 13.754 642.652 552.565 274.556 93.885 385.885 918.434 612.705 489.624 701.442 609.561 274.295 832.792 501.916 289.912 871.993 862.627 501.751 27.771 521.429 643.705 831.358 147.365 466.439 839.154 806.883 261.004 17.305 917.298 282.725 386.339 81.31 477.209 677.539 493.052 224.552 758.162 451.867 117.962 761.755 780.967 823.14 109.417 86.137 908.302 978.225 482.636 268.344
219.133 886.154 154.228 137.644 154.307 537.741 718.63 200.57 346.986 224.537 744.596 546.623 585.121 390.658 1000000000.0 641.435 703.088 647.762 763.221 375.385 865.137 610.421 663.896 811.889 368.87 828.771 926.06 365.35 911.56 213.668 564.735 392.763 793.636 652.563 463.081 706.887 820.243 668.904 187.544 616.52 348.852 196.055 62.296 409.558 595.974 519.761 620.027 285.368 987.604 531.459 762.78 814.186 422.85 572.714 49.828 176.907 396.034 989.887 215.079 163.498 440.545 547.206 7.225 190.983 26.366 790.119 793.384 443.335 354.083 159.378 330.234 124.877 853.22 847.051 704.942 469.157 904.342 474.84 397.423 365.944 214.958 111.203 732.965 763.82 971.858 667.25 497.803 982.389 670.576 48.588 794.096 470.469 235.219 406.2 400.951 415.561 117.284 480.625 687.723 665.341
120.081 497.453 264.193 506.567 667.22 696.809 284.021 284.075 323.402 498.097 196.706 283.451 605.753 641.585 641.435 1000000000.0 58.771 749.525 744.235 63.897 128.722 880.371 671.862 53.238 729.352 183.691 859.144 666.488 83.014 531.496 177.713 934.228 445.937 996.433 477.547 826.458 469.674 546.019 700.344 23.665 93.427 479.604 476.541 706.283 846.83 138.628 753.716 339.265 64.147 499.755 697.595 407.444 567.305 670.491 852.249 973.471 259.269 632.821 75.704 949.562 744.099 372.568 946.013 260.115 378.615 297.986 728.706 61.94 867.557 573.254 74.192 838.341 535.436 905.905 246.777 510.241 653.615 104.283 475.739 380.387 983.392 92.831 241.382 772.334 607.506 959.479 273.292 183.143 239.716 267.93 359.68 320.529 988.305 223.019 907.607 731.6 667.819 914.194 35.191 215.48
231.486 898.291 358.643 860.016 660.885 592.831 227.19 469.87 784.842 249.199 378.617 657.564 576.504 245.553 703.088 58.771 1000000000.0 530.447 71.853 623.332 948.554 93.496 369.727 940.032 405.88 992.47 829.193 53.529 955.316 564.107 347.377 585.981 497.999 934.774 312.557 647.213 993.003 281.819 407.718 263.683 597.492 725.966 233.172 597.675 684.913 413.882 402.643 440.624 563.532 698.452 978.257 66.997 394.768 853.244 408.939 633.395 155.338 621.007 374.33 922.732 903.212 569.568 435.422 960.606 606.389 105.903 780.581 710.503 226.279 427.358 507.25 261.441 175.476 665.06 476.962 70.152 881.061 969.563 440.115 501.875 316.27 123.246 980.281 980.739 358.464 753.961 365.607 428.642 625.17 957.592 265.272 355.541 102.02 559.653 399.325 838.368 961.614 870.075 446.29 739.294
429.426 917.81 751.372 906.785 353.114 233.946 162.092 796.77 37.0 42.835 23.268 967.024 517.061 898.054 647.762 749.525 530.447 1000000000.0 689.569 816.805 927.889 192.796 963.48 123.776 754.903 697.682 721.631 300.173 759.629 309.366 669.829 725.672 865.411 719.648 667.652 625.251 673.403 732.249 59.589 39.338 331.629 496.161 626.727 823.313 179.43 881.428 126.866 700.933 34.834 254.365 956.172 659.363 542.078 351.784 1.431 817.41 993.508 379.602 302.939 991.275 242.133 882.453 84.39 173.098 94.177 10.908 624.441 819.132 503.898 163.304 245.451 309.77 213.194 491.469 35.749 239.277 461.771 752.486 825.375 149.087 897.888 736.294 603.475 181.539 211.497 952.723 472.455 413.33 456.73 195.696 68.185 842.831 240.631 927.84 244.582 758.359 414.277 936.107 534.23 767.943
295.086 765.282 98.988 483.138 372.208 430.262 366.56 17.193 518.128 128.731 251.187 411.208 844.656 379.953 763.221 744.235 71.853 689.569 1000000000.0 522.94 221.956 686.199 248.735 203.695 547.863 747.547 231.068 613.784 229.895 306.091 90.606 664.707 625.288 249.718 411.834 937.508 938.028 882.116 676.401 597.893 226.027 108.213 905.256 167.583 826.942 479.114 983.331 406.07 582.769 615.725 373.445 239.74 834.189 808.897 186.051 223.169 838.479 904.586 780.464 407.774 264.045 549.642 831.489 84.449 304.973 802.571 648.884 873.021 549.721 184.786 623.773 174.797 328.954 156.652 661.818 551.066 297.309 390.908 461.576 733.532 384.829 605.135 164.72 41.573 42.183 914.394 254.721 132.001 264.612 445.17 555.828 891.822 550.334 886.207 955.185 980.517 8.94 230.143 605.698 484.918
987.233 66.15 754.554 669.209 220.091 191.023 196.84 847.142 654.329 229.602 747.857 193.856 699.746 250.058 375.385 63.897 623.332 816.805 522.94 1000000000.0 212.627 306.756 597.744 406.72 140.181 566.031 819.786 355.63 758.335 594.815 808.048 575.198 986.125 36.011 115.347 404.128 736.465 366.87 51.427 410.232 558.867 270.16 778.188 49.31 580.917 42.613 612.296 147.981 809.07 481.417 89.261 241.673 430.68 578.266 127.24 783.078 316.236 788.527 104.712 227.37 470.556 681.01 527.149 633.938 538.783 713.084 14.081 969.698 517.185 281.553 502.526 577.457 120.299 536.624 950.859 648.827 870.989 252.74 806.246 95.435 113.097 594.224 103.049 493.729 958.717 40.385 166.521 131.167 145.713 512.535 19.892 353.203 903.429 490.528 982.639 723.383 257.191 718.738 673.991 348.965
754.668 243.692 428.785 680.407 746.981 915.092 829.481 3.598 338.109 124.688 299.842 155.132 204.326 580.324 865.137 128.722 948.554 927.889 221.956 212.627 1000000000.0 614.516 715.863 154.936 82.429 290.627 639.084 2.393 338.555 981.293 791.075 678.897 189.528 898.959 412.688 69.282 223.451 54.136 608.249 592.505 168.077 950.806 418.598 41.793 691.546 77.47 187.206 588.26 987.621 383.576 905.667 242.807 364.806 603.895 930.975 470.242 522.901 548.459 574.299 776.887 503.799 322.186 450.283 508.491 897.318 354.394 581.225 54.014 304.166 987.904 171.35 150.824 332.882 184.885 187.158 682.12 731.895 490.152 340.968 563.993 680.103 620.737 611.99 772.677 690.74 519.421 411.96 546.092 689.072 178.367 150.513 701.462 784.167 753.436 437.902 65.767 916.457 384.47 822.505 900.331
61.275 842.597 920.833 964.372 849.916 866.681 747.971 964.595 252.47 523.167 343.441 28.664 13.756 803.656 610.421 880.371 93.496 192.796 686.199 306.756 614.516 1000000000.0 577.595 966.404 961.636 582.615 474.321 616.469 741.151 34.679 504.655 896.025 669.166 951.402 918.33 371.825 35.532 186.684 624.918 640.443 978.02 738.206 968.305 445.013 972.355 443.109 811.53 66.434 57.175 629.999 883.596 31.656 805.885 763.182 978.715 891.44 101.695 262.235 574.045 935.883 587.285 236.148 667.285 131.846 391.39 785.316 482.948 992.925 42.18 718.877 995.345 61.166 510.515 805.788 31.221 985.686 256.643 806.033 733.667 7.641 362.467 127.429 677.045 760.324 699.284 961.044 112.53 186.05 606.174 781.012 425.205 98.185 769.543 419.317 651.176 528.882 850.279 81.507 800.61 853.059
703.22 111.514 309.227 321.321 195.615 266.169 886.669 474.556 269.336 874.06 943.608 741.162 686.363 627.725 663.896 671.862 369.727 963.48 248.735 597.744 715.863 577.595 1000000000.0 931.915 284.324 227.721 205.107 137.799 229.664 213.857 491.916 820.088 963.555 168.744 861.943 518.311 810.628 699.056 637.615 439.731 575.843 514.397 995.272 185.024 651.703 837.111 144.655 187.465 670.587 155.181 487.365 385.554 229.424 424.084 829.461 628.387 877.705 48.589 555.624 920.826 308.57 760.738 618.895 630.167 923.359 37.698 45.291 766.188 999.429 812.694 671.232 725.956 636.089 625.07 1.143 264.878 518.75 853.204 962.813 782.164 448.53 169.574 80.97 710.275 565.955 239.131 271.481 643.092 842.374 30.975 76.929 386.988 92.664 152.114 868.059 569.98 714.366 913.85 279.75 105.312
928.338 386.469 547.743 655.688 802.338 251.766 532.776 221.517 197.488 39.552 996.81 967.787 472.066 509.776 811.889 53.238 940.032 123.776 203.695 406.72 154.936 966.404 931.915 1000000000.0 963.145 238.662 605.185 276.137 8.745 137.186 804.105 954.535 831.929 513.712 403.091 739.668 394.893 104.489 83.014 301.864 429.075 534.199 746.876 131.974 822.366 501.179 590.274 570.592 369.769 121.026 561.522 55.291 99.536 490.202 349.53 181.197 448.201 581.022 22.084 310.592 933.316 713.41 776.285 412.799 648.986 943.44 145.944 646.332 84.426 231.34 139.624 672.435 948.9 797.477 97.569 95.259 661.658 913.76 464.59 413.583 205.656 782.426 579.232 517.713 770.754 839.666 407.298 48.041 242.446 293.367 544.893 896.455 121.878 388.106 236.632 678.511 70.447 993.974 499.63 519.101
942.087 578.164 886.037 988.162 697.056 867.992 90.608 989.016 803.261 71.462 625.523 479.257 745.638 515.384 368.87 729.352 405.88 754.903 547.863 140.181 82.429 961.636 284.324 963.145 1000000000.0 272.681 756.247 114.047 765.12 229.372 712.4 733.833 991.509 756.889 92.086 87.48 228.504 820.084 172.381 891.591 855.117 513.16 251.089 784.103 103.612 459.923 856.97 928.591 46.152 984.554 472.01 998.323 77.078 609.799 49.999 138.763 531.798 944.995 646.338 37.694 574.543 474.533 306.534 950.023 166.071 14.127 322.311 662.257 329.428 86.988 14.489 813.419 470.35 227.258 754.227 896.256 365.063 262.077 536.495 954.497 614.576 561.857 587.965 240.183 622.545 648.882 367.989 443.46 162.913 868.998 915.301 850.497 177.892 842.663 448.177 508.417 496.967 38.915 973.773 444.077
456.932 27.562 507.055 156.102 120.224 837.544 145.223 6.337 375.903 448.01 545.639 946.509 598.824 896.364 828.771 183.691 992.47 697.682 747.547 566.031 290.627 582.615 227.721 238.662 272.681 1000000000.0 175.482 510.778 960.833 439.855 821.091 196.188 360.049 809.867 403.367 91.965 680.196 717.716 426.8 997.625 142.281 388.003 44.85 636.225 635.341 376.211 629.166 685.084 862.922 363.87 626.31 726.118 539.188 855.786 493.089 90.217 955.742 127.467 285.852 31.543 783.893 4.042 738.716 613.06 844.095 205.245 46.383 282.06 395.211 722.067 883.508 925.724 229.255 918.919 887.235 193.826 873.203 762.847 54.293 818.716 734.832 922.554 353.888 408.533 750.922 913.6 207.815 598.433 163.108 411.241 6.601 472.259 74.283 275.68 121.501 517.656 165.948 468.067 270.879 752.927
366.333 198.07 880.19 299.621 717.42 8.058 347.853 403.15 679.81 451.966 843.94 544.075 63.393 496.505 926.06 859.144 829.193 721.631 231.068 819.786 639.084 474.321 205.107 605.185 756.247 175.482 1000000000.0 533.192 256.82 761.083 541.647 55.32 496.133 944.103 29.733 179.553 112.623 42.616 689.852 139.472 15.968 930.321 334.678 266.555 139.902 268.295 641.479 787.793 334.663 140.048 6.113 330.584 582.922 849.471 747.082 419.265 184.75 506.526 851.81 793.081 338.443 694.539 560.197 590.921 572.447 315.633 511.512 109.635 519.203 468.813 230.822 911.163 20.802 958.557 590.563 520.606 732.205 240.621 2.102 346.28 998.443 361.61 45.36 198.769 511.53 678.328 738.951 154.682 177.13 826.33 785.003 566.685 896.844 160.185 208.179 998.251 210.339 82.667 356.874 956.349
645.413 812.005 149.709 902.562 706.118 183.971 485.947 668.052 180.201 851.77 276.077 391.468 985.156 185.56 365.35 666.488 53.529 300.173 613.784 355.63 2.393 616.469 137.799 276.137 114.047 510.778 533.192 1000000000.0 176.848 805.681 855.135 332.074 683.504 51.702 407.562 275.306 710.166 808.528 819.472 351.638 976.889 446.735 73.709 683.521 644.675 710.48 278.446 34.316 423.707 363.997 579.771 858.422 234.216 624.986 375.207 695.565 102.266 817.824 979.172 20.068 578.443 806.08 963.314 825.566 963.66 54.011 198.305 175.765 322.179 131.413 240.013 827.452 510.514 888.897 689.12 630.807 994.936 247.287 740.906 661.011 699.542 568.365 423.008 669.054 978.948 686.713 71.237 359.245 285.331 319.755 533.983 860.143 655.911 556.734 696.218 228.765 621.866 518.325 743.041 21.062
671.351 894.745 538.795 637.402 328.935 399.398 663.984 827.432 549.382 934.443 463.254 812.644 446.146 210.982 911.56 83.014 955.316 759.629 229.895 758.335 338.555 741.151 229.664 8.745 765.12 960.833 256.82 176.848 1000000000.0 556.04 636.339 115.391 873.401 645.582 17.395 24.129 227.459 730.494 552.596 50.788 647.891 636.844 120.112 795.393 200.382 854.892 316.091 440.288 922.88 90.666 640.594 246.867 4.598 285.573 673.446 574.869 941.376 597.58 225.813 447.192 46.067 751.455 924.796 434.059 399.296 149.978 986.411 360.731 925.999 340.262 489.326 351.819 72.86 402.559 607.592 904.941 978.298 685.277 566.985 119.418 950.639 632.529 41.997 498.486 630.93 860.559 264.534 685.094 287.567 238.389 793.953 480.276 560.571 101.602 632.605 739.394 516.037 846.694 169.784 199.884
188.308 924.622 68.449 499.032 167.732 658.444 656.209 925.465 381.848 225.015 966.21 133.714 882.153 533.177 213.668 531.496 564.107 309.366 306.091 594.815 981.293 34.679 213.857 137.186 229.372 439.855 761.083 805.681 556.04 1000000000.0 846.342 468.103 771.356 601.672 593.452 839.888 758.687 372.947 758.92 66.572 583.178 195.672 632.236 845.541 520.986 431.584 146.458 964.647 188.078 593.433 490.024 433.66 350.596 444.464 326.095 840.857 293.916 609.192 925.166 34.999 852.988 141.828 369.047 729.812 609.571 225.085 793.66 269.981 740.606 56.594 955.681 697.624 10.419 821.213 225.698 92.432 891.322 379.906 218.831 567.28 420.979 882.939 235.956 626.041 140.999 166.563 902.806 869.759 685.584 460.361 569.511 426.886 864.335 37.467 246.475 603.097 425.069 885.835 990.178 531.576
807.588 182.128 665.368 445.798 646.003 875.208 758.885 719.593 799.066 297.946 644.955 798.431 811.277 879.953 564.735 177.713 347.377 669.829 90.606 808.048 791.075 504.655 491.916 804.105 712.4 821.091 541.647 855.135 636.339 846.342 1000000000.0 195.815 198.94 526.855 332.102 829.927 738.027 953.155 874.646 334.129 968.915 696.081 294.091 905.392 989.534 539.16 464.56 299.364 403.537 651.018 854.812 40.968 25.952 541.894 968.823 109.899 490.95 10.987 542.69 481.207 158.895 310.417 505.958 492.813 205.247 689.854 639.705 819.962 826.825 74.693 615.489 413.027 260.594 840.373 935.722 625.135 296.762 516.02 503.694 626.651 853.249 89.482 321.424 136.833 51.867 527.698 159.267 337.885 648.946 683.784 938.507 374.426 578.4 66.736 15.894 647.61 336.215 788.767 606.418 161.822
719.691 87.736 348.812 675.958 183.513 450.737 479.714 423.074 955.927 963.8 905.27 739.1 388.043 802.755 392.763 934.228 585.981 725.672 664.707 575.198 678.897 896.025 820.088 954.535 733.833 196.188 55.32 332.074 115.391 468.103 195.815 1000000000.0 18.574 35.44 546.534 522.745 206.676 607.773 955.114 152.517 858.589 145.798 764.707 939.957 600.937 323.243 584.492 347.757 487.621 871.978 743.899 729.203 511.67 915.619 228.864 858.568 344.088 835.188 356.799 213.972 600.69 33.274 496.993 660.397 185.553 514.785 902.576 535.259 863.652 10.606 386.054 77.68 770.538 125.516 678.88 556.186 883.936 186.924 180.825 730.365 335.84 226.67 522.369 549.744 585.175 759.765 764.569 936.413 312.301 376.093 947.278 619.387 319.586 982.55 852.27 552.021 241.777 235.934 821.057 749.27
707.935 322.246 264.949 205.907 989.084 522.466 96.105 673.458 7.253 454.987 703.774 100.05 890.54 334.213 793.636 445.937 497.999 865.411 625.288 986.125 189.528 669.166 963.555 831.929 991.509 360.049 496.133 683.504 873.401 771.356 198.94 18.574 1000000000.0 950.21 458.442 653.612 76.19 994.831 899.807 969.983 787.195 657.121 141.167 833.316 194.601 932.443 972.889 191.941 385.672 388.975 849.469 557.496 523.815 209.701 657.553 316.051 912.452 871.316 648.651 265.432 27.723 25.499 485.91 283.615 393.961 514.332 987.355 667.9 654.844 514.815 257.12 398.301 687.787 510.943 544.171 160.642 408.126 370.846 462.646 618.019 746.776 679.119 118.266 112.055 682.574 886.493 648.602 200.618 820.184 88.239 391.586 433.986 323.591 277.132 827.981 482.166 852.573 554.68 52.814 643.131
422.931 863.066 559.086 999.041 6.609 668.698 752.302 584.461 479.586 935.003 648.933 671.537 341.581 972.2 652.563 996.433 934.774 719.648 249.718 36.011 898.959 951.402 168.744 513.712 756.889 809.867 944.103 51.702 645.582 601.672 526.855 35.44 950.21 1000000000.0 583.687 192.001 978.72 778.762 344.638 493.068 787.435 757.232 512.423 377.626 786.458 285.48 918.157 253.43 326.546 889.849 439.296 434.153 145.645 97.207 839.192 416.954 125.355 899.021 884.31 802.821 274.303 367.585 256.21 430.413 589.552 372.565 327.95 197.996 583.726 885.881 616.578 81.259 913.372 388.918 723.686 798.059 324.642 48.627 535.289 706.052 464.42 928.738 290.875 864.576 376.99 892.3 319.135 653.893 291.51 120.851 317.879 397.527 205.154 705.044 403.206 28.307 643.902 398.143 440.478 692.454
777.614 488.162 933.216 439.167 828.843 139.784 885.03 351.523 597.866 243.329 593.927 440.691 479.512 28.773 463.081 477.547 312.557 667.652 411.834 115.347 412.688 918.33 861.943 403.091 92.086 403.367 29.733 407.562 17.395 593.452 332.102 546.534 458.442 583.687 1000000000.0 208.678 176.299 816.857 136.318 488.673 804.216 129.805 597.274 428.601 273.353 150.41 674.568 550.127 516.825 919.253 538.932 978.134 133.678 978.982 106.913 833.091 92.259 921.736 284.577 376.289 848.574 290.099 508.886 889.637 307.623 196.502 394.168 487.805 9.604 913.18 700.989 882.181 872.54 162.131 247.68 709.206 889.667 929.001 391.388 625.88 564.418 469.943 309.536 964.034 141.442 549.843 433.127 104.169 933.5 217.971 807.69 922.64 323.474 940.201 120.408 841.132 252.532 80.784 267.976 450.035
155.649 188.92 641.037 406.636 535.648 321.383 7.541 468.962 131.165 790.317 269.934 84.052 629.518 500.001 706.887 826.458 647.213 625.251 937.508 404.128 69.282 371.825 518.311 739.668 87.48 91.965 179.553 275.306 24.129 839.888 829.927 522.745 653.612 192.001 208.678 1000000000.0 836.783 363.036 882.434 821.149 29.556 526.479 105.41 972.804 828.435 151.242 499.163 87.694 659.863 417.366 324.109 263.131 735.742 170.363 162.141 973.915 966.004 758.895 406.708 800.192 255.986 933.473 189.472 391.443 100.906 879.058 277.164 539.827 833.875 359.755 909.297 693.501 185.528 98.214 591.869 804.199 150.628 981.788 976.256 187.328 233.027 857.233 106.345 3.525 229.06 412.863 633.784 837.09 170.954 233.425 40.693 85.736 990.755 848.121 619.794 775.595 300.003 43.593 46.772 15.796
543.233 275.976 629.138 540.785 487.453 690.201 519.473 239.125 634.146 114.841 707.144 257.359 735.016 601.071 820.243 469.674 993.003 673.403 938.028 736.465 223.451 35.532 810.628 394.893 228.504 680.196 112.623 710.166 227.459 758.687 738.027 206.676 76.19 978.72 176.299 836.783 1000000000.0 914.611 50.589 507.861 865.015 152.468 439.392 730.409 694.197 111.236 331.513 347.577 396.47 138.101 216.413 820.97 255.466 947.164 756.976 555.66 428.926 597.065 710.117 156.017 657.23 290.472 410.611 148.681 469.765 134.113 573.538 124.902 12.185 25.237 962.351 704.285 764.163 218.372 104.793 21.665 720.842 25.953 756.043 375.149 890.501 382.93 877.384 469.555 240.118 607.539 895.593 561.256 289.312 249.821 518.041 647.435 508.779 294.646 773.042 108.372 682.044 314.557 903.571 517.117
435.113 827.006 828.321 619.594 194.858 948.034 738.265 329.054 992.465 853.87 835.807 584.8 935.765 160.231 668.904 546.019 281.819 732.249 882.116 366.87 54.136 186.684 699.056 104.489 820.084 717.716 42.616 808.528 730.494 372.947 953.155 607.773 994.831 778.762 816.857 363.036 914.611 1000000000.0 371.238 958.116 362.739 796.047 910.256 878.991 777.941 555.152 627.437 901.059 138.451 472.147 407.91 102.656 873.19 118.112 655.134 398.491 648.791 131.5 853.038 625.742 692.84 941.178 490.809 633.007 371.389 868.691 924.509 443.423 79.867 929.133 655.083 863.161 253.456 497.379 896.405 404.225 268.573 886.326 235.983 513.506 35.016 948.515 212.908 707.79 3.04 314.904 617.416 649.936 760.918 512.939 121.505 843.414 666.722 828.869 744.904 952.58 47.447 430.837 526.359 163.141
539.523 27.564 992.972 228.7 121.472 718.618 769.545 413.446 128.542 992.173 730.663 916.911 539.344 984.491 187.544 700.344 407.718 59.589 676.401 51.427 608.249 624.918 637.615 83.014 172.381 426.8 689.852 819.472 552.596 758.92 874.646 955.114 899.807 344.638 136.318 882.434 50.589 371.238 1000000000.0 795.077 923.493 27.136 292.841 32.784 175.721 337.795 383.806 686.238 793.413 10.746 245.996 854.307 614.479 683.482 437.215 265.201 946.943 564.205 710.716 165.885 368.279 385.156 906.096 514.104 995.857 908.681 942.485 789.025 797.782 729.359 275.803 635.238 65.969 885.172 635.997 821.07 138.463 888.959 799.738 514.72 267.621 468.128 115.937 730.529 524.912 728.927 538.62 85.815 987.59 886.129 762.623 201.324 178.489 73.456 821.313 159.717 411.467 595.125 208.174 812.149
711.277 493.28 142.378 380.106 643.579 406.751 190.911 572.903 286.054 128.594 545.886 974.713 996.136 478.387 616.52 23.665 263.683 39.338 597.893 410.232 592.505 640.443 439.731 301.864 891.591 997.625 139.472 351.638 50.788 66.572 334.129 152.517 969.983 493.068 488.673 821.149 507.861 958.116 795.077 1000000000.0 743.041 239.448 813.811 951.654 727.642 501.081 215.595 590.47 727.028 929.419 419.191 757.488 962.609 341.423 746.266 578.448 852.22 826.656 212.584 217.585 158.666 760.429 472.942 113.296 595.363 272.922 525.958 596.139 147.554 795.569 538.061 214.416 386.557 624.448 71.057 181.663 430.131 30.015 186.33 552.832 728.231 379.14 154.871 92.62 47.601 368.913 369.884 159.849 658.067 68.559 263.593 119.411 749.497 191.529 484.566 497.005 698.553 707.583 198.351 129.242
951.089 748.316 524.176 591.59 251.386 767.783 55.192 495.875 811.512 484.084 451.794 45.216 271.588 347.974 348.852 93.427 597.492 331.629 226.027 558.867 168.077 978.02 575.843 429.075 855.117 142.281 15.968 976.889 647.891 583.178 968.915 858.589 787.195 787.435 804.216 29.556 865.015 362.739 923.493 743.041 1000000000.0 922.936 50.298 74.03 344.875 927.05 964.323 401.285 388.055 223.751 84.347 693.731 765.884 669.036 774.707 418.589 237.328 124.44 779.286 899.435 551.185 456.781 251.192 740.049 344.251 98.224 122.591 26.521 173.961 989.827 128.178 883.466 354.588 696.537 775.788 126.782 525.659 302.282 921.964 433.901 270.026 795.205 908.865 685.087 805.782 843.402 866.787 539.582 773.808 433.272 284.438 46.116 284.214 831.805 520.795 142.1 960.597 554.613 707.769 196.235
515.231 622.188 370.71 260.5 554.567 570.257 687.118 251.633 782.701 134.385 452.652 450.098 199.317 697.845 196.055 479.604 725.966 496.161 108.213 270.16 950.806 738.206 514.397 534.199 513.16 388.003 930.321 446.735 636.844 195.672 696.081 145.798 657.121 757.232 129.805 526.479 152.468 796.047 27.136 239.448 922.936 1000000000.0 246.54 490.116 677.32 160.02 100.857 883.623 350.541 235.25 939.748 57.078 767.07 786.402 359.976 731.75 538.126 362.734 779.147 582.282 140.183 871.191 987.07 939.308 812.179 162.557 448.129 842.038 196.145 347.619 720.336 698.615 764.054 334.343 26.526 74.06 737.621 618.338 228.006 936.514 592.004 900.604 189.43 49.985 327.091 437.549 22.828 983.573 89.938 500.341 112.279 425.785 699.365 980.237 382.624 770.607 974.818 239.652 720.383 811.083
988.069 584.013 482.692 3.712 622.271 54.566 822.286 639.501 996.014 79.946 18.881 923.543 467.837 312.772 62.296 476.541 233.172 626.727 905.256 778.188 418.598 968.305 995.272 746.876 251.089 44.85 334.678 73.709 120.112 632.236 294.091 764.707 141.167 512.423 597.274 105.41 439.392 910.256 292.841 813.811 50.298 246.54 1000000000.0 837.249 748.493 139.921 597.025 536.877 242.672 129.139 142.146 936.65 30.898 679.237 427.107 227.428 322.974 315.024 56.418 754.781 561.698 287.709 820.061 905.522 544.449 39.956 61.393 710.592 939.542 71.189 102.691 976.587 348.805 92.658 819.063 154.535 666.929 527.339 522.695 169.249 816.636 989.046 161.642 91.524 175.409 218.075 869.685 367.863 623.251 274.284 680.495 253.017 421.708 539.972 304.082 654.923 258.032 229.144 428.321 840.054
790.895 287.299 487.27 677.323 184.51 576.256 524.075 474.729 781.774 212.673 686.787 705.59 66.945 177.013 409.558 706.283 597.675 823.313 167.583 49.31 41.793 445.013 185.024 131.974 784.103 636.225 266.555 683.521 795.393 845.541 905.392 939.957 833.316 377.626 428.601 972.804 730.409 878.991 32.784 951.654 74.03 490.116 837.249 1000000000.0 245.187 632.58 860.103 221.305 266.773 375.418 736.79 979.152 769.183 770.409 482.213 333.436 843.578 741.392 311.89 272.311 124.077 434.05 959.208 626.953 271.336 982.693 973.481 964.481 886.906 484.955 939.069 888.565 343.746 276.462 313.139 533.723 175.068 960.622 944.479 679.344 594.044 625.812 22.395 205.79 852.107 520.737 917.444 269.564 432.998 855.668 193.301 766.92 821.828 727.089 826.781 294.172 20.86 6.479 336.611 704.146
195.332 857.085 133.061 57.278 318.364 1.054 492.194 501.863 966.184 662.229 663.665 893.589 292.101 542.61 595.974 846.83 684.913 179.43 826.942 580.917 691.546 972.355 651.703 822.366 103.612 635.341 139.902 644.675 200.382 520.986 989.534 600.937 194.601 786.458 273.353 828.435 694.197 777.941 175.721 727.642 344.875 677.32 748.493 245.187 1000000000.0 852.68 323.389 92.791 327.867 527.375 353.682 906.849 55.495 411.641 557.161 867.368 658.959 995.038 883.802 598.963 480.388 153.154 380.448 687.275 380.115 529.196 374.952 751.877 930.635 23.311 38.707 209.92 849.209 522.85 927.08 990.623 563.713 288.744 492.003 480.264 738.339 978.449 841.312 148.105 739.222 871.38 356.201 380.405 113.702 386.384 409.505 267.851 660.186 340.452 713.034 989.647 521.083 305.892 852.88 683.679
17.082 203.854 996.53 732.13 437.162 197.565 629.397 548.146 634.198 198.274 482.245 95.315 155.7 802.465 519.761 138.628 413.882 881.428 479.114 42.613 77.47 443.109 837.111 501.179 459.923 376.211 268.295 710.48 854.892 431.584 539.16 323.243 932.443 285.48 150.41 151.242 111.236 555.152 337.795 501.081 927.05 160.02 139.921 632.58 852.68 1000000000.0 343.038 20.07 743.122 295.461 175.201 917.207 93.471 655.123 837.859 218.467 422.332 872.756 934.553 226.172 95.027 193.962 24.365 936.301 205.311 995.359 77.617 374.138 285.388 714.328 895.386 958.4 996.501 863.108 321.704 458.614 631.564 189.938 210.825 491.003 917.192 527.468 794.108 24.561 657.156 25.656 93.948 204.341 936.618 402.854 851.41 964.023 407.217 339.999 445.65 608.804 912.398 278.963 724.597 709.232
561.952 646.245 705.305 346.223 769.081 971.336 554.128 873.797 869.999 302.061 533.759 361.459 699.446 34.942 620.027 753.716 402.643 126.866 983.331 612.296 187.206 811.53 144.655 590.274 856.97 629.166 641.479 278.446 316.091 146.458 464.56 584.492 972.889 918.157 674.568 499.163 331.513 627.437 383.806 215.595 964.323 100.857 597.025 860.103 323.389 343.038 1000000000.0 301.401 782.805 151.499 868.022 463.47 567.963 841.357 894.029 281.938 555.304 269.855 862.668 525.963 587.661 369.397 618.946 718.006 957.081 912.875 149.707 420.402 984.701 946.837 186.478 38.762 964.55 955.785 254.512 581.125 646.231 796.267 809.46 838.846 734.205 750.599 229.03 264.536 751.179 833.789 594.642 939.936 435.971 124.615 56.652 169.555 33.168 136.743 478.058 855.538 745.73 486.363 806.424 804.31
470.002 483.185 394.335 638.587 833.648 808.8 974.183 590.679 795.976 531.317 305.103 353.934 878.58 135.954 285.368 339.265 440.624 700.933 406.07 147.981 588.26 66.434 187.465 570.592 928.591 685.084 787.793 34.316 440.288 964.647 299.364 347.757 191.941 253.43 550.127 87.694 347.577 901.059 686.238 590.47 401.285 883.623 536.877 221.305 92.791 20.07 301.401 1000000000.0 174.742 838.068 378.679 628.77 962.574 814.42 962.271 993.544 749.026 113.119 361.365 163.902 44.511 369.141 994.578 832.533 157.583 678.697 438.348 186.429 741.17 575.446 236.945 973.666 329.228 896.935 609.227 977.843 391.163 781.642 423.551 112.374 547.538 945.512 834.871 99.844 430.84 155.648 714.423 952.58 372.721 567.897 121.46 991.103 41.535 57.822 816.129 196.084 915.837 586.237 610.038 606.8
599.196 439.564 106.829 376.901 723.483 510.954 244.655 694.549 56.44 833.014 996.375 428.059 874.144 739.464 987.604 64.147 563.532 34.834 582.769 809.07 987.621 57.175 670.587 369.769 46.152 862.922 334.663 423.707 922.88 188.078 403.537 487.621 385.672 326.546 516.825 659.863 396.47 138.451 793.413 727.028 388.055 350.541 242.672 266.773 327.867 743.122 782.805 174.742 1000000000.0 953.792 255.093 638.335 979.973 832.646 26.535 856.204 43.687 117.909 560.21 541.815 667.102 973.222 831.03 933.446 393.582 55.456 904.238 664.283 119.808 387.136 809.49 242.574 137.411 320.964 89.114 465.77 986.961 101.036 110.94 493.908 106.908 973.755 328.32 707.08 389.607 661.651 656.42 125.461 50.806 466.631 761.073 929.089 680.386 450.602 249.422 935.887 606.76 705.533 461.579 126.869
505.524 890.381 555.112 93.691 189.815 623.043 130.643 294.744 738.311 598.289 660.937 806.608 410.275 939.463 531.459 499.755 698.452 254.365 615.725 481.417 383.576 629.999 155.181 121.026 984.554 363.87 140.048 363.997 90.666 593.433 651.018 871.978 388.975 889.849 919.253 417.366 138.101 472.147 10.746 929.419 223.751 235.25 129.139 375.418 527.375 295.461 151.499 838.068 953.792 1000000000.0 896.54 609.219 763.464 863.172 956.188 905.191 56.851 286.952 11.614 800.599 194.613 979.651 830.629 48.727 437.332 672.113 534.492 902.45 816.432 951.493 200.542 106.203 508.951 811.847 765.469 850.425 997.479 939.812 140.286 666.888 535.376 645.001 329.504 110.997 109.272 158.165 607.437 355.174 453.848 9.808 540.852 899.708 828.428 481.311 121.822 860.559 588.998 82.411 961.181 394.055
