100
1000000000.0 703.055 706.807 401.563 370.828 59.339 203.011 8.452 304.508 915.151 899.245 17.235 765.684 774.475 94.85 591.918 109.258 333.037 252.675 846.196 179.633 504.715 930.227 216.81 701.227 164.35 435.053 813.636 787.761 693.185 457.793 751.534 996.934 336.023 527.441 590.295 534.986 513.584 52.355 266.905 15.958 915.063 90.893 217.21 273.059 781.729 443.426 541.411 161.376 543.619 667.754 57.146 909.586 707.273 420.504 34.276 86.465 619.68 407.93 458.623 548.347 929.89 24.983 599.332 289.17 542.577 260.764 48.2 818.036 410.748 962.2 467.811 38.224 256.159 984.984 106.834 459.213 42.504 887.419 892.348 373.907 192.275 572.561 147.684 854.426 725.914 470.586 519.379 929.723 203.463 804.728 604.707 926.699 613.922 925.662 260.061 147.654 548.566 114.323 183.096
703.055 1000000000.0 803.564 174.303 12.834 699.045 378.102 980.315 620.693 312.905 291.094 609.411 858.351 97.77 474.403 691.022 66.387 42.418 474.707 595.905 239.59 336.976 196.437 123.573 379.4 875.771 759.114 422.089 923.47 576.558 545.25 721.584 102.154 366.735 778.87 677.951 666.577 678.435 938.889 602.132 784.383 977.255 584.872 591.379 462.717 692.331 13.921 701.674 795.945 439.926 189.199 421.863 940.93 929.572 275.289 924.646 669.355 642.77 792.461 321.98 640.085 364.632 613.816 584.328 220.249 449.646 754.56 944.374 386.216 69.812 841.193 541.223 283.192 944.183 681.279 17.134 299.658 815.972 760.912 175.576 106.079 647.265 455.39 435.153 304.376 311.631 100.679 264.136 144.915 544.489 284.31 695.017 75.519 149.015 793.989 756.204 780.145 597.919 265.934 836.197
706.807 803.564 1000000000.0 116.21 134.538 905.763 649.327 288.759 43.931 964.178 258.205 781.358 795.411 137.51 466.322 891.235 90.22 563.459 906.08 911.578 132.251 580.057 551.058 67.961 396.071 251.971 696.702 378.276 110.711 151.212 215.618 587.861 265.91 993.648 680.425 634.575 190.077 358.691 319.422 131.423 428.334 732.555 441.791 816.803 356.223 518.422 336.67 945.125 50.861 995.287 741.7 973.851 525.689 982.644 819.263 986.75 532.471 725.729 525.016 430.97 509.068 359.005 676.218 778.807 461.722 225.615 587.103 722.784 309.434 850.567 675.393 770.005 71.18 827.583 212.55 365.509 645.361 633.027 425.404 233.171 12.329 275.228 33.976 313.877 115.368 949.503 610.447 58.591 681.817 572.182 656.276 279.993 722.737 247.587 546.952 373.97 112.134 454.283 858.538 215.42
401.563 174.303 116.21 1000000000.0 106.757 76.376 274.483 856.575 109.42 579.702 923.33 603.207 712.841 239.994 634.023 961.541 328.566 436.102 46.884 900.46 236.506 337.859 936.998 85.149 57.412 232.339 990.086 174.497 657.019 767.821 60.501 587.484 261.897 761.594 873.517 924.163 238.038 242.446 505.67 896.726 510.565 913.804 876.241 841.729 683.099 309.728 36.242 764.615 39.25 310.78 514.596 509.353 400.306 521.792 470.316 193.365 921.321 515.39 593.813 796.106 975.711 4.409 984.33 432.614 80.682 992.225 550.968 423.203 955.619 154.863 392.014 205.152 618.771 393.706 247.643 815.909 102.086 471.593 662.901 15.708 937.234 847.396 121.157 713.565 186.157 465.883 148.623 506.948 270.705 439.479 870.899 290.463 170.797 355.544 944.069 236.022 803.967 338.784 888.612 855.19
370.828 12.834 134.538 106.757 1000000000.0 299.964 455.361 505.385 171.063 540.089 286.492 330.864 420.347 760.217 152.08 181.47 772.713 758.004 939.577 23.697 806.0 712.275 672.716 460.543 850.962 793.76 871.909 497.897 100.457 745.033 739.36 706.227 861.231 972.756 692.752 878.246 954.234 403.643 936.811 686.047 823.989 531.335 658.761 105.619 193.904 181.055 211.269 946.008 867.445 548.754 28.441 538.86 922.033 591.463 645.672 927.424 405.928 219.151 895.146 856.448 907.819 713.448 662.492 239.33 551.573 34.804 568.438 513.349 849.461 335.708 729.417 924.425 500.151 980.184 30.993 296.031 190.295 449.424 473.633 226.058 807.771 112.421 487.275 474.849 568.636 662.254 432.879 67.086 585.236 451.526 631.067 799.616 683.1 232.668 234.874 371.749 114.039 687.046 63.195 248.71
59.339 699.045 905.763 76.376 299.964 1000000000.0 445.614 691.859 247.301 787.161 462.506 430.299 540.902 262.972 301.447 811.834 249.191 649.352 806.087 352.274 88.572 143.893 46.609 786.834 907.473 214.282 324.218 834.366 995.492 245.532 63.021 660.222 441.31 460.933 886.012 743.91 758.65 953.299 476.788 485.487 680.149 553.72 499.287 74.502 403.272 317.124 771.096 512.232 365.252 793.257 599.584 482.253 874.155 147.369 336.601 987.273 940.727 565.987 706.084 791.303 564.915 497.949 978.309 343.71 691.327 498.14 341.926 39.347 755.424 375.79 966.291 952.556 661.913 675.488 477.94 713.27 848.571 134.784 693.092 713.733 171.799 515.863 1.611 148.413 236.685 20.416 346.129 537.733 180.885 238.032 87.264 643.278 785.573 245.467 36.472 805.815 810.594 686.446 931.993 351.146
203.011 378.102 649.327 274.483 455.361 445.614 1000000000.0 707.281 99.839 292.05 648.111 879.505 712.417 778.82 574.961 301.113 729.72 56.438 505.751 411.383 164.369 247.074 508.114 981.292 152.141 374.68 249.607 992.394 702.546 357.678 179.717 476.015 645.478 772.259 367.837 445.936 537.566 348.582 27.638 372.834 80.883 356.286 7.36 627.242 107.776 11.342 671.777 95.076 621.896 922.25 56.486 633.496 263.861 962.858 395.598 415.892 239.683 218.319 201.672 592.883 910.209 69.504 157.087 300.785 654.028 407.517 415.327 456.209 511.245 430.803 22.388 805.577 217.444 188.118 345.875 546.882 687.337 826.574 785.864 758.068 69.61 811.629 559.832 663.482 219.258 528.188 247.685 16.791 64.214 554.491 747.579 950.621 337.382 678.238 517.885 850.76 408.896 269.483 826.328 27.371
8.452 980.315 288.759 856.575 505.385 691.859 707.281 1000000000.0 146.51 261.455 737.984 197.073 575.928 191.692 878.637 328.051 78.102 848.389 409.33 482.935 683.996 831.688 292.579 972.041 128.854 144.575 342.949 811.991 759.922 605.79 904.418 243.034 809.752 40.966 657.875 839.182 423.745 251.831 348.881 856.422 529.65 118.108 256.37 70.503 342.248 990.475 327.626 120.587 491.537 584.434 173.247 780.156 106.975 484.468 572.115 346.82 77.138 172.503 266.38 480.621 610.858 746.284 313.029 687.686 52.767 598.854 710.588 209.007 655.402 875.715 705.854 800.468 661.023 454.916 93.245 422.189 717.378 398.995 378.415 275.644 54.11 498.816 162.618 505.017 627.321 306.056 771.552 100.702 944.257 268.324 62.727 445.882 597.555 711.18 505.581 886.359 191.662 743.134 323.967 858.893
304.508 620.693 43.931 109.42 171.063 247.301 99.839 146.51 1000000000.0 980.144 906.072 989.662 673.237 361.85 253.818 543.099 131.83 980.363 612.386 834.615 369.359 832.894 677.852 207.058 750.841 70.121 193.835 999.348 577.229 902.449 929.496 673.837 951.109 21.811 810.08 266.727 228.355 560.863 237.834 273.992 118.062 652.576 148.589 16.423 217.133 22.502 600.725 169.935 346.61 97.369 630.272 871.789 745.199 440.788 877.905 96.346 77.378 450.146 382.042 124.155 952.201 497.471 106.058 617.22 929.136 712.542 662.213 838.32 221.952 734.773 26.012 176.056 242.453 372.925 317.9 599.732 145.791 587.212 58.689 926.685 67.657 996.151 916.357 574.562 488.82 865.122 203.422 928.929 226.066 378.47 342.383 342.273 266.826 332.902 796.94 11.334 727.304 272.818 936.455 472.956
915.151 312.905 964.178 579.702 540.089 787.161 292.05 261.455 980.144 1000000000.0 14.139 292.636 996.305 918.157 406.928 213.27 605.573 570.293 711.156 864.879 905.174 18.029 652.035 37.518 178.199 861.757 42.178 347.879 332.2 119.383 954.895 164.005 765.151 489.703 313.399 95.916 809.301 954.327 51.091 984.238 589.966 68.857 149.982 312.619 804.383 132.011 626.545 566.755 897.703 740.875 329.818 139.53 717.343 123.793 457.577 799.727 213.846 940.01 395.528 699.482 9.558 724.734 501.258 584.305 207.856 450.576 158.769 716.884 940.51 809.873 165.734 223.115 95.024 621.731 584.821 917.441 845.229 452.647 903.783 232.103 707.209 48.418 784.447 590.195 852.291 228.806 150.046 919.836 538.927 62.839 399.558 953.087 244.083 496.965 582.855 280.399 21.069 591.934 745.485 192.677
899.245 291.094 258.205 923.33 286.492 462.506 648.111 737.984 906.072 14.139 1000000000.0 726.988 496.405 231.02 4.326 731.73 216.268 253.437 231.939 562.273 325.277 298.349 805.277 733.989 183.299 918.278 634.281 608.399 792.642 488.398 126.126 530.207 892.96 101.913 963.521 445.903 785.711 110.69 903.606 73.38 521.178 601.428 467.502 269.084 459.098 192.702 234.179 886.608 243.56 30.052 63.437 155.715 380.404 150.32 912.203 479.382 185.572 152.913 826.502 620.548 85.763 899.654 546.877 892.779 579.989 781.249 690.64 222.674 9.846 673.651 499.45 548.496 400.104 469.689 434.349 293.484 680.0 150.665 590.221 26.192 97.864 48.354 852.24 725.999 95.307 804.213 82.352 243.952 320.839 84.055 556.217 436.756 376.081 962.098 737.083 786.197 804.144 213.575 399.761 84.708
17.235 609.411 781.358 603.207 330.864 430.299 879.505 197.073 989.662 292.636 726.988 1000000000.0 236.556 357.962 116.316 472.456 814.693 490.701 114.47 461.511 288.474 692.623 631.391 429.638 478.697 776.82 182.837 807.389 243.956 701.259 56.829 461.234 362.958 965.899 443.251 632.025 110.861 784.561 9.84 110.552 542.3 286.161 132.951 764.587 233.115 831.021 539.88 575.335 479.434 469.532 834.985 705.781 402.852 433.946 535.986 666.732 944.714 625.772 4.254 527.622 377.054 726.762 837.186 934.055 754.325 691.572 388.11 726.809 832.854 426.54 603.607 855.117 785.768 670.596 110.985 298.287 502.072 878.317 31.279 342.935 477.029 959.813 739.091 503.825 156.613 489.321 213.867 734.222 606.946 469.557 394.644 221.527 682.843 206.998 481.769 331.625 584.223 684.173 172.964 176.094
765.684 858.351 795.411 712.841 420.347 540.902 712.417 575.928 673.237 996.305 496.405 236.556 1000000000.0 506.856 966.945 983.022 756.221 8.765 340.645 465.556 454.769 329.42 675.106 366.014 16.007 85.606 214.657 724.136 835.725 863.484 308.135 6.723 126.011 336.958 586.709 427.459 192.759 577.734 857.476 65.484 464.176 941.923 13.374 288.319 1.142 58.229 99.922 788.987 214.253 711.237 591.432 670.265 233.66 299.352 98.424 751.29 818.243 15.673 308.679 791.502 503.554 496.283 504.526 206.415 677.653 608.359 592.927 449.285 378.037 637.394 450.378 553.2 552.64 891.093 979.811 212.317 644.776 192.929 105.193 173.247 362.861 551.219 320.726 512.969 276.631 782.423 917.715 36.555 933.051 710.828 749.4 165.101 432.953 427.043 602.87 822.274 993.879 670.501 760.006 404.21
774.475 97.77 137.51 239.994 760.217 262.972 778.82 191.692 361.85 918.157 231.02 357.962 506.856 1000000000.0 447.756 515.439 505.825 143.986 271.158 89.646 845.662 623.573 968.207 967.756 163.983 712.523 515.277 603.118 129.97 76.126 465.882 364.685 902.567 344.381 915.49 417.103 987.171 643.358 392.316 868.098 119.734 508.851 236.485 219.175 544.419 901.718 302.479 90.545 257.952 57.987 69.246 223.649 64.788 406.034 172.949 304.047 43.809 779.269 750.007 170.042 378.688 489.707 834.782 270.511 192.039 735.044 963.722 759.872 933.26 786.452 744.176 163.806 810.338 988.955 455.404 6.809 886.262 783.759 765.627 288.281 786.6 405.182 988.932 761.969 446.945 882.308 364.775 683.355 506.69 918.757 348.221 159.429 160.981 134.582 119.463 824.544 867.132 750.242 652.24 297.148
94.85 474.403 466.322 634.023 152.08 301.447 574.961 878.637 253.818 406.928 4.326 116.316 966.945 447.756 1000000000.0 36.139 482.896 806.39 206.248 752.099 333.683 595.477 262.528 880.703 682.752 664.836 844.21 300.921 985.521 256.368 304.46 148.611 136.483 485.832 389.574 932.87 202.035 235.33 340.041 322.216 105.234 238.306 423.268 151.313 760.367 444.552 140.86 959.627 263.863 252.305 476.217 717.034 456.664 349.063 595.632 153.674 171.947 921.388 104.392 87.323 936.089 468.891 379.757 281.577 951.781 208.717 689.154 534.6 181.63 33.666 255.578 583.829 995.433 25.057 520.006 147.285 247.348 418.126 638.766 65.54 111.674 482.705 157.05 15.339 614.721 360.274 855.391 419.696 633.591 850.563 744.484 93.267 795.485 978.476 537.912 646.194 944.309 125.627 293.391 359.553
591.918 691.022 891.235 961.541 181.47 811.834 301.113 328.051 543.099 213.27 731.73 472.456 983.022 515.439 36.139 1000000000.0 247.829 312.262 172.396 498.853 277.078 746.308 913.417 645.585 597.769 186.061 294.806 222.768 291.539 152.294 987.477 35.686 944.105 381.26 530.909 129.856 642.501 102.246 134.264 664.38 566.002 342.483 938.575 542.875 694.619 156.304 293.318 469.607 985.597 62.368 429.825 7.205 263.746 40.756 595.977 204.913 773.507 570.301 509.357 74.756 58.419 387.186 916.325 794.179 943.362 260.295 260.973 628.829 742.845 145.545 416.895 19.609 29.323 288.915 427.17 181.155 128.164 473.85 473.204 947.445 917.517 381.329 688.517 394.772 518.168 627.991 89.181 260.606 780.154 678.821 344.221 159.145 425.651 791.142 541.746 192.408 316.088 417.977 538.479 81.486
109.258 66.387 90.22 328.566 772.713 249.191 729.72 78.102 131.83 605.573 216.268 814.693 756.221 505.825 482.896 247.829 1000000000.0 904.283 224.462 250.223 317.629 51.25 343.367 808.471 131.286 238.215 653.664 751.284 837.235 720.729 443.98 33.986 102.255 988.449 792.828 409.774 112.945 492.514 553.818 201.494 33.007 421.746 423.12 867.119 338.971 23.355 121.916 381.85 169.849 327.732 128.158 86.1 685.981 128.251 211.168 198.778 121.505 631.695 296.128 495.594 98.9 440.58 327.868 374.946 413.342 442.658 674.771 180.247 875.557 724.107 495.247 658.05 570.175 964.793 734.338 315.698 940.557 637.181 630.898 301.84 279.437 362.74 368.929 832.299 272.408 782.6 591.988 624.538 535.505 132.266 669.806 514.384 79.18 686.243 773.626 272.643 690.235 843.711 688.13 678.961
333.037 42.418 563.459 436.102 758.004 649.352 56.438 848.389 980.363 570.293 253.437 490.701 8.765 143.986 806.39 312.262 904.283 1000000000.0 114.806 629.008 204.052 871.114 303.024 678.868 749.235 500.069 878.072 742.793 96.834 579.682 59.57 497.117 492.473 986.532 517.015 808.288 20.733 476.529 32.402 268.085 503.338 667.386 436.541 463.611 21.494 102.775 247.232 460.133 64.815 790.794 662.216 594.035 194.38 361.814 216.171 914.696 26.928 597.628 319.393 582.057 774.217 180.281 315.36 507.235 165.787 660.19 588.381 292.686 831.131 148.926 193.472 952.385 216.487 800.871 75.271 315.741 933.157 856.169 246.372 202.065 448.957 312.414 269.442 230.925 157.657 622.98 850.881 152.976 567.222 473.287 356.374 915.277 60.252 138.871 600.066 505.132 791.087 20.448 332.651 873.988
252.675 474.707 906.08 46.884 939.577 806.087 505.751 409.33 612.386 711.156 231.939 114.47 340.645 271.158 206.248 172.396 224.462 114.806 1000000000.0 319.018 219.598 785.536 675.012 593.476 152.181 430.953 122.217 342.734 677.361 238.17 117.301 649.155 658.739 870.37 144.229 67.888 150.868 654.089 600.54 225.592 912.434 545.46 544.566 798.278 282.322 421.882 305.474 285.804 294.063 729.641 758.918 488.631 789.904 460.057 897.678 31.351 988.592 389.986 487.108 313.019 364.722 418.195 254.438 116.143 488.372 126.571 11.19 434.314 20.934 380.93 745.603 719.679 218.99 888.525 230.625 690.903 503.602 879.675 933.97 100.747 797.025 26.769 554.684 446.353 325.268 762.692 251.824 365.245 642.901 235.272 613.604 685.42 360.042 973.866 259.279 839.409 647.769 989.812 434.006 925.969
846.196 595.905 911.578 900.46 23.697 352.274 411.383 482.935 834.615 864.879 562.273 461.511 465.556 89.646 752.099 498.853 250.223 629.008 319.018 1000000000.0 642.505 349.926 3.121 415.499 716.371 367.757 33.9 968.321 789.059 336.046 87.451 669.949 686.148 78.039 876.097 237.701 25.083 500.524 705.168 316.938 11.952 994.547 816.233 241.938 131.648 620.512 52.847 932.286 591.231 670.867 560.157 219.749 810.044 182.318 966.584 458.224 311.709 235.026 799.678 172.534 81.125 413.356 446.207 341.07 488.735 96.988 864.974 46.668 891.111 902.596 883.69 317.935 488.294 710.769 266.109 626.869 316.678 661.023 681.879 115.694 588.264 927.904 530.421 56.764 45.532 803.282 515.831 937.047 165.395 675.489 481.116 134.229 927.225 508.072 225.307 425.747 409.02 156.477 973.629 419.258
179.633 239.59 132.251 236.506 806.0 88.572 164.369 683.996 369.359 905.174 325.277 288.474 454.769 845.662 333.683 277.078 317.629 204.052 219.598 642.505 1000000000.0 94.829 793.978 429.101 989.933 7.637 551.065 340.61 771.145 16.781 594.171 960.257 774.905 286.89 409.628 260.358 118.464 553.311 519.169 510.208 71.227 428.166 123.283 234.948 322.442 139.425 253.699 46.197 564.933 944.321 810.749 742.615 73.322 750.519 321.824 683.373 388.638 218.808 319.205 716.66 57.8 752.369 938.345 440.412 835.896 410.365 179.085 767.006 755.878 455.847 430.464 477.927 144.917 510.788 159.899 400.41 190.556 934.656 509.658 360.957 877.449 930.713 813.694 897.347 939.644 34.994 519.381 466.409 430.393 926.84 278.614 868.11 313.139 289.965 777.853 115.757 707.478 353.254 189.713 588.596
504.715 336.976 580.057 337.859 712.275 143.893 247.074 831.688 832.894 18.029 298.349 692.623 329.42 623.573 595.477 746.308 51.25 871.114 785.536 349.926 94.829 1000000000.0 950.352 496.724 412.669 674.178 990.499 362.661 98.236 844.66 300.9 760.224 600.427 769.22 114.042 980.232 269.315 338.949 14.406 461.779 772.003 918.71 101.38 866.622 916.782 326.296 124.305 209.695 195.641 846.752 437.975 797.659 135.852 142.197 155.915 963.389 62.449 269.737 310.19 842.344 36.444 224.033 632.229 584.85 372.269 271.338 114.016 960.57 602.685 284.387 343.973 255.125 423.817 906.445 305.629 92.04 383.184 82.118 659.27 794.473 334.544 212.749 239.222 714.631 880.789 161.647 179.172 102.871 941.448 648.538 169.975 476.945 553.297 383.902 812.213 429.203 544.531 429.307 856.343 306.621
930.227 196.437 551.058 936.998 672.716 46.609 508.114 292.579 677.852 652.035 805.277 631.391 675.106 968.207 262.528 913.417 343.367 303.024 675.012 3.121 793.978 950.352 1000000000.0 303.214 320.725 244.564 476.434 488.372 962.235 252.472 871.87 968.324 39.197 378.119 413.892 890.587 690.594 969.302 224.076 115.946 783.905 37.683 858.137 406.418 793.085 360.154 727.665 663.971 513.74 925.615 16.794 61.936 546.109 374.922 757.76 660.333 751.498 54.775 934.582 584.284 397.859 896.287 527.073 254.453 146.336 154.776 733.238 834.913 241.391 365.615 60.249 718.651 865.202 458.44 833.367 474.827 599.75 822.874 444.11 778.473 370.07 981.247 771.548 316.494 737.201 503.87 375.422 592.392 779.783 284.928 578.618 925.764 458.148 997.48 742.42 90.185 872.674 67.128 183.973 311.384
216.81 123.573 67.961 85.149 460.543 786.834 981.292 972.041 207.058 37.518 733.989 429.638 366.014 967.756 880.703 645.585 808.471 678.868 593.476 415.499 429.101 496.724 303.214 1000000000.0 392.087 508.195 484.319 499.669 208.143 15.684 583.538 183.343 638.94 910.854 335.11 377.163 692.448 417.684 483.279 797.994 200.32 670.486 782.512 601.431 951.83 30.102 581.416 804.109 806.515 480.457 633.177 441.315 516.054 889.66 525.299 758.374 834.216 617.695 543.067 484.433 321.349 384.593 436.385 432.279 468.377 454.627 188.298 39.659 842.798 332.482 311.249 331.219 337.685 509.196 232.912 708.949 981.269 377.19 80.274 568.923 913.541 557.539 758.134 3.638 410.728 154.971 509.94 930.424 598.148 362.417 314.49 663.602 12.267 392.012 149.921 790.05 123.481 987.927 253.878 53.928
701.227 379.4 396.071 57.412 850.962 907.473 152.141 128.854 750.841 178.199 183.299 478.697 16.007 163.983 682.752 597.769 131.286 749.235 152.181 716.371 989.933 412.669 320.725 392.087 1000000000.0 722.106 715.941 577.467 584.799 901.493 572.059 270.791 880.731 450.898 824.944 536.039 18.22 676.79 160.175 55.331 1.853 483.73 873.273 10.501 978.676 666.076 894.122 348.328 925.562 117.337 427.68 877.32 462.77 955.571 274.2 880.727 793.464 921.365 253.627 989.402 228.639 812.973 506.419 505.915 17.961 84.665 269.279 539.264 597.292 347.041 412.752 774.614 826.018 600.015 944.217 536.582 105.811 486.964 586.982 549.026 699.525 154.421 2.291 171.311 885.549 935.599 61.449 428.341 126.281 968.939 390.463 154.854 57.787 820.516 292.93 813.11 519.568 397.168 645.995 484.665
164.35 875.771 251.971 232.339 793.76 214.282 374.68 144.575 70.121 861.757 918.278 776.82 85.606 712.523 664.836 186.061 238.215 500.069 430.953 367.757 7.637 674.178 244.564 508.195 722.106 1000000000.0 474.89 594.637 508.095 297.469 850.506 139.009 978.773 441.202 750.847 733.203 676.951 493.357 902.402 210.622 853.957 539.499 944.998 925.056 103.275 10.596 172.313 246.003 907.145 594.964 497.155 156.324 504.611 887.655 427.669 632.685 449.482 26.667 426.73 628.774 294.899 243.965 159.163 514.851 439.908 14.037 109.297 569.256 306.349 526.636 406.498 558.674 438.715 73.048 673.238 825.383 125.24 285.449 902.246 860.936 713.667 17.282 929.456 258.841 575.581 169.933 72.726 974.481 686.793 988.699 890.903 872.879 843.354 299.337 856.172 72.853 8.78 635.408 70.438 916.698
435.053 759.114 696.702 990.086 871.909 324.218 249.607 342.949 193.835 42.178 634.281 182.837 214.657 515.277 844.21 294.806 653.664 878.072 122.217 33.9 551.065 990.499 476.434 484.319 715.941 474.89 1000000000.0 763.353 20.966 770.041 256.024 172.9 245.027 417.074 274.283 18.975 192.098 999.226 787.349 441.661 969.989 556.173 122.436 918.29 512.757 391.839 316.074 967.059 224.007 913.643 113.612 415.136 604.436 417.146 27.979 318.888 338.162 191.068 12.053 96.66 887.517 209.349 469.628 854.293 204.583 407.671 400.1 878.515 693.323 37.59 591.978 179.466 334.794 951.476 887.115 508.019 441.977 583.585 229.128 526.659 608.027 568.18 158.746 680.785 805.122 588.61 895.973 870.035 87.111 217.405 254.029 85.076 101.643 830.534 231.755 245.881 977.625 795.042 242.594 446.119
813.636 422.089 378.276 174.497 497.897 834.366 992.394 811.991 999.348 347.879 608.399 807.389 724.136 603.118 300.921 222.768 751.284 742.793 342.734 968.321 340.61 362.661 488.372 499.669 577.467 594.637 763.353 1000000000.0 267.101 531.917 475.587 86.086 668.463 988.799 866.001 679.873 599.93 809.276 832.373 414.178 997.491 971.695 905.668 465.229 974.454 308.391 338.596 431.935 928.473 801.791 715.654 245.055 992.259 986.237 979.402 271.598 664.412 803.826 531.244 179.945 304.838 858.606 114.663 492.738 860.301 109.241 44.848 882.747 854.294 837.896 416.755 354.985 160.871 975.455 961.473 982.073 387.066 543.605 647.464 632.449 594.833 708.022 631.657 324.78 735.095 680.049 691.469 510.284 220.038 676.917 463.686 546.197 344.48 606.322 585.178 856.825 59.364 290.711 799.38 678.998
787.761 923.47 110.711 657.019 100.457 995.492 702.546 759.922 577.229 332.2 792.642 243.956 835.725 129.97 985.521 291.539 837.235 96.834 677.361 789.059 771.145 98.236 962.235 208.143 584.799 508.095 20.966 267.101 1000000000.0 598.863 349.251 830.206 918.271 122.832 215.646 941.734 977.606 107.816 183.01 243.419 77.842 322.135 790.982 579.212 612.928 11.604 937.379 980.65 925.472 234.176 13.745 878.531 583.104 434.644 242.183 56.457 63.039 984.023 597.362 643.52 354.962 448.531 274.872 690.831 816.361 589.011 986.504 123.804 554.996 179.458 923.282 165.271 302.271 711.595 745.187 124.464 173.951 693.585 762.564 324.512 631.204 421.903 66.879 906.246 674.482 642.374 198.416 831.439 919.218 26.401 885.672 597.468 79.915 186.775 802.534 155.479 221.267 551.379 939.493 194.606
693.185 576.558 151.212 767.821 745.033 245.532 357.678 605.79 902.449 119.383 488.398 701.259 863.484 76.126 256.368 152.294 720.729 579.682 238.17 336.046 16.781 844.66 252.472 15.684 901.493 297.469 770.041 531.917 598.863 1000000000.0 978.378 416.221 103.219 875.217 282.697 113.7 596.93 153.708 447.009 703.495 824.538 19.766 152.171 396.418 467.377 237.936 67.045 788.092 368.261 540.014 993.249 189.726 533.336 485.985 924.548 263.103 239.919 68.974 102.952 706.601 776.26 705.261 201.836 994.024 114.627 322.552 870.29 429.516 219.093 644.181 955.473 546.899 819.916 732.817 360.255 790.519 770.671 748.907 430.044 754.036 285.751 222.078 834.953 101.41 55.643 870.339 272.41 66.543 926.639 674.335 987.034 163.288 557.885 612.762 458.849 69.219 346.643 19.384 159.233 293.769
457.793 545.25 215.618 60.501 739.36 63.021 179.717 904.418 929.496 954.895 126.126 56.829 308.135 465.882 304.46 987.477 443.98 59.57 117.301 87.451 594.171 300.9 871.87 583.538 572.059 850.506 256.024 475.587 349.251 978.378 1000000000.0 520.873 91.279 922.311 410.284 324.401 511.934 290.345 208.525 465.868 522.781 745.989 588.735 768.684 353.623 405.668 469.429 62.488 165.11 274.85 696.281 86.453 329.221 749.223 943.542 130.628 60.44 596.223 26.609 506.017 816.407 561.192 641.949 221.143 983.104 247.505 463.572 693.805 913.113 781.735 240.088 928.861 144.842 867.411 676.216 695.334 186.053 326.123 474.474 380.506 301.313 535.367 752.411 539.429 535.801 187.941 477.037 593.51 991.046 324.85 561.972 890.456 942.086 114.515 22.314 62.328 846.909 48.464 213.523 421.098
751.534 721.584 587.861 587.484 706.227 660.222 476.015 243.034 673.837 164.005 530.207 461.234 6.723 364.685 148.611 35.686 33.986 497.117 649.155 669.949 960.257 760.224 968.324 183.343 270.791 139.009 172.9 86.086 830.206 416.221 520.873 1000000000.0 654.02 784.575 147.26 205.226 587.103 299.747 893.339 405.92 531.962 48.083 792.141 784.219 19.834 130.771 432.442 584.561 203.784 435.963 740.736 167.866 376.59 408.057 622.809 537.707 870.539 880.531 182.68 314.981 835.447 528.451 9.821 125.304 948.636 473.707 547.356 972.121 127.419 161.278 401.981 70.118 729.137 582.24 88.162 1.368 273.034 87.516 921.504 788.373 540.31 920.796 59.749 31.511 31.417 863.237 898.266 230.357 65.323 860.195 901.122 350.909 768.095 253.53 568.867 515.751 75.382 663.006 756.337 181.315
996.934 102.154 265.91 261.897 861.231 441.31 645.478 809.752 951.109 765.151 892.96 362.958 126.011 902.567 136.483 944.105 102.255 492.473 658.739 686.148 774.905 600.427 39.197 638.94 880.731 978.773 245.027 668.463 918.271 103.219 91.279 654.02 1000000000.0 940.168 675.209 544.903 852.353 305.042 168.453 556.67 276.139 938.357 782.207 156.288 954.343 509.959 603.097 68.886 104.793 257.426 504.591 830.094 28.729 620.267 22.834 506.932 231.985 156.084 567.355 658.218 367.078 171.922 32.646 504.079 773.157 797.743 300.521 746.312 444.682 808.407 331.377 751.655 977.589 871.416 419.225 436.862 249.391 810.668 569.151 967.949 579.57 405.608 665.532 538.4 652.783 915.43 964.6 144.108 41.612 960.757 623.543 535.351 842.479 122.5 434.388 488.415 912.559 762.668 963.464 553.187
336.023 366.735 993.648 761.594 972.756 460.933 772.259 40.966 21.811 489.703 101.913 965.899 336.958 344.381 485.832 381.26 988.449 986.532 870.37 78.039 286.89 769.22 378.119 910.854 450.898 441.202 417.074 988.799 122.832 875.217 922.311 784.575 940.168 1000000000.0 863.313 149.506 975.707 521.884 853.912 523.636 693.824 90.507 15.443 499.248 72.543 949.561 244.655 297.229 706.781 566.865 571.757 915.318 209.0 231.788 746.941 379.394 173.86 68.148 147.852 57.579 707.724 164.466 265.438 240.922 426.636 305.636 288.803 567.979 530.633 338.447 273.625 114.297 438.492 355.464 886.473 166.608 505.323 26.77 463.124 205.59 27.229 321.143 435.213 416.36 108.987 298.969 833.115 916.238 817.842 10.197 645.464 589.417 858.217 601.623 703.014 266.974 135.611 925.421 740.782 570.337
527.441 778.87 680.425 873.517 692.752 886.012 367.837 657.875 810.08 313.399 963.521 443.251 586.709 915.49 389.574 530.909 792.828 517.015 144.229 876.097 409.628 114.042 413.892 335.11 824.944 750.847 274.283 866.001 215.646 282.697 410.284 147.26 675.209 863.313 1000000000.0 392.224 503.982 242.873 363.82 600.022 857.29 317.893 503.793 267.067 904.715 561.377 967.217 257.799 842.113 14.46 925.365 486.082 955.958 463.219 297.356 699.122 645.223 940.56 45.724 893.027 478.845 510.84 691.987 65.568 3.052 607.839 204.514 385.875 230.044 910.319 258.256 232.069 457.846 348.428 209.171 829.142 612.92 753.042 211.868 304.544 971.694 20.444 362.379 429.699 16.133 640.083 283.335 819.23 442.227 345.265 842.247 2.777 579.018 274.971 554.7 532.756 406.029 945.476 460.71 234.214
590.295 677.951 634.575 924.163 878.246 743.91 445.936 839.182 266.727 95.916 445.903 632.025 427.459 417.103 932.87 129.856 409.774 808.288 67.888 237.701 260.358 980.232 890.587 377.163 536.039 733.203 18.975 679.873 941.734 113.7 324.401 205.226 544.903 149.506 392.224 1000000000.0 330.235 147.762 263.734 270.081 75.917 510.521 390.543 788.244 804.182 671.029 654.292 946.97 519.237 420.304 862.061 222.019 715.895 953.029 326.938 218.755 551.002 392.619 851.078 797.152 940.406 460.602 896.151 538.96 356.758 374.953 785.563 95.382 677.43 206.68 547.84 781.171 654.428 133.719 198.649 93.664 284.582 105.519 676.451 667.449 1.723 835.466 49.307 73.488 415.445 319.333 811.379 409.963 776.199 297.935 445.958 510.061 47.0 589.402 478.679 494.446 298.589 292.046 754.898 553.996
534.986 666.577 190.077 238.038 954.234 758.65 537.566 423.745 228.355 809.301 785.711 110.861 192.759 987.171 202.035 642.501 112.945 20.733 150.868 25.083 118.464 269.315 690.594 692.448 18.22 676.951 192.098 599.93 977.606 596.93 511.934 587.103 852.353 975.707 503.982 330.235 1000000000.0 286.348 630.637 792.533 799.055 783.003 949.826 223.709 206.773 907.951 229.338 363.896 888.505 33.029 591.125 661.611 595.848 753.174 769.995 329.163 280.633 399.862 495.354 117.551 960.665 25.177 979.757 95.112 494.592 543.249 212.89 143.352 188.298 774.389 572.548 272.718 230.654 732.743 311.904 796.85 419.761 608.924 209.097 335.192 725.572 548.111 412.763 597.398 903.162 279.215 380.476 457.908 993.738 301.491 675.075 142.765 374.648 782.528 191.069 547.147 511.721 192.378 807.44 723.101
513.584 678.435 358.691 242.446 403.643 953.299 348.582 251.831 560.863 954.327 110.69 784.561 577.734 643.358 235.33 102.246 492.514 476.529 654.089 500.524 553.311 338.949 969.302 417.684 676.79 493.357 999.226 809.276 107.816 153.708 290.345 299.747 305.042 521.884 242.873 147.762 286.348 1000000000.0 111.113 185.308 61.699 628.733 835.166 789.521 210.264 318.805 808.306 167.913 707.751 955.944 466.281 232.001 171.501 804.483 715.749 512.059 479.901 893.691 106.247 42.695 387.136 496.015 690.734 860.623 663.15 434.938 726.365 40.147 954.498 939.384 127.731 305.831 994.411 651.957 681.883 333.963 900.343 660.434 41.278 90.071 667.727 979.892 246.241 883.733 954.129 546.671 443.297 676.157 248.391 773.436 385.044 700.49 422.964 980.458 652.086 308.363 981.895 873.852 897.373 619.198
52.355 938.889 319.422 505.67 936.811 476.788 27.638 348.881 237.834 51.091 903.606 9.84 857.476 392.316 340.041 134.264 553.818 32.402 600.54 705.168 519.169 14.406 224.076 483.279 160.175 902.402 787.349 832.373 183.01 447.009 208.525 893.339 168.453 853.912 363.82 263.734 630.637 111.113 1000000000.0 605.644 302.941 429.495 791.559 552.971 299.102 23.905 16.096 487.81 33.356 283.219 876.456 194.817 350.212 527.008 167.787 670.635 35.886 103.717 4.963 963.476 903.997 789.468 741.826 674.374 601.999 204.856 558.587 900.983 697.101 667.095 17.913 818.607 649.073 455.823 587.536 403.842 748.724 850.119 26.744 391.507 908.741 64.518 849.588 758.579 821.191 851.47 539.872 391.763 391.064 117.185 689.312 465.112 31.803 985.496 572.419 622.741 813.787 211.175 108.537 276.072
266.905 602.132 131.423 896.726 686.047 485.487 372.834 856.422 273.992 984.238 73.38 110.552 65.484 868.098 322.216 664.38 201.494 268.085 225.592 316.938 510.208 461.779 115.946 797.994 55.331 210.622 441.661 414.178 243.419 703.495 465.868 405.92 556.67 523.636 600.022 270.081 792.533 185.308 605.644 1000000000.0 451.759 746.237 145.611 840.147 760.718 432.611 814.99 634.864 568.463 451.387 169.786 404.971 16.365 453.165 383.992 602.085 562.976 860.154 886.752 390.686 681.094 401.226 322.244 385.275 546.06 788.202 757.277 808.221 700.626 857.741 694.836 104.317 976.396 466.735 587.969 433.853 105.449 694.516 378.094 283.105 518.31 629.64 807.876 812.624 379.787 839.696 393.024 456.761 71.35 984.089 543.169 962.461 752.162 994.824 168.373 224.352 378.416 486.797 436.062 956.499
15.958 784.383 428.334 510.565 823.989 680.149 80.883 529.65 118.062 589.966 521.178 542.3 464.176 119.734 105.234 566.002 33.007 503.338 912.434 11.952 71.227 772.003 783.905 200.32 1.853 853.957 969.989 997.491 77.842 824.538 522.781 531.962 276.139 693.824 857.29 75.917 799.055 61.699 302.941 451.759 1000000000.0 631.674 750.274 327.354 615.947 949.81 871.39 468.817 711.267 4.59 390.652 297.131 586.882 712.525 944.861 37.417 704.707 643.13 478.397 774.719 759.973 654.905 594.623 179.817 967.658 529.18 238.073 361.804 980.804 539.319 384.565 874.342 550.745 160.95 991.009 272.322 812.732 173.175 332.052 862.725 968.242 609.719 404.942 415.805 952.066 944.933 417.088 698.172 117.509 188.965 819.959 252.647 790.427 553.751 830.276 819.203 860.223 411.246 624.376 347.608
915.063 977.255 732.555 913.804 531.335 553.72 356.286 118.108 652.576 68.857 601.428 286.161 941.923 508.851 238.306 342.483 421.746 667.386 545.46 994.547 428.166 918.71 37.683 670.486 483.73 539.499 556.173 971.695 322.135 19.766 745.989 48.083 938.357 90.507 317.893 510.521 783.003 628.733 429.495 746.237 631.674 1000000000.0 221.06 784.014 520.176 453.878 464.326 43.635 703.446 37.544 943.892 853.104 259.307 865.938 847.145 799.871 84.046 56.337 574.445 1.304 41.908 497.461 103.438 351.326 650.659 72.342 937.855 547.492 672.041 187.321 440.389 437.033 497.63 204.396 340.042 334.108 831.877 775.009 278.94 554.289 541.025 689.638 401.149 676.597 95.9 355.212 458.389 144.694 414.408 17.303 459.102 83.844 371.508 812.465 885.792 863.4 423.967 481.662 22.005 490.835
90.893 584.872 441.791 876.241 658.761 499.287 7.36 256.37 148.589 149.982 467.502 132.951 13.374 236.485 423.268 938.575 423.12 436.541 544.566 816.233 123.283 101.38 858.137 782.512 873.273 944.998 122.436 905.668 790.982 152.171 588.735 792.141 782.207 15.443 503.793 390.543 949.826 835.166 791.559 145.611 750.274 221.06 1000000000.0 613.862 427.105 453.862 290.437 707.925 465.429 516.108 39.804 151.186 662.453 585.539 305.968 717.181 102.002 979.653 876.009 526.821 665.661 981.726 411.589 161.975 414.284 133.924 899.737 629.137 603.976 944.675 136.77 436.828 305.099 156.191 36.032 457.008 539.524 903.993 947.934 268.946 807.352 163.582 663.2 921.514 58.081 379.155 634.029 385.643 290.075 531.141 398.72 519.516 216.229 900.77 228.342 107.867 787.632 273.161 993.976 569.165
217.21 591.379 816.803 841.729 105.619 74.502 627.242 70.503 16.423 312.619 269.084 764.587 288.319 219.175 151.313 542.875 867.119 463.611 798.278 241.938 234.948 866.622 406.418 601.431 10.501 925.056 918.29 465.229 579.212 396.418 768.684 784.219 156.288 499.248 267.067 788.244 223.709 789.521 552.971 840.147 327.354 784.014 613.862 1000000000.0 158.329 346.668 974.173 958.123 47.559 740.898 66.367 411.652 731.272 61.025 56.489 420.074 138.803 772.198 303.59 178.574 574.6 628.03 591.449 85.311 201.459 489.661 951.271 684.155 883.601 236.651 26.007 525.637 771.367 973.063 73.311 783.89 249.537 922.061 569.321 165.867 475.133 372.982 549.905 555.795 646.451 550.017 796.671 560.193 122.777 186.472 165.76 870.926 542.199 216.7 978.019 663.725 27.397 491.115 254.375 848.69
273.059 462.717 356.223 683.099 193.904 403.272 107.776 342.248 217.133 804.383 459.098 233.115 1.142 544.419 760.367 694.619 338.971 21.494 282.322 131.648 322.442 916.782 793.085 951.83 978.676 103.275 512.757 974.454 612.928 467.377 353.623 19.834 954.343 72.543 904.715 804.182 206.773 210.264 299.102 760.718 615.947 520.176 427.105 158.329 1000000000.0 878.296 788.987 387.69 916.484 238.461 307.964 965.709 75.541 116.742 513.072 574.495 940.567 527.467 72.807 193.964 761.314 243.247 638.994 87.192 157.888 127.91 206.201 798.694 255.828 500.643 493.003 116.534 570.963 564.351 828.729 171.671 813.336 65.428 357.665 151.778 713.55 150.864 522.655 199.482 38.813 398.614 362.375 750.847 652.468 534.997 356.241 275.098 39.143 798.607 540.266 366.954 152.077 955.245 232.889 536.822
781.729 692.331 518.422 309.728 181.055 317.124 11.342 990.475 22.502 132.011 192.702 831.021 58.229 901.718 444.552 156.304 23.355 102.775 421.882 620.512 139.425 326.296 360.154 30.102 666.076 10.596 391.839 308.391 11.604 237.936 405.668 130.771 509.959 949.561 561.377 671.029 907.951 318.805 23.905 432.611 949.81 453.878 453.862 346.668 878.296 1000000000.0 367.903 798.699 937.394 922.706 486.791 983.946 815.242 142.045 754.41 664.094 626.5 539.888 61.194 581.429 352.131 233.512 880.05 505.328 425.105 680.824 572.217 273.14 233.687 141.302 630.035 183.265 625.451 735.844 98.97 552.595 361.393 189.653 253.934 8.526 844.648 994.559 739.597 943.97 123.705 507.058 561.581 282.536 100.595 306.932 204.44 881.138 831.112 541.532 422.847 952.161 429.385 84.638 776.863 341.085
443.426 13.921 336.67 36.242 211.269 771.096 671.777 327.626 600.725 626.545 234.179 539.88 99.922 302.479 140.86 293.318 121.916 247.232 305.474 52.847 253.699 124.305 727.665 581.416 894.122 172.313 316.074 338.596 937.379 67.045 469.429 432.442 603.097 244.655 967.217 654.292 229.338 808.306 16.096 814.99 871.39 464.326 290.437 974.173 788.987 367.903 1000000000.0 704.285 79.508 356.181 353.051 842.34 552.768 589.269 137.95 102.952 631.742 369.373 790.193 986.465 29.199 641.82 724.707 561.352 178.198 67.648 259.36 281.897 36.832 25.769 529.858 938.66 815.736 114.283 850.13 177.163 416.832 113.758 477.101 195.502 622.336 544.466 414.458 882.083 854.707 645.725 69.743 161.86 718.196 151.026 498.37 484.475 609.657 995.883 955.038 764.18 730.532 675.919 54.899 854.758
541.411 701.674 945.125 764.615 946.008 512.232 95.076 120.587 169.935 566.755 886.608 575.335 788.987 90.545 959.627 469.607 381.85 460.133 285.804 932.286 46.197 209.695 663.971 804.109 348.328 246.003 967.059 431.935 980.65 788.092 62.488 584.561 68.886 297.229 257.799 946.97 363.896 167.913 487.81 634.864 468.817 43.635 707.925 958.123 387.69 798.699 704.285 1000000000.0 874.809 998.455 909.446 227.381 237.125 386.623 335.275 972.5 502.035 404.421 395.118 931.797 308.865 960.367 624.539 968.556 150.549 446.691 813.116 435.597 190.489 257.276 875.977 891.708 398.669 353.691 641.399 289.715 521.644 949.224 931.443 278.082 265.292 332.838 262.149 530.544 430.109 697.263 589.114 820.743 823.563 441.504 312.56 716.684 684.668 23.205 271.964 156.792 132.593 399.513 724.881 804.259
161.376 795.945 50.861 39.25 867.445 365.252 621.896 491.537 346.61 897.703 243.56 479.434 214.253 257.952 263.863 985.597 169.849 64.815 294.063 591.231 564.933 195.641 513.74 806.515 925.562 907.145 224.007 928.473 925.472 368.261 165.11 203.784 104.793 706.781 842.113 519.237 888.505 707.751 33.356 568.463 711.267 703.446 465.429 47.559 916.484 937.394 79.508 874.809 1000000000.0 136.873 462.515 552.163 919.301 815.904 395.648 187.45 648.771 357.781 730.975 72.47 517.78 237.596 806.012 280.115 875.749 648.99 352.048 771.423 694.841 730.048 686.042 655.252 133.821 546.532 100.798 311.95 853.444 836.234 851.631 964.012 738.3 724.501 122.424 479.017 342.112 587.535 608.292 352.309 986.425 852.898 877.227 718.649 95.916 282.178 671.772 30.394 989.535 747.176 952.486 747.547
543.619 439.926 995.287 310.78 548.754 793.257 922.25 584.434 97.369 740.875 30.052 469.532 711.237 57.987 252.305 62.368 327.732 790.794 729.641 670.867 944.321 846.752 925.615 480.457 117.337 594.964 913.643 801.791 234.176 540.014 274.85 435.963 257.426 566.865 14.46 420.304 33.029 955.944 283.219 451.387 4.59 37.544 516.108 740.898 238.461 922.706 356.181 998.455 136.873 1000000000.0 389.377 281.283 417.034 2.307 889.376 410.667 795.609 731.79 392.97 170.686 641.806 160.296 52.301 166.892 916.432 46.817 104.166 879.983 55.586 768.605 272.773 711.77 213.894 156.04 381.995 91.106 222.471 953.937 60.733 773.017 196.246 427.037 237.029 746.479 444.654 173.647 469.939 835.987 216.977 632.668 209.938 461.099 210.827 259.494 926.642 978.853 668.6 795.639 319.608 617.243
667.754 189.199 741.7 514.596 28.441 599.584 56.486 173.247 630.272 329.818 63.437 834.985 591.432 69.246 476.217 429.825 128.158 662.216 758.918 560.157 810.749 437.975 16.794 633.177 427.68 497.155 113.612 715.654 13.745 993.249 696.281 740.736 504.591 571.757 925.365 862.061 591.125 466.281 876.456 169.786 390.652 943.892 39.804 66.367 307.964 486.791 353.051 909.446 462.515 389.377 1000000000.0 722.905 712.277 512.423 308.015 608.663 158.076 332.48 652.573 73.832 156.294 418.73 496.156 632.737 280.408 123.983 630.112 267.743 149.185 282.571 184.174 485.396 704.807 440.87 440.147 666.307 322.621 315.924 821.624 36.91 554.531 575.328 174.0 704.796 721.173 166.414 920.534 139.005 470.391 26.093 853.995 196.424 145.918 942.792 460.926 398.644 451.81 663.946 96.664 843.748
