100
1000000000.0 236.18 20.566 642.616 928.287 476.715 119.895 10.067 272.039 450.987 596.048 152.817 702.813 269.076 324.502 643.755 598.01 185.207 533.718 508.158 43.245 862.915 939.269 750.359 294.005 13.195 70.484 950.842 991.588 123.681 878.182 160.642 931.712 514.62 581.844 770.799 839.159 272.021 170.066 504.76 38.489 474.067 674.193 37.514 45.756 960.406 777.242 408.84 902.038 143.678 899.436 420.568 639.307 742.759 85.332 72.707 242.37 691.425 870.345 653.626 379.248 325.801 589.305 732.055 587.491 978.811 911.367 759.343 228.303 31.837 546.892 796.941 681.167 523.123 121.659 855.917 315.009 697.737 924.047 693.879 672.045 451.758 592.825 542.85 514.68 327.025 223.602 30.993 354.134 289.874 355.891 44.05 302.666 218.388 999.882 271.178 196.81 849.275 533.736 318.669
236.18 1000000000.0 569.771 583.267 561.2 257.314 347.297 590.706 586.75 762.158 358.286 76.97 715.182 536.529 549.471 225.146 276.518 901.471 321.092 798.455 595.896 387.031 916.045 677.784 722.589 961.454 779.243 679.572 226.884 450.73 729.009 10.426 930.919 60.956 412.357 538.112 363.712 833.678 880.479 986.412 679.689 423.419 849.141 11.653 954.682 335.315 326.793 418.283 349.853 278.014 393.326 674.835 671.662 850.389 137.677 721.778 777.063 430.376 71.387 127.418 163.907 201.993 84.375 552.978 533.982 765.753 251.021 622.082 891.413 58.24 849.367 474.756 368.218 89.66 595.829 838.607 90.611 173.144 496.642 774.524 845.803 338.441 749.421 734.355 552.497 875.851 995.01 992.622 205.951 873.875 351.084 262.041 476.158 749.258 332.013 102.452 723.361 531.464 351.67 10.955
20.566 569.771 1000000000.0 588.197 459.596 513.209 981.391 574.738 444.599 712.567 213.396 158.818 637.022 58.501 973.716 133.305 676.612 370.806 955.493 780.948 833.772 621.021 89.029 639.016 745.004 985.457 748.393 439.018 666.496 893.732 324.11 165.725 548.003 423.286 316.944 175.63 200.752 547.896 883.762 308.131 989.288 482.062 679.353 404.649 841.547 465.771 281.346 514.752 885.769 557.587 54.935 51.72 445.663 875.12 61.879 91.177 991.395 91.628 639.733 510.331 406.154 94.797 893.108 437.262 345.319 164.589 221.874 244.107 892.783 959.538 530.855 337.53 139.139 369.063 622.271 513.297 738.838 146.214 545.048 6.441 883.001 734.97 979.296 619.647 889.187 507.113 724.973 598.563 256.539 123.304 642.495 525.236 45.273 871.367 331.707 259.411 687.729 893.254 350.372 406.582
642.616 583.267 588.197 1000000000.0 192.052 436.549 306.119 333.435 466.966 775.821 837.058 94.512 556.407 897.302 407.806 551.727 365.231 900.285 704.827 555.554 439.284 650.534 178.713 926.607 185.569 42.734 733.256 349.712 23.91 989.694 18.574 482.098 341.705 140.324 621.596 215.892 552.949 730.058 98.941 305.596 933.205 672.023 80.346 507.225 224.335 14.677 31.192 638.832 245.35 192.54 75.799 229.582 121.855 939.78 628.783 706.574 672.807 530.338 214.076 666.356 343.034 914.346 819.965 872.854 504.346 421.682 665.209 260.248 998.909 538.376 6.846 873.105 483.555 710.713 22.205 831.505 554.861 635.964 179.845 959.306 668.637 815.69 529.889 60.436 461.936 380.324 663.901 781.079 206.614 371.461 49.845 422.586 150.212 678.313 587.724 321.037 415.842 179.98 576.679 9.654
928.287 561.2 459.596 192.052 1000000000.0 373.112 421.159 827.583 676.34 465.729 569.732 258.865 619.567 516.827 548.416 375.438 524.679 36.744 916.855 694.514 949.138 861.732 738.71 68.622 620.271 496.297 328.585 285.754 847.634 17.826 659.362 301.952 71.06 1.855 869.933 345.812 296.325 670.551 494.156 642.185 411.253 660.249 265.027 270.326 517.279 296.92 217.351 338.874 884.323 431.725 49.184 245.939 734.263 832.037 973.347 696.872 611.422 548.433 563.464 890.076 110.54 51.457 591.382 603.213 370.954 212.208 312.737 719.664 433.832 134.975 807.977 533.847 827.982 932.253 635.38 524.935 226.4 448.876 568.959 804.292 676.648 150.955 140.47 912.511 498.118 766.53 245.684 489.469 589.84 109.626 830.1 606.946 797.451 886.145 501.237 559.204 360.323 450.701 102.326 978.531
476.715 257.314 513.209 436.549 373.112 1000000000.0 244.343 51.861 210.56 189.824 239.366 876.011 101.405 350.748 801.548 692.441 691.722 191.557 982.213 561.697 527.803 691.482 900.332 661.341 729.38 726.266 119.392 312.607 650.179 911.533 760.767 246.538 7.714 46.494 725.09 171.858 642.828 581.234 994.474 653.683 693.676 731.017 613.395 758.661 4.403 886.383 610.925 835.058 189.259 402.65 861.182 79.558 6.373 125.273 605.133 437.08 258.782 377.302 713.646 576.628 619.421 469.975 518.874 95.448 387.049 471.615 322.919 910.924 789.643 855.41 823.885 219.374 695.547 584.642 265.322 700.363 734.594 97.59 438.703 821.857 387.218 144.223 186.222 741.182 507.081 334.206 71.556 761.446 191.048 681.724 405.919 634.68 544.051 928.721 204.142 715.399 676.389 928.617 127.552 128.273
119.895 347.297 981.391 306.119 421.159 244.343 1000000000.0 196.013 678.76 468.489 113.782 778.464 825.101 16.211 994.627 319.265 642.84 869.32 77.007 502.654 544.06 70.429 826.076 562.245 677.048 44.749 595.336 335.705 764.636 883.012 207.88 804.254 76.214 920.631 685.782 937.758 155.003 758.694 718.643 565.121 179.867 599.077 6.594 329.894 792.523 811.245 461.621 17.327 353.584 329.265 674.393 4.489 666.589 917.72 329.011 44.536 377.968 183.467 121.898 26.375 627.68 898.396 765.931 90.696 845.682 672.978 817.85 74.627 51.49 325.92 387.007 348.072 132.261 719.643 753.07 657.534 59.137 24.218 582.895 236.592 332.763 839.745 651.185 182.37 502.643 493.542 548.995 718.527 321.16 730.827 677.043 145.43 80.513 827.569 124.993 659.36 191.215 464.428 943.717 41.926
10.067 590.706 574.738 333.435 827.583 51.861 196.013 1000000000.0 5.239 109.543 834.135 247.073 614.246 434.382 790.066 485.834 880.373 524.0 797.834 781.403 316.702 557.925 786.963 289.821 229.199 83.036 189.052 522.652 263.737 684.647 45.773 722.352 691.039 961.593 460.676 202.681 795.806 676.344 102.942 809.232 485.815 996.287 173.263 448.239 521.29 430.927 436.423 980.358 341.025 492.38 927.935 766.829 341.258 983.059 316.924 58.313 858.071 596.978 898.211 329.7 225.754 869.873 407.062 4.672 397.536 920.949 341.414 46.205 730.813 695.339 970.897 211.14 974.366 960.235 512.195 522.276 69.567 849.142 838.677 558.945 589.201 832.955 863.293 247.571 884.416 500.123 861.371 583.593 705.004 80.764 29.374 633.213 870.884 67.031 590.155 688.133 588.662 842.728 756.3 797.866
272.039 586.75 444.599 466.966 676.34 210.56 678.76 5.239 1000000000.0 317.201 458.145 420.432 136.354 334.649 388.933 520.806 520.848 16.365 12.993 350.405 149.66 645.298 325.029 128.629 434.743 425.75 530.48 378.165 386.293 124.329 385.748 562.134 856.231 35.744 184.993 410.126 90.651 937.902 951.487 338.473 647.859 789.731 519.475 551.515 594.474 970.588 460.903 45.493 286.04 136.82 91.394 483.306 866.77 19.388 158.736 194.588 217.116 604.573 536.311 62.321 734.243 136.774 234.312 422.356 794.783 897.645 534.385 972.931 597.69 566.925 323.519 917.082 326.35 215.889 984.056 423.208 769.532 739.508 212.658 144.927 704.93 490.205 436.963 518.775 592.215 601.412 144.175 126.345 355.153 156.64 843.836 952.084 571.794 523.95 403.361 180.154 846.912 333.805 953.922 609.875
450.987 762.158 712.567 775.821 465.729 189.824 468.489 109.543 317.201 1000000000.0 58.884 845.011 448.212 493.328 838.288 246.306 412.603 616.037 131.756 445.388 128.945 111.761 795.025 538.398 262.24 379.048 63.352 435.231 969.697 345.722 79.558 829.042 535.402 828.328 449.656 522.796 581.47 792.325 688.28 715.079 215.215 131.327 605.166 344.907 92.602 797.955 303.366 820.282 79.244 319.792 844.136 750.82 962.513 569.277 573.205 274.31 997.83 303.171 554.569 958.309 180.36 778.277 251.431 940.166 864.725 993.898 131.815 366.191 508.832 59.454 744.757 519.996 118.469 522.216 97.2 623.791 655.485 776.744 869.916 526.865 270.866 441.728 906.776 95.816 164.702 653.007 870.827 737.229 534.993 292.69 595.415 890.259 398.798 820.031 202.74 372.84 948.722 447.38 16.876 428.229
596.048 358.286 213.396 837.058 569.732 239.366 113.782 834.135 458.145 58.884 1000000000.0 250.445 115.473 175.848 282.474 883.926 266.485 577.226 95.693 620.454 103.261 884.177 295.533 236.408 640.08 221.529 152.088 273.281 841.966 601.085 121.728 318.383 517.124 155.145 961.298 453.438 501.999 955.214 719.856 279.757 690.754 82.087 449.709 675.472 351.238 525.195 610.967 432.262 768.978 904.795 127.07 502.09 114.978 311.381 872.803 322.531 504.875 284.069 416.221 449.097 537.468 211.118 524.637 991.652 510.009 771.1 635.127 879.697 447.795 253.581 741.596 123.211 600.458 652.889 526.042 910.415 727.223 475.876 921.97 515.404 917.452 756.464 14.737 306.495 719.63 486.992 412.699 770.066 290.606 226.254 36.226 998.965 418.734 570.055 953.694 640.786 102.441 873.606 307.821 770.013
152.817 76.97 158.818 94.512 258.865 876.011 778.464 247.073 420.432 845.011 250.445 1000000000.0 403.518 927.452 254.932 988.867 468.563 732.735 824.368 713.18 228.05 668.288 11.626 77.872 377.782 540.217 88.945 322.252 17.831 897.154 487.269 499.734 777.143 436.684 307.734 334.074 821.853 224.568 726.211 767.931 941.867 968.927 559.941 121.73 743.383 499.726 746.474 217.509 850.817 924.364 247.975 872.034 70.781 354.369 374.983 390.835 957.827 764.473 793.41 205.914 334.149 472.387 929.644 559.797 743.325 620.783 610.918 8.771 77.843 454.463 186.928 468.71 743.55 90.632 913.209 196.686 467.975 205.705 979.296 921.028 314.215 707.117 58.36 138.553 542.532 713.761 954.871 910.872 345.378 921.937 833.6 850.367 922.862 232.803 235.708 700.429 85.171 52.679 50.472 325.194
702.813 715.182 637.022 556.407 619.567 101.405 825.101 614.246 136.354 448.212 115.473 403.518 1000000000.0 662.963 604.011 159.243 312.474 394.558 477.105 22.64 184.64 254.098 606.174 143.05 254.15 394.789 962.009 276.087 476.894 443.193 579.605 578.46 583.814 425.411 269.947 124.334 752.993 586.68 265.656 317.478 500.701 537.336 757.95 130.438 823.381 483.206 389.663 149.824 570.778 662.606 17.753 941.24 738.81 988.69 591.688 222.023 476.58 22.476 287.621 271.221 564.319 660.537 801.932 485.022 742.657 790.614 761.849 340.512 127.215 838.843 404.373 598.297 791.215 360.749 591.197 415.685 113.731 775.105 228.519 210.765 779.687 863.391 659.965 999.771 407.865 379.663 446.982 893.2 904.266 687.342 801.991 980.045 693.063 898.361 74.795 68.072 913.289 728.904 511.594 98.563
269.076 536.529 58.501 897.302 516.827 350.748 16.211 434.382 334.649 493.328 175.848 927.452 662.963 1000000000.0 616.637 189.679 376.483 996.964 46.695 43.632 604.573 989.63 163.971 901.746 97.485 673.209 296.938 407.428 570.968 496.166 347.894 460.887 328.268 557.106 765.534 846.726 885.605 639.134 643.905 821.066 455.123 600.596 702.181 382.026 823.664 578.51 252.046 263.238 352.63 56.144 316.343 76.511 445.934 528.395 700.158 178.877 191.248 64.806 416.306 588.617 103.168 724.204 168.623 743.878 290.135 914.405 132.253 142.919 106.514 977.777 329.003 855.331 229.73 552.708 21.313 378.513 258.351 320.85 486.216 917.455 395.703 971.417 1.035 781.352 762.549 799.862 74.834 534.407 979.422 181.862 571.446 801.734 566.48 754.701 924.107 496.368 653.102 535.375 954.467 524.264
324.502 549.471 973.716 407.806 548.416 801.548 994.627 790.066 388.933 838.288 282.474 254.932 604.011 616.637 1000000000.0 958.044 854.863 17.523 857.291 13.565 655.089 236.497 543.186 358.785 882.093 149.771 922.745 36.698 601.325 463.707 255.073 440.976 186.148 317.54 538.982 630.012 301.241 333.542 646.388 51.241 761.479 102.36 832.228 277.061 175.653 762.111 745.412 706.25 681.351 958.822 371.649 275.658 705.978 321.603 828.259 123.349 544.783 351.804 200.186 768.698 346.823 813.764 783.562 155.975 399.462 190.803 724.201 610.52 153.022 742.21 201.897 659.02 305.572 484.157 9.134 334.921 676.904 207.474 965.277 88.562 632.844 137.285 162.784 817.494 664.727 599.103 349.202 538.268 105.607 728.537 52.905 556.767 78.663 957.951 651.117 363.9 598.936 866.639 880.129 434.53
643.755 225.146 133.305 551.727 375.438 692.441 319.265 485.834 520.806 246.306 883.926 988.867 159.243 189.679 958.044 1000000000.0 655.044 879.671 389.773 418.897 303.917 320.846 408.294 737.627 126.238 807.434 467.048 825.369 874.236 566.368 132.36 324.361 7.591 104.044 329.629 718.648 265.345 338.33 184.297 631.582 317.361 692.736 343.645 955.493 260.336 510.865 199.931 857.148 633.336 858.297 825.681 781.37 913.375 152.937 883.87 748.283 760.451 377.313 230.149 381.251 594.598 952.115 919.206 451.876 451.696 980.955 432.194 376.956 9.791 641.127 843.59 699.888 351.748 93.967 407.613 27.725 263.349 391.819 79.975 654.95 49.982 339.722 35.103 473.347 262.109 469.751 257.217 958.264 459.169 93.739 456.049 550.997 168.992 511.64 480.713 582.718 259.191 53.528 987.881 453.549
598.01 276.518 676.612 365.231 524.679 691.722 642.84 880.373 520.848 412.603 266.485 468.563 312.474 376.483 854.863 655.044 1000000000.0 998.62 513.433 989.303 963.077 817.934 862.257 164.662 624.524 616.349 957.302 346.296 542.722 336.364 930.187 663.739 816.951 185.263 967.488 477.683 559.543 90.037 811.58 405.289 467.282 755.49 291.737 443.688 218.529 785.155 285.759 72.706 441.684 581.178 362.625 963.378 310.895 880.181 611.125 928.981 545.866 473.018 633.028 445.808 66.728 635.502 285.403 508.904 214.241 743.287 546.677 749.243 452.316 333.07 931.203 837.839 805.074 864.817 472.844 531.18 380.824 337.624 854.735 163.15 578.116 102.148 479.815 864.131 190.52 191.205 30.582 904.585 580.609 475.206 972.364 925.637 811.482 935.347 334.266 482.115 297.384 510.956 296.039 785.211
185.207 901.471 370.806 900.285 36.744 191.557 869.32 524.0 16.365 616.037 577.226 732.735 394.558 996.964 17.523 879.671 998.62 1000000000.0 877.572 955.291 893.453 404.417 317.535 48.876 320.994 564.728 196.442 583.879 866.783 241.427 997.715 51.789 686.009 695.57 810.086 107.137 834.932 772.488 500.248 476.334 347.455 170.03 299.272 942.414 210.86 426.233 664.443 638.124 860.577 879.432 98.11 521.616 212.343 438.768 531.578 641.159 567.177 995.738 889.353 294.053 395.649 151.304 70.083 817.591 109.158 334.317 850.159 683.996 985.692 917.6 347.356 940.61 467.632 152.762 786.677 694.631 779.042 509.658 205.037 536.574 768.498 760.582 222.443 863.462 735.942 668.53 411.143 685.791 42.891 255.202 315.543 842.803 925.688 922.67 102.849 183.686 735.965 323.46 944.546 610.353
533.718 321.092 955.493 704.827 916.855 982.213 77.007 797.834 12.993 131.756 95.693 824.368 477.105 46.695 857.291 389.773 513.433 877.572 1000000000.0 938.624 810.547 274.06 20.97 933.67 202.676 894.224 63.581 70.843 516.544 360.306 577.094 662.888 959.089 918.514 128.842 209.71 677.58 974.646 69.064 789.803 738.193 714.895 194.763 338.448 654.187 214.647 679.791 168.993 369.082 136.319 893.966 165.092 311.99 882.202 98.01 774.598 878.08 852.354 918.318 759.638 212.466 562.59 992.114 900.526 281.178 546.89 387.236 389.994 709.156 320.167 375.865 149.075 936.697 409.554 767.218 369.233 943.497 181.907 47.146 983.302 903.49 643.448 237.961 225.93 545.39 450.382 167.627 569.51 289.853 551.801 551.263 343.834 288.287 297.761 68.314 355.13 967.346 669.897 115.116 635.697
508.158 798.455 780.948 555.554 694.514 561.697 502.654 781.403 350.405 445.388 620.454 713.18 22.64 43.632 13.565 418.897 989.303 955.291 938.624 1000000000.0 771.125 298.177 373.046 391.231 820.546 600.472 933.146 231.167 766.263 624.45 2.385 224.563 718.522 62.176 73.817 662.586 36.854 527.981 335.458 138.805 470.565 292.402 12.276 793.725 336.755 418.213 993.698 419.151 824.729 631.087 93.004 681.335 570.448 131.181 716.191 494.048 316.022 149.673 464.227 467.826 629.924 848.686 24.99 787.468 430.251 248.259 39.35 888.936 53.607 659.532 852.973 988.405 287.696 374.213 17.064 839.771 861.775 32.165 815.348 774.075 354.599 203.055 323.176 602.827 865.759 366.877 406.656 786.387 449.823 994.887 69.017 814.37 807.039 177.427 147.626 161.052 533.704 709.293 210.491 442.727
43.245 595.896 833.772 439.284 949.138 527.803 544.06 316.702 149.66 128.945 103.261 228.05 184.64 604.573 655.089 303.917 963.077 893.453 810.547 771.125 1000000000.0 324.51 681.826 625.644 323.585 29.639 824.146 540.809 437.493 508.146 555.627 144.234 34.114 186.323 684.793 702.848 727.374 625.623 605.934 56.9 860.29 992.129 474.193 510.16 81.41 627.21 203.384 388.088 775.008 944.931 595.66 935.257 85.22 134.721 525.542 516.961 337.133 415.378 733.493 874.596 406.648 191.748 135.996 977.815 356.884 664.56 533.217 740.441 957.695 714.81 575.294 80.761 426.351 218.73 472.29 960.711 516.563 738.571 870.082 134.384 811.568 20.255 540.317 16.269 679.863 757.359 566.438 698.801 980.422 586.973 338.527 879.208 761.46 458.722 654.867 411.165 730.937 596.541 991.03 301.47
862.915 387.031 621.021 650.534 861.732 691.482 70.429 557.925 645.298 111.761 884.177 668.288 254.098 989.63 236.497 320.846 817.934 404.417 274.06 298.177 324.51 1000000000.0 621.725 99.642 785.252 129.489 234.921 376.773 173.254 762.008 254.604 266.331 420.692 89.407 207.743 692.493 61.544 631.777 879.398 230.217 293.46 750.711 435.505 868.715 63.375 314.071 464.857 879.909 17.689 140.358 649.304 509.458 765.689 265.622 522.162 559.22 998.756 710.388 139.495 399.292 773.028 147.649 797.641 417.363 596.764 859.52 330.592 964.265 849.523 42.604 474.133 536.259 429.59 551.252 156.026 105.269 799.521 179.558 639.781 306.851 468.393 184.747 300.697 607.928 709.539 443.251 239.287 730.699 483.128 422.284 204.69 632.875 580.555 721.133 489.477 117.377 477.464 680.792 81.405 311.774
939.269 916.045 89.029 178.713 738.71 900.332 826.076 786.963 325.029 795.025 295.533 11.626 606.174 163.971 543.186 408.294 862.257 317.535 20.97 373.046 681.826 621.725 1000000000.0 555.001 511.681 631.784 959.683 926.871 156.226 549.096 885.499 875.338 945.254 218.072 903.783 826.964 906.917 448.163 953.088 535.757 273.515 347.489 521.999 916.394 449.147 361.979 900.286 446.214 31.567 289.685 575.675 462.702 102.121 399.152 282.45 549.427 136.172 824.233 489.621 983.942 456.491 225.046 639.443 292.443 810.254 383.004 411.292 130.575 916.996 270.011 949.113 756.717 896.819 321.272 917.869 596.524 624.237 212.47 41.947 466.928 239.783 2.419 392.005 675.905 665.648 206.583 692.145 394.799 336.398 802.795 726.635 773.412 101.64 483.936 636.329 336.012 266.427 12.575 544.437 426.304
750.359 677.784 639.016 926.607 68.622 661.341 562.245 289.821 128.629 538.398 236.408 77.872 143.05 901.746 358.785 737.627 164.662 48.876 933.67 391.231 625.644 99.642 555.001 1000000000.0 831.802 411.696 157.548 514.011 700.958 584.116 179.19 824.875 148.772 635.822 692.038 307.881 343.498 321.693 416.166 882.124 442.138 421.338 450.495 931.282 702.616 295.81 598.887 408.326 141.162 302.528 179.109 357.377 118.104 23.574 984.115 530.78 755.746 321.647 210.792 344.065 557.519 195.262 314.982 68.918 774.566 926.617 928.805 366.01 645.012 253.332 826.409 174.654 330.804 748.444 255.415 113.84 485.697 825.637 433.021 159.209 518.638 959.642 701.182 969.31 413.973 954.066 725.328 510.145 748.444 100.691 135.009 874.56 754.068 130.201 258.272 991.217 813.585 894.398 780.533 778.274
294.005 722.589 745.004 185.569 620.271 729.38 677.048 229.199 434.743 262.24 640.08 377.782 254.15 97.485 882.093 126.238 624.524 320.994 202.676 820.546 323.585 785.252 511.681 831.802 1000000000.0 661.688 813.638 89.745 860.536 489.076 221.799 50.342 237.895 290.931 572.253 258.645 863.872 404.721 668.796 784.92 447.196 26.092 29.928 739.132 683.634 533.389 664.231 918.856 848.724 679.315 62.055 741.689 128.705 338.437 920.95 170.902 707.792 885.749 215.912 929.669 42.781 185.483 62.107 495.046 716.563 360.934 556.798 764.085 505.646 918.071 321.379 577.042 732.857 625.097 958.783 200.31 751.123 632.331 255.886 747.845 937.11 877.874 513.751 564.394 906.082 361.479 613.714 608.39 624.101 572.525 886.334 994.432 29.61 344.413 116.051 786.45 260.98 360.8 862.791 492.092
13.195 961.454 985.457 42.734 496.297 726.266 44.749 83.036 425.75 379.048 221.529 540.217 394.789 673.209 149.771 807.434 616.349 564.728 894.224 600.472 29.639 129.489 631.784 411.696 661.688 1000000000.0 506.685 945.454 661.838 351.669 960.608 634.259 598.086 925.911 393.088 832.558 818.609 824.918 223.065 371.86 839.01 308.733 383.02 771.529 383.873 141.979 772.758 937.033 820.037 630.819 77.665 501.01 85.245 426.409 421.039 708.575 266.689 627.67 306.075 834.888 301.149 651.901 937.093 14.274 896.215 694.497 868.944 943.018 664.484 316.546 785.065 332.589 156.247 811.651 575.865 404.614 149.195 837.697 797.3 933.228 660.766 220.51 349.568 739.551 778.917 283.501 958.157 116.299 616.909 414.268 876.64 889.801 974.12 510.448 532.373 34.997 503.382 515.56 977.251 733.083
70.484 779.243 748.393 733.256 328.585 119.392 595.336 189.052 530.48 63.352 152.088 88.945 962.009 296.938 922.745 467.048 957.302 196.442 63.581 933.146 824.146 234.921 959.683 157.548 813.638 506.685 1000000000.0 921.575 768.218 141.998 985.063 830.767 676.767 749.903 156.104 571.859 852.494 523.384 433.011 717.833 870.934 647.564 280.857 270.404 124.084 383.272 432.86 188.62 399.746 515.154 477.234 419.736 798.336 926.381 489.417 243.862 991.871 529.839 393.061 231.885 977.236 735.803 792.885 785.33 545.004 242.837 60.349 659.897 991.069 907.682 4.589 117.553 968.542 33.262 721.045 875.173 307.76 206.82 887.369 129.008 710.531 550.79 751.816 680.228 697.802 961.99 753.281 32.229 697.319 539.83 533.134 784.993 843.612 414.069 954.732 835.963 988.966 124.826 113.769 524.562
950.842 679.572 439.018 349.712 285.754 312.607 335.705 522.652 378.165 435.231 273.281 322.252 276.087 407.428 36.698 825.369 346.296 583.879 70.843 231.167 540.809 376.773 926.871 514.011 89.745 945.454 921.575 1000000000.0 614.103 524.333 391.671 734.462 684.299 783.056 560.718 182.23 854.913 273.429 426.912 84.816 299.402 527.808 790.328 180.988 579.222 474.56 499.933 639.306 325.347 826.942 410.386 512.852 635.545 732.418 288.331 381.069 179.449 282.35 643.114 572.881 601.578 436.272 380.24 827.165 750.255 870.988 712.758 162.77 253.164 656.614 105.372 364.212 536.925 552.773 133.705 945.556 766.036 406.591 351.07 554.006 532.897 766.327 76.479 79.679 396.788 591.861 215.353 211.133 425.377 621.487 987.059 585.207 63.601 877.813 199.015 627.151 731.926 603.651 840.966 504.423
991.588 226.884 666.496 23.91 847.634 650.179 764.636 263.737 386.293 969.697 841.966 17.831 476.894 570.968 601.325 874.236 542.722 866.783 516.544 766.263 437.493 173.254 156.226 700.958 860.536 661.838 768.218 614.103 1000000000.0 745.845 161.166 740.368 435.681 633.975 416.239 807.68 868.528 499.45 166.619 751.855 445.439 98.194 423.979 429.204 920.504 435.591 879.031 563.289 821.985 763.164 782.751 451.99 155.847 667.733 128.639 955.81 138.699 544.719 105.946 388.424 100.138 572.648 58.247 367.696 431.662 949.22 805.886 807.433 870.677 438.64 453.438 453.615 702.825 382.618 278.969 415.037 137.097 829.576 857.188 942.259 18.12 720.655 818.042 715.84 432.922 43.74 265.969 590.001 957.015 969.532 944.517 169.76 581.681 38.013 583.941 354.445 579.609 870.048 748.325 830.048
123.681 450.73 893.732 989.694 17.826 911.533 883.012 684.647 124.329 345.722 601.085 897.154 443.193 496.166 463.707 566.368 336.364 241.427 360.306 624.45 508.146 762.008 549.096 584.116 489.076 351.669 141.998 524.333 745.845 1000000000.0 616.566 608.375 337.872 517.221 787.98 338.535 908.357 824.267 611.384 132.574 484.354 491.075 519.484 360.851 926.642 304.964 848.441 310.318 850.522 882.525 122.521 369.607 758.973 484.23 137.963 163.64 790.839 488.785 122.119 387.107 529.311 159.298 763.723 500.787 35.85 80.477 583.97 348.229 312.773 881.377 613.102 287.806 514.815 757.674 127.83 275.127 207.593 394.107 647.172 622.702 502.035 390.205 666.986 487.285 360.605 652.986 47.463 114.679 488.851 831.821 312.509 414.9 256.849 679.132 495.402 514.925 107.064 404.392 288.972 33.515
878.182 729.009 324.11 18.574 659.362 760.767 207.88 45.773 385.748 79.558 121.728 487.269 579.605 347.894 255.073 132.36 930.187 997.715 577.094 2.385 555.627 254.604 885.499 179.19 221.799 960.608 985.063 391.671 161.166 616.566 1000000000.0 677.391 50.359 462.85 187.816 795.421 480.948 130.836 268.751 181.802 650.84 739.62 380.513 569.509 524.273 356.551 39.025 605.361 824.553 284.335 109.761 397.638 161.201 118.786 861.207 263.484 412.54 175.753 914.355 505.607 527.725 875.745 96.154 415.319 648.196 707.589 684.391 606.588 433.344 471.709 88.919 805.149 77.096 148.759 860.519 905.19 257.911 268.016 574.043 907.908 232.633 858.155 154.312 478.458 142.597 818.842 358.353 658.755 949.351 742.055 404.965 141.689 78.301 752.296 780.762 814.226 749.767 487.864 373.806 885.912
160.642 10.426 165.725 482.098 301.952 246.538 804.254 722.352 562.134 829.042 318.383 499.734 578.46 460.887 440.976 324.361 663.739 51.789 662.888 224.563 144.234 266.331 875.338 824.875 50.342 634.259 830.767 734.462 740.368 608.375 677.391 1000000000.0 306.315 298.745 633.127 511.063 309.158 180.205 473.73 112.346 198.748 81.83 57.437 464.429 613.736 148.03 573.012 210.371 199.684 232.704 165.428 938.139 703.164 561.664 966.064 322.377 89.139 934.278 296.629 709.099 367.482 350.665 28.81 261.184 839.912 611.451 184.346 486.456 886.644 461.319 669.188 915.263 33.662 647.486 704.123 273.913 663.129 889.521 847.91 469.294 273.046 884.628 435.826 478.673 92.629 936.376 742.063 498.082 102.277 109.459 256.759 1.653 97.573 161.131 254.357 596.615 647.944 34.255 952.255 733.515
931.712 930.919 548.003 341.705 71.06 7.714 76.214 691.039 856.231 535.402 517.124 777.143 583.814 328.268 186.148 7.591 816.951 686.009 959.089 718.522 34.114 420.692 945.254 148.772 237.895 598.086 676.767 684.299 435.681 337.872 50.359 306.315 1000000000.0 809.214 299.007 33.828 221.319 63.788 438.886 136.713 581.981 997.203 369.87 502.004 981.295 764.872 756.718 175.032 927.113 583.403 724.902 434.823 888.334 210.9 774.477 922.397 797.933 130.375 389.082 463.89 561.387 699.983 830.782 624.583 560.833 42.857 910.832 147.721 141.174 978.027 310.031 35.077 241.538 574.087 681.54 262.744 932.114 804.714 936.253 752.263 384.467 130.335 68.084 361.298 16.954 187.573 109.843 512.967 953.272 444.241 569.874 570.469 766.218 152.892 382.031 282.233 308.348 738.717 119.186 633.797
514.62 60.956 423.286 140.324 1.855 46.494 920.631 961.593 35.744 828.328 155.145 436.684 425.411 557.106 317.54 104.044 185.263 695.57 918.514 62.176 186.323 89.407 218.072 635.822 290.931 925.911 749.903 783.056 633.975 517.221 462.85 298.745 809.214 1000000000.0 708.662 253.648 830.546 742.511 992.922 245.269 383.233 997.104 416.852 62.554 952.926 590.327 336.173 441.393 344.303 875.159 219.909 766.321 918.913 599.533 892.87 266.261 610.405 137.089 561.576 101.643 55.069 243.849 274.507 495.48 706.132 190.52 96.855 885.485 183.483 221.333 45.263 588.862 289.387 290.363 562.151 894.214 466.558 209.081 948.264 842.254 165.05 959.258 294.488 931.532 334.762 720.909 560.039 663.8 710.2 991.275 49.386 236.341 652.124 866.088 174.16 697.457 639.232 684.594 597.194 895.894
581.844 412.357 316.944 621.596 869.933 725.09 685.782 460.676 184.993 449.656 961.298 307.734 269.947 765.534 538.982 329.629 967.488 810.086 128.842 73.817 684.793 207.743 903.783 692.038 572.253 393.088 156.104 560.718 416.239 787.98 187.816 633.127 299.007 708.662 1000000000.0 955.309 331.377 916.705 905.594 117.12 425.675 348.255 131.719 453.732 575.894 373.465 201.58 850.901 434.218 749.488 7.3 201.329 590.351 354.479 826.588 220.501 552.81 877.794 177.252 856.367 149.313 378.585 968.597 229.755 502.115 194.887 305.712 955.254 960.446 829.174 583.09 164.672 701.111 594.729 657.753 697.877 255.636 158.142 278.731 530.667 314.201 158.115 882.114 386.321 297.657 728.679 36.324 368.027 526.5 811.819 54.615 531.498 284.929 349.077 463.016 607.766 78.43 798.118 532.31 88.927
770.799 538.112 175.63 215.892 345.812 171.858 937.758 202.681 410.126 522.796 453.438 334.074 124.334 846.726 630.012 718.648 477.683 107.137 209.71 662.586 702.848 692.493 826.964 307.881 258.645 832.558 571.859 182.23 807.68 338.535 795.421 511.063 33.828 253.648 955.309 1000000000.0 225.717 441.452 739.672 300.468 629.628 131.943 715.914 899.709 687.594 338.303 354.415 491.961 849.904 527.349 914.303 274.549 619.456 117.533 701.839 621.93 61.104 361.668 382.511 705.665 326.707 882.402 585.606 977.538 841.447 307.022 199.368 387.998 506.876 853.593 49.721 238.197 502.388 753.073 137.471 201.028 901.284 872.214 544.911 84.776 434.727 351.76 928.394 793.936 649.0 675.696 347.615 612.527 933.304 516.926 658.92 237.497 853.073 458.998 217.407 73.28 592.588 466.996 648.229 302.8
839.159 363.712 200.752 552.949 296.325 642.828 155.003 795.806 90.651 581.47 501.999 821.853 752.993 885.605 301.241 265.345 559.543 834.932 677.58 36.854 727.374 61.544 906.917 343.498 863.872 818.609 852.494 854.913 868.528 908.357 480.948 309.158 221.319 830.546 331.377 225.717 1000000000.0 621.409 348.793 386.508 255.806 130.823 566.575 452.994 23.185 815.245 714.731 777.55 759.757 851.549 79.937 655.359 122.027 708.695 394.903 190.496 369.901 628.971 346.189 183.738 291.569 478.141 255.69 539.152 33.6 610.58 158.926 492.631 713.319 382.313 242.434 161.228 505.585 304.367 677.905 194.185 744.35 483.287 127.863 246.708 689.877 692.066 668.182 979.625 887.921 59.412 623.742 467.158 866.942 374.663 485.481 906.469 418.621 517.526 962.959 433.833 913.51 940.98 730.11 110.375
272.021 833.678 547.896 730.058 670.551 581.234 758.694 676.344 937.902 792.325 955.214 224.568 586.68 639.134 333.542 338.33 90.037 772.488 974.646 527.981 625.623 631.777 448.163 321.693 404.721 824.918 523.384 273.429 499.45 824.267 130.836 180.205 63.788 742.511 916.705 441.452 621.409 1000000000.0 999.072 941.191 644.994 529.223 96.843 172.009 10.534 134.333 962.477 687.039 114.708 417.056 525.757 467.95 865.202 747.265 733.356 396.188 451.748 53.088 186.519 635.788 569.079 904.444 504.146 986.632 110.912 864.448 492.956 176.238 441.768 310.399 911.299 650.752 664.868 217.884 393.102 729.145 640.166 958.355 762.97 221.904 988.733 24.231 504.918 715.44 545.044 189.935 688.694 310.822 281.72 887.235 752.232 908.745 323.619 108.32 181.288 133.681 622.579 246.174 737.156 574.157
170.066 880.479 883.762 98.941 494.156 994.474 718.643 102.942 951.487 688.28 719.856 726.211 265.656 643.905 646.388 184.297 811.58 500.248 69.064 335.458 605.934 879.398 953.088 416.166 668.796 223.065 433.011 426.912 166.619 611.384 268.751 473.73 438.886 992.922 905.594 739.672 348.793 999.072 1000000000.0 578.587 101.712 452.151 404.902 665.941 618.093 487.55 192.069 963.257 43.697 744.489 83.208 381.635 408.274 572.737 735.31 222.851 368.081 722.076 318.077 627.768 533.89 539.036 361.92 731.944 717.409 137.653 488.698 102.253 106.606 582.936 263.565 124.656 656.13 990.443 316.261 162.163 67.407 819.992 775.67 85.085 929.662 48.503 114.362 378.844 2.514 712.215 957.766 696.017 981.663 705.775 636.16 922.319 384.476 573.062 299.984 246.338 60.51 912.644 705.831 747.815
504.76 986.412 308.131 305.596 642.185 653.683 565.121 809.232 338.473 715.079 279.757 767.931 317.478 821.066 51.241 631.582 405.289 476.334 789.803 138.805 56.9 230.217 535.757 882.124 784.92 371.86 717.833 84.816 751.855 132.574 181.802 112.346 136.713 245.269 117.12 300.468 386.508 941.191 578.587 1000000000.0 935.186 686.075 224.921 700.711 508.408 897.424 859.147 986.739 306.261 922.41 616.998 123.286 463.486 866.049 815.661 851.689 846.873 768.133 586.747 927.269 520.989 430.066 864.137 443.175 505.046 380.036 480.85 59.878 717.132 141.57 354.717 652.122 299.661 571.299 988.441 207.526 688.001 958.327 4.694 614.84 380.98 873.735 590.829 940.331 242.205 23.655 202.853 674.609 634.614 152.151 398.622 371.885 999.849 725.243 203.379 334.335 153.117 501.75 772.443 650.207
38.489 679.689 989.288 933.205 411.253 693.676 179.867 485.815 647.859 215.215 690.754 941.867 500.701 455.123 761.479 317.361 467.282 347.455 738.193 470.565 860.29 293.46 273.515 442.138 447.196 839.01 870.934 299.402 445.439 484.354 650.84 198.748 581.981 383.233 425.675 629.628 255.806 644.994 101.712 935.186 1000000000.0 418.183 508.462 702.056 345.456 324.839 329.837 593.87 919.572 260.928 217.809 12.5 733.806 454.068 17.147 711.732 203.048 608.524 673.649 797.377 167.127 96.834 160.27 774.149 219.831 215.639 430.445 882.34 418.546 601.852 416.749 439.993 998.982 877.481 679.199 822.534 268.322 497.822 780.236 352.275 634.616 404.96 100.767 305.83 188.483 944.993 931.572 912.367 812.414 859.18 341.804 195.524 351.073 212.605 656.205 81.924 631.521 93.493 356.416 339.994
474.067 423.419 482.062 672.023 660.249 731.017 599.077 996.287 789.731 131.327 82.087 968.927 537.336 600.596 102.36 692.736 755.49 170.03 714.895 292.402 992.129 750.711 347.489 421.338 26.092 308.733 647.564 527.808 98.194 491.075 739.62 81.83 997.203 997.104 348.255 131.943 130.823 529.223 452.151 686.075 418.183 1000000000.0 682.404 878.119 823.087 728.371 752.176 704.506 841.87 922.286 199.886 248.701 641.318 545.548 49.371 65.84 298.066 132.366 481.167 778.464 66.901 217.651 994.789 605.58 970.325 928.983 971.644 425.928 171.929 481.122 448.212 929.829 896.168 113.702 84.657 174.974 941.717 953.419 616.824 29.211 267.151 21.773 706.767 401.462 723.033 826.883 844.348 753.117 20.807 653.214 803.027 740.257 698.16 518.832 472.103 474.327 710.46 253.744 504.002 723.173
674.193 849.141 679.353 80.346 265.027 613.395 6.594 173.263 519.475 605.166 449.709 559.941 757.95 702.181 832.228 343.645 291.737 299.272 194.763 12.276 474.193 435.505 521.999 450.495 29.928 383.02 280.857 790.328 423.979 519.484 380.513 57.437 369.87 416.852 131.719 715.914 566.575 96.843 404.902 224.921 508.462 682.404 1000000000.0 993.371 702.289 828.965 629.714 126.022 764.132 490.258 454.892 139.548 460.092 474.279 124.487 795.278 136.244 840.308 960.452 213.014 79.495 569.415 60.649 26.825 232.204 401.275 967.916 758.32 222.493 263.806 410.306 588.986 950.775 233.658 331.408 664.247 652.221 277.929 434.947 374.633 452.425 843.293 434.594 972.035 581.313 416.993 123.434 483.23 9.54 65.736 201.122 6.716 36.8 534.959 671.886 253.947 843.221 666.42 526.304 574.569
37.514 11.653 404.649 507.225 270.326 758.661 329.894 448.239 551.515 344.907 675.472 121.73 130.438 382.026 277.061 955.493 443.688 942.414 338.448 793.725 510.16 868.715 916.394 931.282 739.132 771.529 270.404 180.988 429.204 360.851 569.509 464.429 502.004 62.554 453.732 899.709 452.994 172.009 665.941 700.711 702.056 878.119 993.371 1000000000.0 601.739 677.793 146.227 733.564 574.662 372.296 919.027 554.189 62.077 29.205 642.403 312.484 238.085 862.074 773.634 566.088 163.596 222.741 105.626 793.934 263.125 477.126 514.652 616.393 567.82 41.185 198.363 873.892 183.071 648.957 374.263 948.433 339.823 455.894 522.372 220.097 735.135 478.379 257.847 713.273 637.663 195.794 693.875 376.393 786.871 801.44 501.16 59.181 214.829 730.528 20.564 124.053 88.02 758.519 986.005 281.458
45.756 954.682 841.547 224.335 517.279 4.403 792.523 521.29 594.474 92.602 351.238 743.383 823.381 823.664 175.653 260.336 218.529 210.86 654.187 336.755 81.41 63.375 449.147 702.616 683.634 383.873 124.084 579.222 920.504 926.642 524.273 613.736 981.295 952.926 575.894 687.594 23.185 10.534 618.093 508.408 345.456 823.087 702.289 601.739 1000000000.0 172.274 459.526 740.939 13.991 196.941 986.12 201.858 114.448 942.824 498.321 637.879 100.012 883.775 998.002 219.741 7.64 268.5 232.634 301.582 611.808 373.712 881.405 400.314 111.518 716.818 362.537 881.089 909.434 532.152 284.838 251.64 242.636 597.65 594.635 317.861 862.05 483.933 542.835 139.514 933.626 366.92 113.212 806.121 772.762 838.624 583.442 545.347 62.069 583.404 343.799 425.036 212.221 761.431 733.197 784.149
960.406 335.315 465.771 14.677 296.92 886.383 811.245 430.927 970.588 797.955 525.195 499.726 483.206 578.51 762.111 510.865 785.155 426.233 214.647 418.213 627.21 314.071 361.979 295.81 533.389 141.979 383.272 474.56 435.591 304.964 356.551 148.03 764.872 590.327 373.465 338.303 815.245 134.333 487.55 897.424 324.839 728.371 828.965 677.793 172.274 1000000000.0 638.091 791.98 217.881 954.954 82.258 342.514 590.826 637.427 268.053 182.706 80.463 744.219 137.506 488.138 720.084 318.034 202.583 894.039 359.597 722.346 390.97 367.041 184.818 908.53 78.981 100.281 984.554 795.811 947.386 798.034 475.612 770.91 117.879 19.099 303.069 153.681 175.609 537.164 633.574 60.996 838.996 103.601 744.211 154.646 876.809 326.446 477.923 352.37 400.21 977.591 402.399 81.328 786.474 80.916
777.242 326.793 281.346 31.192 217.351 610.925 461.621 436.423 460.903 303.366 610.967 746.474 389.663 252.046 745.412 199.931 285.759 664.443 679.791 993.698 203.384 464.857 900.286 598.887 664.231 772.758 432.86 499.933 879.031 848.441 39.025 573.012 756.718 336.173 201.58 354.415 714.731 962.477 192.069 859.147 329.837 752.176 629.714 146.227 459.526 638.091 1000000000.0 473.322 551.386 955.747 837.591 699.697 897.625 318.951 680.786 400.455 520.293 152.428 72.987 811.003 6.282 341.765 881.453 134.122 365.438 699.78 851.894 472.147 958.376 351.67 598.702 917.123 668.819 655.554 2.864 865.923 335.336 59.627 166.17 735.502 460.555 150.504 125.478 397.973 487.772 441.717 849.916 925.392 461.511 569.041 432.271 637.436 528.014 908.391 427.432 692.387 971.538 602.474 805.431 799.102
408.84 418.283 514.752 638.832 338.874 835.058 17.327 980.358 45.493 820.282 432.262 217.509 149.824 263.238 706.25 857.148 72.706 638.124 168.993 419.151 388.088 879.909 446.214 408.326 918.856 937.033 188.62 639.306 563.289 310.318 605.361 210.371 175.032 441.393 850.901 491.961 777.55 687.039 963.257 986.739 593.87 704.506 126.022 733.564 740.939 791.98 473.322 1000000000.0 733.855 51.52 990.746 307.141 927.063 991.492 136.081 983.845 624.047 204.654 348.424 373.208 729.692 385.885 760.736 144.903 91.969 513.701 485.688 261.648 933.589 399.004 651.945 556.917 391.008 188.425 67.755 119.359 117.789 378.992 249.558 469.434 562.165 385.07 487.049 760.525 283.039 441.829 534.815 963.131 459.384 255.108 450.815 523.939 612.986 252.435 979.602 187.577 987.995 538.129 744.509 704.938
902.038 349.853 885.769 245.35 884.323 189.259 353.584 341.025 286.04 79.244 768.978 850.817 570.778 352.63 681.351 633.336 441.684 860.577 369.082 824.729 775.008 17.689 31.567 141.162 848.724 820.037 399.746 325.347 821.985 850.522 824.553 199.684 927.113 344.303 434.218 849.904 759.757 114.708 43.697 306.261 919.572 841.87 764.132 574.662 13.991 217.881 551.386 733.855 1000000000.0 182.614 445.589 174.988 791.783 106.239 98.795 126.028 382.706 528.254 78.472 480.566 794.097 149.877 903.418 661.103 701.707 44.362 975.561 127.527 381.698 330.014 633.69 758.226 397.012 265.823 134.32 562.471 684.017 393.864 603.503 341.456 603.816 429.171 308.692 290.64 837.199 389.832 563.36 862.768 769.314 951.05 919.059 306.312 612.602 537.933 984.536 144.463 349.757 67.106 592.234 188.069
143.678 278.014 557.587 192.54 431.725 402.65 329.265 492.38 136.82 319.792 904.795 924.364 662.606 56.144 958.822 858.297 581.178 879.432 136.319 631.087 944.931 140.358 289.685 302.528 679.315 630.819 515.154 826.942 763.164 882.525 284.335 232.704 583.403 875.159 749.488 527.349 851.549 417.056 744.489 922.41 260.928 922.286 490.258 372.296 196.941 954.954 955.747 51.52 182.614 1000000000.0 658.125 751.642 473.613 936.703 337.526 318.034 810.609 273.372 54.064 129.972 849.54 609.531 596.15 190.122 58.836 930.611 788.529 726.432 611.149 63.293 592.335 125.572 20.845 661.143 938.298 84.855 674.95 814.367 457.615 595.787 513.348 84.039 402.946 421.982 658.796 146.675 408.112 246.204 724.062 747.294 15.756 139.571 450.796 195.819 144.795 99.92 23.011 433.44 264.2 867.805
