100
1000000000.0 238.878 331.832 678.892 867.625 734.094 796.412 715.748 682.327 917.149 695.443 135.717 240.872 811.045 251.608 788.738 557.806 29.048 534.607 556.979 820.596 522.015 230.103 209.967 61.419 896.376 513.325 258.643 364.064 588.705 582.449 437.016 196.79 121.244 387.014 530.238 950.681 699.465 750.036 366.531 245.806 103.352 967.283 843.234 131.602 665.357 342.123 579.235 201.318 922.111 614.272 814.742 82.395 927.066 914.328 139.436 817.098 244.888 341.401 902.435 532.65 700.306 753.815 921.455 147.629 903.859 386.797 596.524 787.764 859.035 325.868 352.352 989.422 147.456 656.833 489.099 697.321 458.809 119.977 500.439 787.647 908.093 725.13 580.939 973.046 692.204 801.396 441.034 879.452 375.701 409.265 241.184 13.91 848.16 413.775 134.798 634.899 394.329 420.443 603.46
238.878 1000000000.0 21.872 671.192 694.961 874.088 599.214 296.293 645.609 325.54 276.667 775.384 226.099 842.806 54.058 329.084 587.314 95.922 947.01 372.761 237.347 994.694 47.583 899.47 574.282 517.658 50.753 716.256 998.661 376.258 450.158 211.731 690.958 592.439 257.51 891.233 9.851 508.486 605.137 177.102 400.62 74.062 978.954 30.306 204.109 516.226 540.562 153.886 917.732 201.961 153.986 246.117 641.98 247.467 872.669 342.524 89.488 26.383 358.033 264.858 962.07 128.96 727.516 718.975 482.894 583.122 586.256 797.857 658.6 746.339 716.856 582.345 339.932 836.854 825.658 667.335 850.061 493.64 734.708 320.137 729.1 212.251 444.887 500.987 921.129 25.612 473.243 560.633 759.594 144.322 531.263 779.134 358.521 544.619 765.227 86.242 278.586 635.24 728.957 90.963
331.832 21.872 1000000000.0 192.038 239.962 999.93 423.096 275.204 586.607 126.996 555.274 340.26 127.569 497.713 354.89 298.24 502.424 787.171 845.753 161.629 797.638 178.676 226.281 53.282 912.394 167.837 725.342 938.579 666.08 732.179 24.025 339.156 482.489 605.712 219.905 837.411 839.321 385.984 13.219 865.24 271.554 730.538 601.891 873.956 759.237 447.191 190.067 485.818 596.687 991.765 190.922 712.78 891.257 940.319 102.969 423.984 901.013 977.752 849.939 989.626 551.924 371.899 862.086 516.114 471.51 117.894 83.978 465.715 165.899 894.357 676.682 977.338 808.261 229.443 945.157 944.326 193.791 134.724 619.402 434.753 166.262 6.791 732.792 803.777 67.56 211.667 351.122 828.256 268.31 869.099 584.484 338.708 232.475 785.483 835.992 266.672 891.536 515.065 985.31 201.424
678.892 671.192 192.038 1000000000.0 818.632 431.364 856.389 996.902 797.961 798.828 425.664 895.173 119.3 591.479 398.806 237.9 120.264 992.711 662.597 226.274 199.76 854.782 346.502 528.436 462.951 999.397 568.982 661.988 429.833 27.421 458.045 623.877 407.995 136.577 433.565 830.195 866.24 635.015 889.923 111.567 909.485 248.641 562.279 515.795 756.082 576.043 889.259 22.294 610.931 188.069 479.885 242.886 922.91 285.763 237.618 241.299 411.867 246.72 573.248 391.635 645.474 994.811 41.915 483.708 977.715 306.904 149.488 790.489 692.178 69.831 60.966 35.049 175.478 757.239 427.585 868.069 922.219 358.167 665.007 573.493 994.126 509.889 336.383 118.491 454.222 947.251 609.449 634.23 986.483 467.683 511.504 524.116 925.792 678.411 539.145 992.136 14.635 650.206 153.311 946.825
867.625 694.961 239.962 818.632 1000000000.0 719.796 809.979 904.105 677.089 623.942 602.989 864.754 908.41 505.506 531.693 174.682 564.736 921.88 26.628 675.241 39.67 776.1 815.853 540.075 609.969 835.422 789.018 593.587 650.09 185.038 380.092 37.048 404.058 55.907 514.06 952.932 978.183 808.974 258.874 879.045 403.992 727.82 541.193 776.089 416.999 888.616 523.251 616.865 547.084 669.623 492.845 256.423 563.775 963.332 111.74 897.077 127.268 268.972 2.675 417.201 898.756 128.036 156.956 163.616 858.49 370.507 12.248 145.494 176.28 657.585 231.514 393.846 227.263 100.496 892.923 992.738 180.08 823.638 991.749 198.208 479.411 110.537 512.198 676.09 942.045 598.348 661.173 116.524 340.127 734.118 193.783 107.464 962.325 167.676 26.97 940.552 553.205 976.334 20.515 971.352
734.094 874.088 999.93 431.364 719.796 1000000000.0 523.213 708.753 856.832 69.945 494.43 669.507 956.155 972.627 294.949 927.165 236.871 519.795 807.351 726.791 698.422 281.475 781.807 952.216 422.671 319.484 803.335 946.565 550.672 60.573 980.835 124.939 250.061 858.076 471.892 660.025 636.112 375.62 327.252 159.107 281.108 481.459 583.891 321.007 922.891 33.003 870.566 483.429 836.536 553.812 297.13 12.485 882.913 792.274 609.205 361.064 499.218 25.476 366.455 552.772 961.48 602.128 540.812 924.097 635.073 401.216 460.402 298.337 828.482 801.683 919.319 627.754 66.472 101.094 487.251 705.757 627.04 649.137 320.367 258.15 303.72 862.036 830.82 947.231 343.659 623.174 994.089 598.139 820.236 386.99 993.378 132.522 164.374 185.328 875.445 397.087 545.654 787.017 239.209 860.433
796.412 599.214 423.096 856.389 809.979 523.213 1000000000.0 60.788 244.111 764.702 116.45 717.875 551.21 604.345 520.157 890.459 49.72 141.82 113.235 527.769 189.254 48.943 201.413 60.477 958.129 795.152 433.277 691.928 530.164 92.19 277.753 898.427 361.376 451.681 28.357 889.597 384.674 354.703 788.298 269.848 274.855 729.705 44.508 305.861 858.014 21.131 402.218 110.818 142.229 118.448 337.627 64.669 106.93 425.391 795.279 55.904 714.05 666.578 903.429 295.971 138.096 784.155 244.067 160.669 616.329 715.385 66.616 477.639 99.185 292.821 653.203 697.115 803.467 307.011 666.468 514.869 3.887 394.008 887.194 261.059 73.221 533.96 637.252 25.785 790.886 761.826 988.247 522.918 905.373 307.737 320.027 136.384 393.87 685.044 921.422 93.925 267.292 237.521 998.638 260.066
715.748 296.293 275.204 996.902 904.105 708.753 60.788 1000000000.0 882.507 144.935 834.413 35.893 642.922 2.708 955.816 95.656 821.79 339.247 551.504 4.715 667.103 87.196 78.371 888.509 844.866 138.22 799.557 543.717 185.385 243.735 574.671 691.561 197.409 88.802 192.739 263.373 439.627 10.741 543.208 259.759 211.315 367.677 90.522 570.664 971.332 972.137 914.666 678.047 573.184 292.053 931.945 103.733 769.69 612.982 727.065 342.915 543.439 795.865 252.706 872.989 238.519 310.689 43.526 374.688 454.035 926.687 930.843 11.128 328.102 155.178 395.644 244.933 32.505 906.233 541.983 107.372 169.258 450.822 497.821 491.452 163.549 997.104 688.915 20.876 858.83 53.911 103.447 669.309 942.886 132.205 297.794 616.368 619.229 390.089 832.194 541.321 126.168 846.495 216.821 626.959
682.327 645.609 586.607 797.961 677.089 856.832 244.111 882.507 1000000000.0 325.103 545.41 112.094 986.103 192.979 532.099 974.004 486.057 302.746 588.764 788.74 283.158 426.759 535.187 431.171 274.006 518.377 171.05 854.253 262.109 519.677 836.156 261.612 826.616 626.792 275.219 936.303 896.033 877.091 621.627 115.128 391.038 319.794 857.372 778.532 687.743 131.883 544.722 184.63 324.386 965.582 91.782 549.301 833.151 339.842 59.096 821.4 558.312 239.426 253.28 774.245 973.997 757.848 342.62 378.266 802.513 884.577 455.276 164.079 766.233 197.073 704.161 161.625 514.502 191.546 348.419 818.22 295.006 174.743 225.223 752.614 438.972 177.871 594.651 63.795 702.242 34.036 277.683 395.613 264.657 348.004 836.833 847.261 465.679 851.617 900.84 674.161 81.661 924.482 500.8 599.76
917.149 325.54 126.996 798.828 623.942 69.945 764.702 144.935 325.103 1000000000.0 851.281 417.127 635.626 809.841 464.044 694.305 610.385 506.992 687.296 871.568 968.857 229.552 474.428 4.114 478.204 296.178 647.745 792.616 189.51 14.952 734.795 17.736 974.36 208.43 1.238 835.683 895.091 409.382 844.017 403.178 590.716 951.313 267.649 979.688 831.253 449.467 594.882 836.689 520.848 277.244 506.224 954.924 933.083 811.575 568.249 120.371 165.993 93.621 121.063 867.43 578.087 106.5 65.661 866.12 337.544 486.562 251.431 41.608 250.542 458.777 516.048 386.215 768.732 125.48 441.508 223.04 265.585 399.873 128.4 869.105 667.232 322.25 988.783 186.225 251.241 167.542 880.415 576.382 222.442 716.586 907.357 83.134 720.339 642.322 855.896 227.423 374.451 253.347 235.032 363.741
695.443 276.667 555.274 425.664 602.989 494.43 116.45 834.413 545.41 851.281 1000000000.0 40.31 743.821 923.413 129.041 823.117 906.118 778.042 834.843 330.794 785.333 219.367 220.452 760.259 110.273 912.447 851.974 538.982 815.745 953.44 365.714 732.49 864.0 295.693 866.38 797.159 898.767 249.313 413.165 344.396 212.395 928.676 510.365 568.342 931.358 687.717 963.754 455.828 531.331 284.073 132.143 769.361 92.344 673.928 491.339 501.373 602.812 512.16 929.02 50.283 493.928 750.561 471.582 221.023 578.787 417.458 385.87 167.0 429.124 215.272 304.636 975.297 78.71 205.163 400.775 438.828 654.592 752.479 362.066 29.069 48.429 509.873 13.53 980.18 893.654 777.202 769.829 106.74 670.49 78.157 775.154 30.341 335.734 762.689 489.129 840.917 697.4 733.482 88.452 960.804
135.717 775.384 340.26 895.173 864.754 669.507 717.875 35.893 112.094 417.127 40.31 1000000000.0 559.538 138.949 334.725 361.845 732.251 142.963 707.229 361.785 159.986 204.617 503.329 698.279 465.796 586.66 174.747 357.068 343.898 706.342 991.136 413.94 532.335 83.194 782.516 854.771 678.629 421.112 108.583 610.204 810.468 97.253 271.959 875.858 934.811 489.394 669.423 497.444 739.424 540.831 738.41 627.369 616.697 729.866 659.994 589.959 37.735 295.025 620.497 753.063 132.88 546.711 780.316 380.323 88.096 238.098 816.287 28.896 214.789 937.123 517.145 496.556 751.003 632.719 994.841 601.804 253.194 806.247 984.417 581.075 420.158 337.408 366.409 682.005 912.072 266.737 936.149 511.387 294.343 281.572 11.295 449.186 493.547 946.946 238.867 570.578 730.123 384.009 423.977 484.156
240.872 226.099 127.569 119.3 908.41 956.155 551.21 642.922 986.103 635.626 743.821 559.538 1000000000.0 396.252 212.103 486.227 748.865 897.73 746.601 683.655 492.545 669.862 822.74 960.469 822.339 154.295 758.586 588.839 436.557 209.183 303.554 595.536 735.247 972.3 30.757 881.381 797.266 16.514 485.038 738.835 914.527 176.48 255.654 218.094 740.715 979.308 935.407 120.924 518.433 258.62 612.925 380.198 699.993 310.231 196.323 446.92 309.531 879.509 694.298 725.074 240.004 436.57 684.705 608.912 427.838 892.797 623.756 652.577 445.487 840.559 114.883 893.871 523.442 472.838 360.274 669.995 795.93 537.847 49.078 38.237 496.36 269.08 285.981 858.233 634.189 88.55 201.547 758.104 111.892 378.894 753.868 679.894 890.359 73.748 963.67 906.044 3.887 415.137 349.413 499.913
811.045 842.806 497.713 591.479 505.506 972.627 604.345 2.708 192.979 809.841 923.413 138.949 396.252 1000000000.0 335.249 746.22 454.045 524.177 819.235 889.482 12.452 419.121 782.019 449.147 791.486 485.91 388.087 436.405 333.896 710.57 73.41 485.603 962.591 468.026 69.405 353.332 712.75 817.028 418.934 840.265 647.599 447.456 832.579 812.996 985.425 444.167 85.549 690.349 902.567 711.705 837.513 475.047 437.531 570.029 427.904 313.382 170.867 136.018 969.304 616.671 309.932 768.732 851.708 56.835 985.677 792.568 803.6 716.228 834.297 891.281 584.902 640.313 508.663 37.508 884.278 918.46 486.563 866.884 868.552 682.128 1.338 735.93 249.622 119.108 905.568 543.859 477.94 644.197 88.008 73.07 192.646 649.981 23.277 721.206 510.854 401.44 152.845 387.483 749.672 546.388
251.608 54.058 354.89 398.806 531.693 294.949 520.157 955.816 532.099 464.044 129.041 334.725 212.103 335.249 1000000000.0 762.14 798.191 672.578 520.629 152.012 706.484 597.508 904.818 391.252 735.4 233.741 559.957 798.247 694.588 667.231 358.079 317.357 964.509 139.353 825.754 82.811 417.773 73.415 301.754 321.727 999.496 665.163 924.337 408.624 240.0 676.914 607.684 624.833 746.738 270.065 416.748 328.857 404.522 478.696 978.509 739.18 333.837 716.147 534.955 93.293 269.561 390.529 83.676 405.895 828.055 210.276 655.292 752.818 2.292 540.887 398.835 165.463 372.994 502.398 322.116 218.37 119.754 58.889 187.152 473.765 528.362 918.509 974.449 386.187 562.069 500.734 814.707 385.772 687.87 813.732 852.109 318.434 755.042 706.154 336.7 680.236 764.832 423.689 172.001 676.501
788.738 329.084 298.24 237.9 174.682 927.165 890.459 95.656 974.004 694.305 823.117 361.845 486.227 746.22 762.14 1000000000.0 815.653 93.78 52.505 986.343 764.371 63.088 771.758 148.398 64.861 904.897 658.77 137.355 525.448 253.22 288.489 76.483 307.24 145.049 869.181 877.612 128.608 196.08 993.62 340.006 811.793 335.328 178.198 69.786 880.205 996.266 769.403 407.3 374.52 86.628 930.433 884.448 441.644 195.478 850.71 620.171 830.395 389.782 101.119 542.65 867.539 712.793 370.609 451.156 81.053 421.912 721.702 542.227 993.286 820.837 874.236 616.657 406.027 580.633 133.701 694.409 199.654 670.905 927.132 379.261 835.698 638.227 47.311 191.884 396.114 516.032 102.309 144.599 11.837 921.697 57.509 670.972 806.051 705.742 336.963 359.865 202.046 911.872 621.378 87.385
557.806 587.314 502.424 120.264 564.736 236.871 49.72 821.79 486.057 610.385 906.118 732.251 748.865 454.045 798.191 815.653 1000000000.0 410.476 700.7 864.105 552.222 188.845 10.891 344.249 403.289 889.494 971.809 316.815 760.639 155.968 624.793 375.327 855.035 728.151 955.934 426.828 270.932 693.86 717.007 985.563 339.275 730.227 891.075 143.292 393.682 860.704 471.274 702.11 56.071 269.788 221.886 693.755 211.181 544.457 627.847 290.376 982.823 715.875 826.871 698.727 549.494 248.165 255.289 18.286 269.935 784.016 749.368 817.533 878.819 906.829 891.545 306.175 975.75 421.172 873.287 649.348 804.054 255.602 541.334 451.186 557.344 443.481 791.359 197.593 595.567 800.645 448.169 50.983 398.513 456.091 557.037 784.98 188.015 876.093 763.712 641.016 845.245 930.707 950.168 744.284
29.048 95.922 787.171 992.711 921.88 519.795 141.82 339.247 302.746 506.992 778.042 142.963 897.73 524.177 672.578 93.78 410.476 1000000000.0 365.748 650.505 607.327 594.357 941.354 128.47 765.291 240.088 325.133 941.57 544.245 428.919 21.112 304.3 999.079 36.687 251.175 341.651 697.722 969.338 601.481 670.743 336.089 484.443 124.254 957.592 159.735 129.855 302.594 322.018 901.462 477.36 257.032 502.867 499.86 740.856 727.382 2.518 417.057 726.31 332.394 4.198 957.12 283.477 78.425 369.767 863.137 447.487 536.344 959.605 25.687 608.646 141.32 652.472 199.007 368.604 743.891 135.46 894.189 861.249 871.811 128.038 128.997 667.323 59.409 607.016 562.276 347.781 320.571 99.296 547.296 292.395 786.933 644.263 932.848 19.228 643.804 69.112 103.162 292.828 94.659 495.959
534.607 947.01 845.753 662.597 26.628 807.351 113.235 551.504 588.764 687.296 834.843 707.229 746.601 819.235 520.629 52.505 700.7 365.748 1000000000.0 870.084 43.812 590.852 95.266 371.0 604.161 964.564 431.898 587.456 658.349 917.386 986.334 766.998 29.01 666.209 836.369 727.926 702.267 807.769 154.877 857.172 54.207 31.341 374.529 853.771 571.378 279.57 198.842 795.734 491.334 351.792 6.713 44.784 300.459 310.97 496.88 155.555 516.271 815.843 868.296 964.823 53.65 848.335 190.928 125.287 616.154 510.698 276.647 547.208 157.894 923.325 196.383 990.416 678.495 25.155 337.545 221.035 442.461 854.566 361.439 750.583 549.029 333.909 989.91 402.66 611.868 718.918 171.766 59.581 446.887 421.573 468.633 750.42 687.598 512.61 989.755 485.666 729.557 638.718 532.549 7.913
556.979 372.761 161.629 226.274 675.241 726.791 527.769 4.715 788.74 871.568 330.794 361.785 683.655 889.482 152.012 986.343 864.105 650.505 870.084 1000000000.0 400.811 518.072 701.466 446.03 609.398 967.823 789.149 776.079 25.819 802.871 703.392 188.927 247.285 961.914 324.995 548.366 713.044 692.69 832.126 760.513 609.145 896.205 601.45 998.843 916.774 992.647 652.949 426.939 481.563 808.211 758.008 983.79 17.679 814.482 855.416 443.827 719.779 672.13 677.343 422.666 492.971 746.716 244.456 290.65 913.486 322.864 409.96 344.913 305.804 786.408 375.444 492.569 532.352 329.186 743.623 774.257 848.321 713.792 139.36 954.801 82.283 413.712 910.183 94.011 128.949 632.84 875.49 811.053 757.206 9.444 467.751 981.546 518.665 197.478 528.175 201.311 204.733 375.361 610.905 15.358
820.596 237.347 797.638 199.76 39.67 698.422 189.254 667.103 283.158 968.857 785.333 159.986 492.545 12.452 706.484 764.371 552.222 607.327 43.812 400.811 1000000000.0 734.023 906.472 833.085 766.546 605.26 386.721 632.846 867.261 573.37 824.88 452.801 826.051 663.008 841.789 484.444 187.338 713.585 818.714 596.482 897.169 579.79 924.165 546.888 205.576 440.038 834.582 929.904 685.023 783.226 579.71 369.368 76.513 391.667 117.161 814.767 302.356 471.097 390.871 912.375 414.186 54.137 687.969 944.142 22.861 537.962 948.497 91.821 565.634 370.721 795.42 385.392 318.35 676.098 940.923 240.677 359.974 89.62 926.709 345.101 146.334 955.837 908.183 494.225 781.586 347.105 962.475 227.865 981.436 104.583 331.339 616.058 931.21 502.215 924.857 912.137 540.183 145.672 912.393 618.52
522.015 994.694 178.676 854.782 776.1 281.475 48.943 87.196 426.759 229.552 219.367 204.617 669.862 419.121 597.508 63.088 188.845 594.357 590.852 518.072 734.023 1000000000.0 463.404 944.782 776.421 952.791 947.685 753.024 497.204 863.717 734.251 685.836 233.99 610.876 175.579 366.372 863.123 135.54 182.836 892.659 991.507 926.299 400.937 758.052 784.862 227.115 895.897 63.899 439.549 212.7 546.534 497.129 554.666 795.785 501.427 701.116 590.27 374.809 430.014 285.302 274.568 622.727 327.765 717.99 586.507 532.905 785.996 475.374 481.095 280.55 970.284 716.124 618.207 527.205 976.781 191.281 684.884 929.926 212.508 860.975 159.042 326.637 205.522 140.325 234.735 257.487 269.503 760.204 976.778 743.111 406.114 513.215 499.371 260.13 265.287 477.56 379.502 602.375 563.968 218.012
230.103 47.583 226.281 346.502 815.853 781.807 201.413 78.371 535.187 474.428 220.452 503.329 822.74 782.019 904.818 771.758 10.891 941.354 95.266 701.466 906.472 463.404 1000000000.0 120.757 271.079 21.06 59.052 892.941 523.302 832.319 938.906 530.294 826.303 723.593 749.95 89.903 960.931 869.991 558.546 530.14 99.466 163.062 768.1 252.024 123.437 88.3 441.867 133.909 799.633 50.481 411.274 804.714 854.852 821.689 805.917 318.378 896.332 751.208 549.717 867.471 980.765 103.615 630.391 160.38 408.565 153.454 286.717 253.899 434.978 566.2 736.028 173.429 679.543 42.57 44.248 205.108 388.546 499.64 233.257 363.163 782.925 555.925 420.04 890.999 658.266 190.941 716.147 895.862 795.962 619.411 425.746 620.11 508.908 371.055 269.575 377.481 650.24 193.915 395.329 944.271
209.967 899.47 53.282 528.436 540.075 952.216 60.477 888.509 431.171 4.114 760.259 698.279 960.469 449.147 391.252 148.398 344.249 128.47 371.0 446.03 833.085 944.782 120.757 1000000000.0 812.423 686.078 423.179 380.688 466.98 718.202 863.472 869.245 507.466 867.011 353.873 887.916 725.637 245.708 570.708 312.533 848.87 541.821 854.771 970.797 280.175 518.193 336.312 74.493 632.921 521.792 515.345 405.013 117.681 340.417 351.63 650.809 297.16 181.32 865.339 528.072 152.016 579.504 533.81 609.032 206.898 320.317 770.096 794.603 673.991 235.543 958.606 429.121 386.051 302.578 5.872 782.476 322.112 242.235 259.391 741.685 512.354 886.879 464.505 542.736 349.287 75.404 611.613 971.885 632.997 75.542 285.253 967.077 911.714 816.017 911.956 569.586 567.033 575.604 839.793 309.356
61.419 574.282 912.394 462.951 609.969 422.671 958.129 844.866 274.006 478.204 110.273 465.796 822.339 791.486 735.4 64.861 403.289 765.291 604.161 609.398 766.546 776.421 271.079 812.423 1000000000.0 19.96 621.061 539.717 627.746 184.282 82.889 700.008 55.47 726.474 542.732 831.12 687.285 847.443 907.124 697.449 365.844 233.963 366.643 816.701 487.256 160.943 881.703 514.012 42.674 145.964 953.643 915.495 918.783 490.751 463.857 221.744 360.273 418.785 35.58 474.691 709.314 954.79 319.81 360.703 884.049 607.674 905.33 253.409 577.338 714.402 119.173 288.544 91.569 403.194 952.475 556.954 258.763 63.044 992.787 96.557 163.141 495.664 312.925 245.363 626.472 701.099 484.721 13.735 544.28 562.481 631.565 248.073 829.261 549.637 498.611 898.935 425.939 74.681 102.957 108.386
896.376 517.658 167.837 999.397 835.422 319.484 795.152 138.22 518.377 296.178 912.447 586.66 154.295 485.91 233.741 904.897 889.494 240.088 964.564 967.823 605.26 952.791 21.06 686.078 19.96 1000000000.0 481.283 855.548 548.724 338.885 321.008 779.681 140.177 522.205 893.11 793.552 103.55 219.07 651.22 430.701 182.13 643.361 993.784 321.317 204.465 764.809 791.115 678.478 752.413 549.563 748.365 545.729 22.038 431.6 195.423 603.985 293.933 694.217 566.567 242.902 78.335 586.758 425.816 519.182 217.127 49.105 463.574 503.7 860.145 294.008 916.115 499.728 305.162 396.693 973.039 483.412 948.931 24.321 828.238 398.127 608.851 480.25 435.191 943.756 288.2 654.476 440.402 246.235 604.846 356.646 690.352 839.628 516.118 198.504 151.701 228.351 402.718 550.534 533.394 697.758
513.325 50.753 725.342 568.982 789.018 803.335 433.277 799.557 171.05 647.745 851.974 174.747 758.586 388.087 559.957 658.77 971.809 325.133 431.898 789.149 386.721 947.685 59.052 423.179 621.061 481.283 1000000000.0 33.967 798.223 679.953 6.199 242.035 698.064 956.592 735.037 482.523 442.81 924.127 285.595 252.393 689.088 478.092 224.684 511.486 228.033 512.563 342.391 385.009 788.4 551.856 364.86 335.667 277.896 850.203 659.674 219.128 94.178 229.182 498.064 605.469 666.204 655.604 364.742 219.827 490.885 268.548 502.586 944.259 737.21 221.38 710.468 381.368 695.161 96.292 946.535 733.455 414.009 113.602 789.014 743.784 979.923 40.046 966.186 512.776 562.468 955.818 582.787 662.066 43.374 954.911 172.267 925.224 594.257 246.142 473.144 151.829 603.372 531.304 860.692 955.604
258.643 716.256 938.579 661.988 593.587 946.565 691.928 543.717 854.253 792.616 538.982 357.068 588.839 436.405 798.247 137.355 316.815 941.57 587.456 776.079 632.846 753.024 892.941 380.688 539.717 855.548 33.967 1000000000.0 142.05 412.735 940.825 169.155 740.542 335.194 892.339 762.597 200.536 157.549 914.297 881.253 244.835 536.843 41.551 5.819 396.377 865.437 783.841 891.603 175.101 114.171 838.052 971.822 620.15 256.644 606.166 188.842 57.07 92.285 674.321 810.531 579.994 359.679 47.332 988.427 886.645 300.29 428.89 187.179 53.577 587.899 742.375 158.737 301.285 371.035 429.577 931.221 303.387 522.596 501.663 106.743 500.441 470.502 475.321 428.808 255.815 713.27 764.173 844.335 51.861 186.452 899.082 873.922 188.37 787.873 12.939 642.553 978.059 177.506 197.738 179.419
364.064 998.661 666.08 429.833 650.09 550.672 530.164 185.385 262.109 189.51 815.745 343.898 436.557 333.896 694.588 525.448 760.639 544.245 658.349 25.819 867.261 497.204 523.302 466.98 627.746 548.724 798.223 142.05 1000000000.0 618.041 15.48 289.887 423.882 642.145 497.657 533.714 947.24 946.37 830.627 434.754 523.699 88.761 870.169 962.359 93.07 277.347 151.381 27.296 878.965 338.142 916.884 85.684 501.413 312.168 826.936 75.292 117.311 122.934 347.378 76.202 641.851 62.491 628.762 829.641 136.411 863.571 619.265 618.294 415.986 416.245 474.563 945.106 324.563 521.042 973.246 864.06 367.63 970.193 132.151 600.564 506.116 958.385 687.377 261.071 333.032 968.138 949.109 715.128 46.37 333.794 24.853 465.285 727.378 22.702 128.611 487.758 680.061 836.96 578.844 392.288
588.705 376.258 732.179 27.421 185.038 60.573 92.19 243.735 519.677 14.952 953.44 706.342 209.183 710.57 667.231 253.22 155.968 428.919 917.386 802.871 573.37 863.717 832.319 718.202 184.282 338.885 679.953 412.735 618.041 1000000000.0 730.651 733.882 138.054 954.236 437.235 611.148 967.574 241.314 932.306 973.462 782.13 518.651 138.439 510.548 758.723 157.949 420.501 663.669 71.892 969.627 372.805 768.915 749.671 266.966 39.393 540.279 530.442 394.28 406.57 197.521 242.451 681.005 156.907 802.729 277.627 997.612 599.349 920.035 390.176 344.265 352.609 291.495 824.563 165.762 289.332 621.354 630.051 905.147 747.97 61.299 861.489 11.286 606.528 921.991 937.233 426.905 828.251 879.346 282.785 881.529 103.126 655.239 301.173 748.009 985.641 753.477 397.945 688.343 677.411 86.992
582.449 450.158 24.025 458.045 380.092 980.835 277.753 574.671 836.156 734.795 365.714 991.136 303.554 73.41 358.079 288.489 624.793 21.112 986.334 703.392 824.88 734.251 938.906 863.472 82.889 321.008 6.199 940.825 15.48 730.651 1000000000.0 50.762 102.179 486.871 619.323 404.387 676.624 431.48 674.905 750.421 868.933 106.929 557.811 342.951 182.87 13.376 651.385 142.716 554.784 127.35 267.285 587.039 712.833 125.8 292.859 988.609 831.907 644.076 685.114 597.122 575.512 411.668 133.696 121.737 534.215 223.061 984.991 768.586 745.373 91.16 575.6 563.111 384.099 924.571 924.327 64.78 63.738 114.554 163.45 249.447 641.722 574.985 275.654 106.055 950.994 415.964 677.428 674.025 963.833 80.507 380.285 426.739 651.091 202.919 316.84 290.672 712.774 59.517 124.825 639.206
437.016 211.731 339.156 623.877 37.048 124.939 898.427 691.561 261.612 17.736 732.49 413.94 595.536 485.603 317.357 76.483 375.327 304.3 766.998 188.927 452.801 685.836 530.294 869.245 700.008 779.681 242.035 169.155 289.887 733.882 50.762 1000000000.0 434.84 485.648 55.538 231.151 350.548 277.245 131.284 164.022 1.757 143.159 35.251 305.879 733.122 957.57 146.346 560.016 844.642 966.416 969.623 299.419 864.557 633.11 140.874 782.492 157.015 690.098 905.121 729.155 451.377 626.584 257.987 316.072 280.346 40.758 372.07 145.194 886.656 556.864 724.573 369.157 372.191 216.916 242.485 216.236 844.371 456.541 443.633 442.417 128.426 566.248 849.831 683.443 745.428 940.376 475.558 809.043 648.288 189.205 578.122 125.865 137.747 538.921 442.998 923.591 941.682 820.681 887.668 229.73
196.79 690.958 482.489 407.995 404.058 250.061 361.376 197.409 826.616 974.36 864.0 532.335 735.247 962.591 964.509 307.24 855.035 999.079 29.01 247.285 826.051 233.99 826.303 507.466 55.47 140.177 698.064 740.542 423.882 138.054 102.179 434.84 1000000000.0 398.858 991.418 770.35 198.089 640.408 13.146 592.794 26.829 265.518 615.932 342.725 241.303 890.047 605.655 661.64 634.149 779.897 872.807 718.49 391.533 205.231 247.647 627.35 770.012 482.158 118.431 406.964 486.702 533.527 405.927 664.836 441.231 244.351 171.048 15.851 597.443 996.892 90.321 7.811 906.508 152.07 620.938 707.088 721.008 225.705 524.662 831.425 284.24 433.523 849.446 184.233 121.652 942.429 460.69 519.897 22.524 412.627 478.475 92.638 262.209 207.96 315.252 888.693 97.399 729.1 374.659 673.345
121.244 592.439 605.712 136.577 55.907 858.076 451.681 88.802 626.792 208.43 295.693 83.194 972.3 468.026 139.353 145.049 728.151 36.687 666.209 961.914 663.008 610.876 723.593 867.011 726.474 522.205 956.592 335.194 642.145 954.236 486.871 485.648 398.858 1000000000.0 752.435 955.39 764.038 504.547 632.057 944.474 924.977 950.726 83.958 852.653 769.864 102.028 38.688 415.893 697.015 533.226 470.087 96.109 108.214 99.886 795.314 869.184 930.604 991.014 373.706 979.316 292.095 734.394 513.902 451.411 114.641 818.281 71.472 356.484 514.147 750.879 660.336 998.544 197.773 657.006 181.929 687.188 760.044 41.029 677.635 166.929 819.975 714.282 451.823 66.183 77.3 455.892 170.977 638.834 847.374 31.178 294.306 274.563 933.236 932.053 830.231 527.088 578.057 526.439 246.22 744.236
387.014 257.51 219.905 433.565 514.06 471.892 28.357 192.739 275.219 1.238 866.38 782.516 30.757 69.405 825.754 869.181 955.934 251.175 836.369 324.995 841.789 175.579 749.95 353.873 542.732 893.11 735.037 892.339 497.657 437.235 619.323 55.538 991.418 752.435 1000000000.0 750.144 950.265 352.875 933.092 174.586 730.215 57.994 252.81 513.474 210.01 978.646 714.429 681.28 676.876 79.599 392.092 342.327 352.744 616.154 734.188 637.903 873.349 896.596 694.807 485.986 745.792 363.389 776.256 310.58 248.022 727.179 197.867 193.784 718.731 283.125 482.374 661.01 978.97 704.843 698.78 761.486 750.37 269.255 6.276 561.882 227.315 498.497 958.783 272.245 381.042 605.859 163.932 933.714 554.702 544.51 861.377 149.664 466.843 250.384 85.141 73.132 935.006 997.451 576.985 424.591
530.238 891.233 837.411 830.195 952.932 660.025 889.597 263.373 936.303 835.683 797.159 854.771 881.381 353.332 82.811 877.612 426.828 341.651 727.926 548.366 484.444 366.372 89.903 887.916 831.12 793.552 482.523 762.597 533.714 611.148 404.387 231.151 770.35 955.39 750.144 1000000000.0 780.5 234.781 106.002 35.269 880.372 953.399 952.426 9.282 477.475 732.233 771.725 414.451 734.578 320.287 232.908 606.408 822.826 606.654 488.937 271.485 482.32 567.057 377.892 571.72 895.951 509.779 414.429 319.995 197.28 134.259 220.787 266.851 446.679 631.307 964.299 187.062 401.991 807.134 220.723 691.377 288.234 905.67 963.825 577.574 483.376 127.507 861.303 592.771 957.028 833.312 47.039 865.118 678.775 336.011 929.007 646.369 380.627 585.632 826.497 583.062 749.368 641.983 300.555 374.973
950.681 9.851 839.321 866.24 978.183 636.112 384.674 439.627 896.033 895.091 898.767 678.629 797.266 712.75 417.773 128.608 270.932 697.722 702.267 713.044 187.338 863.123 960.931 725.637 687.285 103.55 442.81 200.536 947.24 967.574 676.624 350.548 198.089 764.038 950.265 780.5 1000000000.0 425.538 126.282 597.281 650.116 483.246 53.997 238.684 432.41 942.754 460.709 544.759 253.156 391.105 9.664 840.583 314.151 991.917 803.197 1.703 100.46 823.202 745.11 550.498 100.841 369.104 213.425 559.456 74.206 496.848 729.031 777.185 506.921 637.262 641.368 485.042 801.784 830.991 172.691 742.223 514.585 831.369 993.399 840.241 73.611 435.747 84.118 708.305 808.17 718.627 712.627 499.194 682.309 995.852 730.278 876.866 377.758 453.623 184.111 695.891 294.73 885.052 793.954 564.946
699.465 508.486 385.984 635.015 808.974 375.62 354.703 10.741 877.091 409.382 249.313 421.112 16.514 817.028 73.415 196.08 693.86 969.338 807.769 692.69 713.585 135.54 869.991 245.708 847.443 219.07 924.127 157.549 946.37 241.314 431.48 277.245 640.408 504.547 352.875 234.781 425.538 1000000000.0 544.611 798.164 787.035 107.62 725.305 844.486 808.894 152.896 737.051 786.981 852.35 450.962 646.853 294.247 763.883 265.533 677.113 865.595 55.98 49.86 780.465 552.812 421.54 848.68 214.404 136.23 570.635 623.704 600.029 951.999 704.939 733.679 622.931 130.504 145.81 222.787 913.436 842.681 333.684 371.745 583.66 253.467 665.356 667.837 706.383 156.096 346.858 247.76 852.054 458.676 377.937 283.401 235.217 151.259 121.678 912.517 889.157 128.923 571.448 410.588 410.854 426.985
750.036 605.137 13.219 889.923 258.874 327.252 788.298 543.208 621.627 844.017 413.165 108.583 485.038 418.934 301.754 993.62 717.007 601.481 154.877 832.126 818.714 182.836 558.546 570.708 907.124 651.22 285.595 914.297 830.627 932.306 674.905 131.284 13.146 632.057 933.092 106.002 126.282 544.611 1000000000.0 877.429 406.565 905.186 353.4 380.271 284.69 295.761 86.435 340.675 811.752 351.941 68.332 284.394 700.019 926.448 66.592 342.97 895.221 968.302 83.155 46.343 11.094 202.535 689.605 275.279 808.648 827.651 407.391 246.901 707.514 496.838 695.641 168.035 933.461 332.898 359.129 581.525 556.914 904.827 144.334 810.452 852.126 620.594 520.738 772.507 957.688 620.513 853.798 309.789 130.985 438.163 453.791 350.93 333.58 119.578 135.367 805.138 385.031 734.757 790.95 914.431
366.531 177.102 865.24 111.567 879.045 159.107 269.848 259.759 115.128 403.178 344.396 610.204 738.835 840.265 321.727 340.006 985.563 670.743 857.172 760.513 596.482 892.659 530.14 312.533 697.449 430.701 252.393 881.253 434.754 973.462 750.421 164.022 592.794 944.474 174.586 35.269 597.281 798.164 877.429 1000000000.0 379.879 813.991 280.708 109.524 306.899 207.649 916.115 984.817 959.093 458.352 702.64 838.771 656.538 94.944 715.447 266.949 12.665 699.136 498.666 233.883 984.728 368.344 504.888 108.881 669.594 882.114 436.087 118.851 960.451 51.094 966.103 610.516 393.972 825.539 587.332 762.244 889.612 76.067 549.552 389.682 872.441 119.057 296.085 447.34 469.009 109.911 617.938 878.398 5.233 441.74 795.592 111.484 661.667 317.225 551.06 458.791 313.298 560.648 442.087 438.429
245.806 400.62 271.554 909.485 403.992 281.108 274.855 211.315 391.038 590.716 212.395 810.468 914.527 647.599 999.496 811.793 339.275 336.089 54.207 609.145 897.169 991.507 99.466 848.87 365.844 182.13 689.088 244.835 523.699 782.13 868.933 1.757 26.829 924.977 730.215 880.372 650.116 787.035 406.565 379.879 1000000000.0 352.507 560.633 821.135 803.455 645.694 455.527 508.539 726.206 714.99 453.153 988.133 510.765 577.919 383.266 945.292 560.972 231.187 989.006 362.808 649.648 309.628 950.243 700.369 420.496 919.042 697.254 364.426 956.523 115.465 640.659 519.011 802.207 85.832 725.252 57.835 313.116 163.879 807.247 935.855 267.427 630.962 957.74 567.067 974.659 282.62 33.436 729.67 96.764 480.634 46.458 350.138 277.276 288.129 478.053 21.547 507.486 895.457 137.915 163.519
103.352 74.062 730.538 248.641 727.82 481.459 729.705 367.677 319.794 951.313 928.676 97.253 176.48 447.456 665.163 335.328 730.227 484.443 31.341 896.205 579.79 926.299 163.062 541.821 233.963 643.361 478.092 536.843 88.761 518.651 106.929 143.159 265.518 950.726 57.994 953.399 483.246 107.62 905.186 813.991 352.507 1000000000.0 514.996 577.787 256.35 388.813 949.089 411.558 217.758 82.857 93.401 238.614 560.252 744.103 480.188 365.826 413.597 406.954 432.994 107.561 388.835 854.387 803.772 909.056 181.817 96.711 329.439 271.884 240.393 957.779 54.716 582.84 147.508 19.192 129.467 616.18 901.4 545.643 517.536 996.775 672.687 641.202 675.84 971.52 96.258 471.524 540.248 126.587 129.245 897.993 88.728 995.657 126.577 323.09 66.181 303.079 472.765 452.581 10.296 157.504
967.283 978.954 601.891 562.279 541.193 583.891 44.508 90.522 857.372 267.649 510.365 271.959 255.654 832.579 924.337 178.198 891.075 124.254 374.529 601.45 924.165 400.937 768.1 854.771 366.643 993.784 224.684 41.551 870.169 138.439 557.811 35.251 615.932 83.958 252.81 952.426 53.997 725.305 353.4 280.708 560.633 514.996 1000000000.0 552.146 63.732 66.635 841.755 474.983 114.59 937.024 65.405 51.088 237.725 612.138 188.807 292.166 177.796 395.239 792.331 988.172 48.576 819.513 846.219 348.843 623.067 719.669 287.166 925.243 804.448 628.037 992.04 927.763 641.098 110.93 541.783 789.104 752.524 212.126 837.876 567.135 245.257 836.464 889.859 358.291 635.232 567.823 969.437 823.504 760.033 534.874 968.81 290.232 996.063 991.58 363.894 115.976 76.109 115.927 513.826 995.187
843.234 30.306 873.956 515.795 776.089 321.007 305.861 570.664 778.532 979.688 568.342 875.858 218.094 812.996 408.624 69.786 143.292 957.592 853.771 998.843 546.888 758.052 252.024 970.797 816.701 321.317 511.486 5.819 962.359 510.548 342.951 305.879 342.725 852.653 513.474 9.282 238.684 844.486 380.271 109.524 821.135 577.787 552.146 1000000000.0 438.576 617.788 368.447 812.394 463.931 122.303 327.968 367.105 767.537 458.566 442.027 79.484 311.675 394.11 937.672 327.078 344.58 744.708 218.252 686.134 786.28 743.796 926.856 745.601 617.204 442.785 257.331 84.419 258.813 457.013 973.005 318.912 168.864 273.357 540.211 500.813 206.545 187.425 361.552 406.483 75.009 136.433 121.989 200.188 554.129 433.493 21.737 261.436 495.326 342.433 926.367 948.851 162.259 483.979 669.895 266.158
131.602 204.109 759.237 756.082 416.999 922.891 858.014 971.332 687.743 831.253 931.358 934.811 740.715 985.425 240.0 880.205 393.682 159.735 571.378 916.774 205.576 784.862 123.437 280.175 487.256 204.465 228.033 396.377 93.07 758.723 182.87 733.122 241.303 769.864 210.01 477.475 432.41 808.894 284.69 306.899 803.455 256.35 63.732 438.576 1000000000.0 526.025 412.82 353.856 548.895 451.038 564.435 532.244 915.003 509.32 384.732 200.685 823.09 170.152 101.942 735.173 836.675 655.689 442.21 171.546 76.236 260.567 240.366 520.837 671.7 46.405 26.859 988.577 409.278 460.925 881.156 391.501 283.971 135.286 787.408 811.521 921.407 126.005 168.845 50.449 737.549 490.083 847.255 744.33 280.364 858.231 183.044 981.622 287.061 108.543 545.377 845.518 795.268 228.743 237.844 145.394
665.357 516.226 447.191 576.043 888.616 33.003 21.131 972.137 131.883 449.467 687.717 489.394 979.308 444.167 676.914 996.266 860.704 129.855 279.57 992.647 440.038 227.115 88.3 518.193 160.943 764.809 512.563 865.437 277.347 157.949 13.376 957.57 890.047 102.028 978.646 732.233 942.754 152.896 295.761 207.649 645.694 388.813 66.635 617.788 526.025 1000000000.0 795.434 203.019 963.305 30.456 803.259 549.992 333.284 535.532 915.581 137.381 106.169 308.435 573.886 147.82 592.532 17.454 345.959 726.774 153.589 409.782 141.651 878.808 798.386 88.32 828.377 350.837 222.39 969.36 967.819 786.261 191.213 750.979 598.672 91.662 519.581 801.635 742.026 601.242 587.663 365.875 261.407 826.665 876.094 453.931 712.777 160.723 822.917 243.961 717.746 800.053 707.021 478.398 307.465 584.185
342.123 540.562 190.067 889.259 523.251 870.566 402.218 914.666 544.722 594.882 963.754 669.423 935.407 85.549 607.684 769.403 471.274 302.594 198.842 652.949 834.582 895.897 441.867 336.312 881.703 791.115 342.391 783.841 151.381 420.501 651.385 146.346 605.655 38.688 714.429 771.725 460.709 737.051 86.435 916.115 455.527 949.089 841.755 368.447 412.82 795.434 1000000000.0 11.339 619.264 868.205 342.886 893.049 752.816 572.293 98.846 121.308 882.336 194.586 387.933 157.041 675.855 761.918 222.464 414.162 703.507 340.034 959.435 656.073 831.843 460.47 938.404 616.09 838.827 574.787 507.306 587.265 366.108 259.566 649.342 319.553 949.924 460.845 791.024 772.355 424.317 513.254 942.668 350.454 95.893 105.935 822.228 749.885 757.161 129.148 304.095 157.077 244.654 470.448 105.918 881.243
579.235 153.886 485.818 22.294 616.865 483.429 110.818 678.047 184.63 836.689 455.828 497.444 120.924 690.349 624.833 407.3 702.11 322.018 795.734 426.939 929.904 63.899 133.909 74.493 514.012 678.478 385.009 891.603 27.296 663.669 142.716 560.016 661.64 415.893 681.28 414.451 544.759 786.981 340.675 984.817 508.539 411.558 474.983 812.394 353.856 203.019 11.339 1000000000.0 667.789 457.519 624.84 2.62 697.318 257.926 459.82 468.975 583.797 166.362 688.868 397.535 783.663 760.871 131.023 653.185 527.392 482.948 398.986 232.789 513.03 369.644 46.314 2.285 189.809 404.333 496.683 976.477 684.324 393.521 301.265 625.263 675.637 505.395 982.338 539.101 306.07 326.08 133.216 122.01 581.052 683.27 537.731 509.47 543.594 280.913 582.337 608.811 602.888 744.949 595.369 833.101
201.318 917.732 596.687 610.931 547.084 836.536 142.229 573.184 324.386 520.848 531.331 739.424 518.433 902.567 746.738 374.52 56.071 901.462 491.334 481.563 685.023 439.549 799.633 632.921 42.674 752.413 788.4 175.101 878.965 71.892 554.784 844.642 634.149 697.015 676.876 734.578 253.156 852.35 811.752 959.093 726.206 217.758 114.59 463.931 548.895 963.305 619.264 667.789 1000000000.0 49.98 335.813 84.442 42.387 967.056 942.426 963.2 115.551 597.734 70.934 54.81 432.708 289.196 793.173 324.794 837.04 954.95 992.786 26.268 485.024 450.564 417.306 951.193 802.337 879.13 381.267 680.033 24.645 138.133 608.041 50.746 545.131 629.695 641.543 502.476 682.998 153.335 10.657 915.271 74.572 575.529 785.216 845.626 23.535 327.806 561.71 349.542 742.831 811.726 264.779 94.801
922.111 201.961 991.765 188.069 669.623 553.812 118.448 292.053 965.582 277.244 284.073 540.831 258.62 711.705 270.065 86.628 269.788 477.36 351.792 808.211 783.226 212.7 50.481 521.792 145.964 549.563 551.856 114.171 338.142 969.627 127.35 966.416 779.897 533.226 79.599 320.287 391.105 450.962 351.941 458.352 714.99 82.857 937.024 122.303 451.038 30.456 868.205 457.519 49.98 1000000000.0 487.273 997.633 786.371 244.227 197.452 651.466 360.874 173.039 403.003 581.632 552.303 636.624 38.674 869.441 856.933 167.114 491.693 674.607 326.994 36.34 744.635 936.143 251.002 257.146 156.111 793.675 385.244 443.078 242.018 307.52 2.034 915.181 703.348 823.847 57.106 656.148 976.56 717.895 633.895 996.329 99.221 611.632 914.379 985.244 621.012 529.718 660.996 150.574 792.636 997.204
614.272 153.986 190.922 479.885 492.845 297.13 337.627 931.945 91.782 506.224 132.143 738.41 612.925 837.513 416.748 930.433 221.886 257.032 6.713 758.008 579.71 546.534 411.274 515.345 953.643 748.365 364.86 838.052 916.884 372.805 267.285 969.623 872.807 470.087 392.092 232.908 9.664 646.853 68.332 702.64 453.153 93.401 65.405 327.968 564.435 803.259 342.886 624.84 335.813 487.273 1000000000.0 770.201 493.518 837.739 897.52 470.593 962.73 104.81 146.472 729.665 244.054 119.07 152.786 653.843 836.058 792.471 752.084 431.465 19.304 664.027 272.653 703.312 462.197 872.271 964.226 528.856 694.663 599.629 280.877 130.238 977.872 554.555 273.001 978.198 634.915 540.584 712.904 606.16 228.136 380.422 445.519 103.541 762.283 798.092 865.707 783.69 74.756 602.401 969.247 79.683
