100
1000000000.0 125.015 641.102 284.531 589.664 574.517 912.788 134.465 567.506 304.444 1.686 189.183 577.409 128.831 47.879 665.376 408.935 574.935 768.602 340.435 414.309 516.5 321.275 342.048 254.748 631.167 178.574 834.546 31.034 109.732 445.791 987.903 601.216 306.71 573.401 751.063 261.103 562.459 194.974 180.465 397.787 501.854 828.399 317.101 88.323 119.063 650.771 586.24 877.378 811.477 267.61 429.922 328.394 251.603 124.658 32.716 713.88 225.771 44.571 754.98 963.207 652.513 43.419 781.087 363.501 149.383 119.596 242.873 828.674 567.981 954.178 598.965 736.455 978.068 512.867 832.997 599.906 421.017 211.177 199.388 644.408 730.156 225.841 501.832 885.865 474.556 814.249 871.899 823.228 210.323 39.281 739.703 99.17 116.925 645.603 932.0 144.159 826.281 745.383 723.848
125.015 1000000000.0 985.856 860.669 882.647 160.761 703.844 830.682 861.616 430.215 931.763 496.9 856.892 812.208 571.641 689.714 583.633 818.128 415.292 899.162 304.733 193.65 839.048 395.284 115.434 809.07 639.184 629.454 781.776 802.131 48.71 542.212 354.293 941.171 276.582 937.968 457.822 180.975 440.094 465.316 160.612 207.459 819.911 880.149 927.047 277.263 821.22 397.864 658.844 680.178 415.451 610.982 50.053 599.443 521.618 223.636 999.293 121.576 462.885 633.175 15.307 559.46 834.156 973.508 51.099 775.35 133.221 500.528 589.726 629.199 568.748 153.002 960.131 985.166 64.018 880.911 731.811 379.358 715.68 47.969 640.79 883.945 215.852 37.703 311.797 510.5 511.687 273.276 631.334 860.059 593.641 115.932 805.025 364.781 753.277 235.797 126.796 503.635 15.403 549.707
641.102 985.856 1000000000.0 195.371 769.318 63.546 214.436 767.638 569.95 919.382 409.175 293.051 569.867 677.266 669.2 861.363 150.531 207.162 156.611 852.964 812.7 779.054 324.363 88.959 783.186 548.609 774.229 983.265 104.635 654.417 61.54 275.397 769.324 240.479 174.495 234.436 697.779 400.866 8.703 775.321 582.444 386.858 506.25 792.097 135.421 698.967 502.844 851.703 677.334 168.484 269.097 705.674 369.346 20.796 684.495 713.722 2.704 825.279 245.033 9.376 290.955 571.769 20.044 269.986 125.962 999.012 253.902 229.39 44.626 637.856 317.555 27.014 771.463 397.955 36.633 75.68 180.518 355.327 621.757 447.276 627.546 99.636 737.362 138.003 533.809 7.199 217.255 268.48 527.083 582.819 30.267 251.71 900.793 938.437 175.19 616.843 27.847 405.338 531.271 42.37
284.531 860.669 195.371 1000000000.0 134.738 286.049 398.511 808.169 150.774 85.165 261.784 760.504 660.156 889.819 124.171 815.688 708.271 702.736 718.651 887.307 312.472 179.531 952.154 381.441 167.539 853.471 336.97 96.806 913.747 363.326 531.696 830.913 743.276 333.345 191.037 700.419 769.548 254.858 104.313 65.105 480.054 321.19 470.865 904.202 302.743 585.482 914.915 758.991 363.92 945.923 47.054 490.206 624.821 388.067 651.929 291.905 410.751 285.328 548.47 953.446 208.126 411.506 699.336 267.389 201.631 9.864 743.386 808.272 544.83 748.273 881.968 742.57 478.955 208.05 688.26 541.484 761.675 8.772 382.015 58.476 844.597 712.624 300.385 402.284 663.823 149.674 755.05 938.635 496.145 212.959 54.872 89.653 450.911 536.478 305.655 463.81 255.759 765.207 22.201 141.158
589.664 882.647 769.318 134.738 1000000000.0 369.566 288.292 912.409 285.253 339.626 462.589 69.26 250.119 865.551 616.066 627.417 565.891 876.059 132.59 153.001 252.215 45.349 715.321 777.282 710.94 597.382 869.72 314.832 886.763 590.682 671.018 812.004 491.89 344.303 113.646 942.949 288.067 661.977 870.001 158.583 699.769 741.828 132.749 456.571 304.624 769.638 558.198 70.631 798.349 137.219 976.059 961.339 834.677 440.827 311.342 979.877 677.136 735.734 395.506 395.782 375.137 862.901 712.711 745.016 278.899 778.85 889.562 685.469 167.017 880.424 868.186 130.987 277.501 719.6 468.992 113.561 491.083 424.884 140.349 157.853 268.98 31.554 821.647 612.929 941.035 45.278 849.955 266.749 675.346 792.753 75.091 613.091 953.048 550.709 838.063 208.591 6.111 997.009 433.187 953.894
574.517 160.761 63.546 286.049 369.566 1000000000.0 18.481 131.774 657.711 937.229 985.206 923.328 752.893 835.322 552.502 830.054 239.308 972.189 575.179 150.863 641.498 301.248 189.007 990.788 814.898 573.002 337.253 135.666 893.156 832.853 83.533 361.905 464.124 390.551 115.55 924.394 108.699 910.778 504.258 844.8 706.61 436.232 926.353 745.443 304.217 968.695 643.922 927.18 482.276 391.574 12.921 760.407 189.214 199.357 593.876 517.525 798.783 918.73 929.895 410.206 733.678 383.09 541.71 637.371 818.463 947.244 623.648 474.096 370.162 528.491 263.263 452.791 3.917 513.475 729.361 59.773 402.023 661.493 610.506 825.533 17.661 158.491 731.06 179.844 224.684 250.512 54.432 529.159 103.029 763.798 617.788 35.867 658.936 887.578 161.385 724.288 333.756 754.098 798.156 998.887
912.788 703.844 214.436 398.511 288.292 18.481 1000000000.0 695.697 896.096 239.637 949.562 707.106 282.294 717.434 54.851 863.151 21.221 462.489 98.042 504.434 806.325 856.077 177.314 946.448 629.154 280.713 343.79 721.484 518.156 354.856 554.16 226.377 675.646 979.99 365.076 248.442 433.999 641.806 710.634 616.349 417.504 857.919 384.853 899.341 539.182 785.267 175.546 744.025 50.449 42.996 865.652 518.81 5.66 635.507 389.85 715.324 361.488 697.124 480.586 496.611 517.164 710.215 422.761 761.852 180.337 860.556 396.46 692.749 225.44 804.419 262.705 755.205 347.894 228.89 522.13 916.304 875.376 375.974 193.656 486.438 555.992 327.245 133.308 629.527 165.1 727.56 358.156 348.453 572.168 426.057 363.166 33.699 553.623 733.33 640.972 628.925 96.455 665.05 385.523 126.407
134.465 830.682 767.638 808.169 912.409 131.774 695.697 1000000000.0 25.319 304.423 73.322 727.051 707.654 794.678 769.0 953.777 557.153 238.258 619.058 933.668 167.017 923.5 969.232 344.573 540.894 441.27 839.985 504.54 736.274 902.688 508.551 793.44 436.453 372.472 414.663 688.835 872.607 186.82 535.95 532.326 282.342 8.339 935.281 412.968 847.739 72.281 932.426 323.19 516.437 281.384 7.231 781.355 962.693 9.049 32.921 246.226 354.71 76.67 485.083 726.827 920.669 285.626 725.607 482.816 785.247 447.408 801.437 447.074 228.266 196.307 589.181 35.339 296.548 724.664 512.2 678.795 567.078 243.719 163.217 43.243 155.518 436.502 9.506 970.217 419.645 788.049 946.58 132.589 781.112 290.801 824.03 687.912 723.492 258.205 764.603 237.046 842.351 16.311 86.162 149.428
567.506 861.616 569.95 150.774 285.253 657.711 896.096 25.319 1000000000.0 224.702 470.708 340.334 385.321 488.109 167.768 791.476 495.287 189.082 581.985 48.269 806.038 989.729 200.131 768.522 11.314 931.235 547.568 314.218 650.411 15.691 749.095 604.519 882.045 544.698 611.936 295.906 153.049 379.01 944.971 404.354 683.904 628.428 9.833 973.791 656.776 210.138 497.205 596.276 520.345 324.2 696.756 154.281 615.723 932.149 405.635 565.303 504.536 44.636 235.714 990.764 95.301 847.031 317.302 501.49 542.422 404.391 947.665 719.452 119.484 384.434 972.256 512.815 707.317 928.964 468.705 934.608 358.985 108.195 262.102 940.14 580.335 772.124 536.23 703.788 251.753 779.583 37.656 686.088 675.722 763.698 672.0 139.273 288.939 165.464 4.589 917.879 311.695 748.217 597.298 542.117
304.444 430.215 919.382 85.165 339.626 937.229 239.637 304.423 224.702 1000000000.0 603.942 866.772 920.148 334.292 906.83 909.82 40.605 733.045 77.239 62.213 668.299 825.627 898.87 766.392 233.887 628.472 209.404 750.139 749.187 797.778 726.718 666.537 697.49 881.844 778.658 322.834 562.102 280.554 546.85 948.39 906.454 903.924 591.084 362.978 672.4 667.658 558.362 53.436 297.055 352.594 465.113 777.787 95.678 509.813 230.703 563.484 908.261 470.369 419.926 351.908 590.763 692.8 676.614 939.979 666.311 746.219 875.344 62.584 534.109 684.383 93.268 720.211 462.077 771.78 149.444 14.521 933.122 555.5 63.423 608.641 277.237 432.264 629.492 275.349 694.932 134.773 766.268 731.291 886.109 73.074 69.608 20.338 444.015 130.158 213.957 205.187 203.549 338.537 120.178 190.179
1.686 931.763 409.175 261.784 462.589 985.206 949.562 73.322 470.708 603.942 1000000000.0 722.441 842.067 208.355 161.713 579.9 301.447 307.005 343.217 845.662 580.089 108.437 968.281 483.85 537.952 292.415 216.688 461.247 139.608 735.064 935.669 653.559 189.575 123.943 663.898 916.104 29.31 976.713 373.396 188.572 12.104 99.865 578.388 902.415 957.825 443.342 48.455 982.901 887.196 317.139 477.679 589.586 182.116 2.586 580.558 425.938 38.555 939.835 460.234 192.026 843.458 651.882 758.46 195.065 860.806 742.002 217.08 138.34 183.897 316.743 870.584 501.385 933.46 289.975 585.614 696.771 584.635 130.333 644.212 366.101 621.809 11.209 850.978 894.151 312.003 689.25 326.703 465.372 816.823 691.218 735.424 201.69 648.425 701.637 472.845 113.393 167.105 448.182 568.13 55.078
189.183 496.9 293.051 760.504 69.26 923.328 707.106 727.051 340.334 866.772 722.441 1000000000.0 264.372 589.282 142.614 323.824 930.488 313.931 788.544 991.262 495.64 279.536 156.749 167.044 4.608 594.458 426.15 506.285 737.81 192.642 342.723 598.982 374.737 898.532 268.729 987.9 116.61 522.705 449.782 696.048 694.088 421.266 669.201 787.775 382.817 691.132 446.137 974.803 835.715 715.225 499.009 353.962 820.102 490.061 345.528 47.095 491.703 143.354 673.206 373.973 274.778 804.279 96.096 761.263 195.126 447.43 35.364 650.836 37.558 281.34 559.255 472.797 136.872 820.033 859.317 9.469 451.849 734.594 934.678 162.679 401.007 242.221 952.643 984.348 807.377 166.828 548.366 123.624 77.672 833.447 436.932 754.921 166.447 79.511 456.069 705.942 781.576 425.32 402.578 469.991
577.409 856.892 569.867 660.156 250.119 752.893 282.294 707.654 385.321 920.148 842.067 264.372 1000000000.0 981.175 375.059 401.543 536.613 286.789 348.56 775.657 163.753 728.87 880.384 544.816 237.834 973.482 257.258 184.242 755.038 194.879 619.99 813.905 677.343 181.528 999.951 951.701 647.624 779.547 368.697 383.68 747.449 506.698 699.9 690.452 48.049 221.706 351.428 955.857 750.135 618.206 77.813 800.841 601.837 124.811 482.25 982.765 471.485 827.081 900.613 931.218 905.984 544.932 775.589 898.292 26.711 449.839 437.625 451.426 559.02 291.62 417.421 985.177 845.733 696.534 450.981 220.646 743.912 389.889 18.05 966.812 333.255 628.906 530.559 338.428 987.961 983.404 919.557 338.791 354.848 616.127 862.453 655.997 411.597 871.369 436.878 670.566 125.86 122.337 671.945 304.611
128.831 812.208 677.266 889.819 865.551 835.322 717.434 794.678 488.109 334.292 208.355 589.282 981.175 1000000000.0 387.599 658.399 790.425 40.505 789.951 365.36 999.994 787.331 965.2 29.967 984.588 260.894 191.289 493.737 397.071 837.877 797.023 144.485 117.904 188.941 854.558 959.479 633.557 355.882 807.444 150.144 326.213 448.952 777.53 348.958 747.354 548.876 782.537 434.435 632.465 875.222 655.205 657.703 474.693 986.309 402.925 433.169 416.488 664.633 170.283 783.574 972.348 889.002 56.144 875.519 924.251 983.761 875.841 737.246 918.1 815.096 262.94 176.622 888.838 37.53 360.648 365.446 670.451 204.608 731.733 417.715 21.573 434.693 287.611 818.19 8.394 338.315 656.547 714.534 9.125 633.418 975.24 812.401 697.649 486.722 119.004 281.357 905.096 107.39 103.415 727.151
47.879 571.641 669.2 124.171 616.066 552.502 54.851 769.0 167.768 906.83 161.713 142.614 375.059 387.599 1000000000.0 369.492 459.943 336.215 208.152 490.768 519.223 887.342 307.979 538.746 948.952 430.571 936.388 998.815 729.019 558.286 352.985 38.057 40.893 891.032 532.56 181.446 155.092 567.903 288.037 641.647 260.781 550.516 970.272 378.235 735.31 247.302 88.063 902.918 645.193 22.312 927.39 495.643 521.612 640.993 920.809 994.662 587.755 228.127 634.585 919.176 182.688 800.552 565.918 625.627 124.323 575.676 840.77 720.611 775.943 921.459 263.804 720.761 773.665 88.477 883.338 664.012 99.166 652.574 296.164 64.413 522.699 712.867 88.642 954.787 774.662 591.966 873.961 700.895 64.283 110.415 238.744 214.862 545.943 318.365 895.564 702.696 649.691 300.027 188.864 556.114
665.376 689.714 861.363 815.688 627.417 830.054 863.151 953.777 791.476 909.82 579.9 323.824 401.543 658.399 369.492 1000000000.0 82.774 373.85 902.942 710.548 797.915 651.621 339.392 500.939 741.543 161.26 29.664 255.609 542.48 869.355 10.15 800.562 486.307 211.655 811.455 154.097 672.013 74.389 416.268 322.871 507.544 655.649 154.044 271.795 551.73 550.496 781.255 315.122 927.52 517.102 999.412 35.933 60.66 903.714 244.171 134.279 531.672 442.818 378.636 119.247 317.774 898.51 995.279 67.682 280.39 858.949 824.991 485.379 673.908 493.461 45.448 531.581 738.502 752.613 13.99 266.368 882.21 409.152 667.775 922.313 582.638 920.132 227.526 951.441 971.885 135.988 612.642 401.169 340.444 912.269 918.518 444.444 34.434 451.278 502.779 994.022 67.284 670.178 46.449 859.393
408.935 583.633 150.531 708.271 565.891 239.308 21.221 557.153 495.287 40.605 301.447 930.488 536.613 790.425 459.943 82.774 1000000000.0 949.698 949.331 474.137 578.398 4.06 648.74 845.095 558.196 451.362 648.83 319.85 367.978 929.984 506.565 771.449 559.582 282.843 906.327 982.258 929.921 117.156 652.331 694.879 318.647 882.371 633.46 290.699 230.419 564.08 686.333 905.81 674.724 556.093 185.124 387.845 290.89 306.815 51.072 137.802 541.032 321.528 922.223 360.96 791.618 853.075 885.038 582.407 843.001 916.463 187.678 640.16 277.225 927.724 818.452 463.317 596.333 113.14 240.409 816.818 508.666 794.245 353.944 231.72 93.3 622.431 637.31 939.199 994.377 298.163 679.589 470.827 234.208 380.344 728.512 465.405 943.662 716.152 294.625 169.42 11.158 836.019 861.652 827.394
574.935 818.128 207.162 702.736 876.059 972.189 462.489 238.258 189.082 733.045 307.005 313.931 286.789 40.505 336.215 373.85 949.698 1000000000.0 87.231 368.27 447.344 630.593 417.662 194.995 505.708 999.745 521.594 187.256 918.149 239.763 866.338 739.542 904.348 20.659 902.525 527.312 124.007 99.549 843.056 476.917 816.138 655.712 573.534 748.181 292.741 98.8 471.253 636.805 110.968 160.331 569.597 459.495 66.194 155.406 88.826 201.0 544.82 348.853 814.874 806.583 989.638 14.671 834.527 164.749 497.472 141.055 681.661 545.86 247.441 313.147 676.145 331.371 372.67 253.328 32.299 533.144 878.843 536.662 680.33 803.91 80.969 324.836 433.942 577.316 5.793 385.032 722.771 676.115 883.348 417.983 927.869 762.614 19.834 534.995 951.053 258.237 998.509 300.031 621.904 231.993
768.602 415.292 156.611 718.651 132.59 575.179 98.042 619.058 581.985 77.239 343.217 788.544 348.56 789.951 208.152 902.942 949.331 87.231 1000000000.0 949.97 960.918 939.217 634.417 823.221 862.521 296.062 371.394 128.665 334.502 756.935 261.951 446.972 760.345 954.472 457.589 507.375 575.916 184.78 619.883 507.759 376.666 967.104 972.826 427.584 260.108 205.192 33.493 97.831 613.286 737.339 254.867 51.165 896.414 237.997 498.517 920.932 550.544 593.692 777.459 144.645 577.086 698.88 832.057 160.779 243.026 664.931 467.163 255.752 252.577 961.944 206.857 209.495 487.307 670.757 965.242 876.595 373.265 818.772 793.142 288.175 752.0 279.215 519.971 667.287 840.618 796.223 117.609 196.391 305.192 574.305 705.556 691.879 433.539 423.749 860.464 281.222 224.565 228.622 807.828 114.675
340.435 899.162 852.964 887.307 153.001 150.863 504.434 933.668 48.269 62.213 845.662 991.262 775.657 365.36 490.768 710.548 474.137 368.27 949.97 1000000000.0 819.168 586.285 894.558 18.171 124.371 455.127 281.543 447.22 668.85 595.578 146.111 618.949 430.082 712.558 528.33 669.342 449.944 54.863 496.811 79.143 345.24 608.128 855.06 121.731 408.212 987.886 977.986 233.585 81.109 329.603 380.884 753.674 421.129 493.24 55.963 536.503 624.12 683.497 863.799 486.133 599.682 373.887 415.378 446.279 977.601 934.594 320.397 448.79 190.727 686.773 745.484 606.808 724.534 41.73 769.901 96.182 480.298 548.944 298.576 87.589 825.731 872.066 11.393 324.498 772.759 260.818 198.781 317.213 44.414 632.848 661.826 422.177 177.829 731.485 730.312 301.566 762.409 183.335 447.514 797.014
414.309 304.733 812.7 312.472 252.215 641.498 806.325 167.017 806.038 668.299 580.089 495.64 163.753 999.994 519.223 797.915 578.398 447.344 960.918 819.168 1000000000.0 524.364 916.558 443.671 901.9 33.069 243.93 898.218 715.03 132.847 997.163 764.244 161.569 482.854 713.561 806.531 529.253 37.92 908.749 356.412 900.621 15.376 188.026 305.81 176.565 11.289 123.513 154.628 94.609 108.638 994.592 417.067 952.786 928.786 737.733 830.324 586.009 289.62 244.124 115.399 329.345 184.396 17.134 474.043 109.605 107.301 118.702 690.014 644.265 216.972 320.081 664.162 947.883 884.781 996.274 68.034 870.36 105.382 291.5 491.843 12.176 430.475 983.657 362.393 740.871 748.012 559.908 422.283 267.499 661.804 922.87 22.757 67.178 94.824 867.358 557.621 260.094 296.548 377.166 536.202
516.5 193.65 779.054 179.531 45.349 301.248 856.077 923.5 989.729 825.627 108.437 279.536 728.87 787.331 887.342 651.621 4.06 630.593 939.217 586.285 524.364 1000000000.0 635.222 160.801 848.806 360.55 211.252 181.695 679.236 17.32 142.19 911.216 736.44 111.102 237.678 650.833 839.905 815.092 711.776 984.62 597.822 167.332 924.382 230.855 653.263 474.534 525.998 90.554 867.305 185.901 718.021 736.127 369.107 106.296 195.979 714.019 465.204 811.924 345.858 739.65 297.109 150.713 946.075 320.16 97.57 993.52 976.25 52.94 282.939 529.348 793.968 427.668 39.512 839.679 302.661 639.523 362.048 666.301 570.398 65.012 74.088 478.562 861.558 714.964 419.254 21.981 531.211 489.7 199.292 933.034 505.893 420.341 488.608 295.567 817.679 279.27 149.411 197.034 757.731 30.251
321.275 839.048 324.363 952.154 715.321 189.007 177.314 969.232 200.131 898.87 968.281 156.749 880.384 965.2 307.979 339.392 648.74 417.662 634.417 894.558 916.558 635.222 1000000000.0 766.667 888.689 424.244 982.695 279.825 159.734 582.365 828.878 455.053 196.513 681.645 334.984 304.26 272.977 679.177 752.826 213.106 911.468 586.97 994.077 502.376 608.11 162.647 54.487 573.341 80.961 590.119 155.696 494.116 364.18 210.792 507.95 960.837 996.57 801.206 444.016 953.543 798.03 287.522 700.278 280.78 873.009 986.502 377.632 716.149 567.622 721.699 611.679 104.505 789.007 143.092 94.682 959.436 299.035 951.614 492.859 389.3 369.241 256.324 337.401 345.336 802.258 172.69 941.691 38.364 802.302 910.299 469.594 783.359 398.215 140.365 298.371 86.239 12.343 650.789 156.741 161.975
342.048 395.284 88.959 381.441 777.282 990.788 946.448 344.573 768.522 766.392 483.85 167.044 544.816 29.967 538.746 500.939 845.095 194.995 823.221 18.171 443.671 160.801 766.667 1000000000.0 981.975 335.583 503.353 108.435 560.474 423.002 364.077 93.507 530.687 169.285 907.231 851.37 441.183 792.752 760.825 129.353 189.7 292.702 915.39 431.937 336.162 625.039 918.038 352.151 270.651 875.13 870.371 792.973 406.475 728.571 104.391 894.548 101.023 253.328 799.78 535.157 193.782 63.256 143.707 834.777 74.791 550.215 199.343 806.314 857.599 22.04 931.989 128.168 8.928 236.0 232.337 71.986 161.392 56.545 597.489 15.321 5.367 51.802 708.296 101.788 377.048 944.955 348.133 63.457 224.249 745.852 199.438 416.801 593.472 817.296 751.951 383.528 186.075 115.017 676.295 814.845
254.748 115.434 783.186 167.539 710.94 814.898 629.154 540.894 11.314 233.887 537.952 4.608 237.834 984.588 948.952 741.543 558.196 505.708 862.521 124.371 901.9 848.806 888.689 981.975 1000000000.0 600.756 750.592 191.204 76.223 3.736 493.194 269.256 609.074 432.697 783.004 777.85 812.822 335.511 203.359 646.803 345.353 348.805 246.614 659.617 725.133 690.146 803.884 543.892 509.547 589.246 613.59 940.123 910.699 400.077 114.742 413.893 961.803 520.88 678.177 303.612 2.029 446.683 141.776 631.354 475.675 113.433 482.398 697.236 173.624 545.398 868.573 524.492 276.714 373.397 119.093 166.947 933.465 333.026 699.286 639.586 949.108 824.088 291.2 311.034 956.868 247.604 72.667 153.417 810.392 635.224 68.72 367.227 536.944 812.066 207.962 560.442 61.054 758.338 575.198 89.016
631.167 809.07 548.609 853.471 597.382 573.002 280.713 441.27 931.235 628.472 292.415 594.458 973.482 260.894 430.571 161.26 451.362 999.745 296.062 455.127 33.069 360.55 424.244 335.583 600.756 1000000000.0 505.052 523.094 978.096 438.805 421.821 793.941 876.448 563.897 782.374 827.45 891.62 404.813 285.494 595.776 776.184 729.459 210.068 317.127 185.608 448.606 410.779 180.126 920.739 479.705 128.922 342.346 494.278 710.811 767.639 315.162 539.766 173.916 3.268 615.837 737.996 302.516 76.649 417.976 712.161 932.315 429.425 286.292 217.55 902.761 620.031 22.956 586.57 665.152 797.741 670.059 699.871 623.172 86.45 481.389 635.478 790.411 521.117 933.425 809.332 694.55 831.758 795.414 998.679 675.708 941.897 245.862 350.807 455.938 91.279 434.212 786.752 39.422 762.664 892.559
178.574 639.184 774.229 336.97 869.72 337.253 343.79 839.985 547.568 209.404 216.688 426.15 257.258 191.289 936.388 29.664 648.83 521.594 371.394 281.543 243.93 211.252 982.695 503.353 750.592 505.052 1000000000.0 466.362 860.188 790.14 198.252 656.155 508.529 108.467 339.473 512.127 305.889 187.077 46.487 888.992 765.83 624.716 641.644 967.762 98.223 57.485 301.72 907.791 38.967 679.965 964.268 858.771 288.927 935.606 355.79 960.941 181.187 889.455 270.989 629.903 18.568 728.517 570.967 229.912 440.25 41.977 192.529 689.23 520.591 995.474 30.601 81.825 997.093 97.163 499.04 138.961 157.849 523.231 149.935 57.666 730.169 308.877 151.715 996.141 441.392 50.637 323.113 472.733 782.363 581.318 156.783 235.385 841.004 193.319 769.032 658.715 556.778 38.272 301.181 182.764
834.546 629.454 983.265 96.806 314.832 135.666 721.484 504.54 314.218 750.139 461.247 506.285 184.242 493.737 998.815 255.609 319.85 187.256 128.665 447.22 898.218 181.695 279.825 108.435 191.204 523.094 466.362 1000000000.0 401.646 685.802 746.076 683.837 479.619 127.405 362.127 697.212 571.629 690.702 478.602 91.612 300.963 437.694 304.542 377.518 864.569 627.312 13.712 955.721 170.103 997.915 78.57 137.298 119.777 804.6 981.607 528.55 862.504 151.372 85.39 273.256 221.961 232.0 217.488 522.957 349.553 249.126 862.295 914.643 379.541 315.847 118.16 127.803 585.021 777.064 205.081 92.929 900.303 665.44 624.552 520.537 699.147 788.256 70.77 322.17 36.773 661.487 584.508 288.454 150.996 623.074 3.506 637.986 636.103 763.174 297.119 232.278 206.237 18.624 17.369 239.5
31.034 781.776 104.635 913.747 886.763 893.156 518.156 736.274 650.411 749.187 139.608 737.81 755.038 397.071 729.019 542.48 367.978 918.149 334.502 668.85 715.03 679.236 159.734 560.474 76.223 978.096 860.188 401.646 1000000000.0 771.736 281.698 135.207 503.026 532.795 137.328 579.668 285.855 875.876 728.47 191.892 477.435 725.084 671.81 976.612 109.91 1.458 991.951 772.596 410.858 488.645 594.951 976.278 140.373 451.272 668.395 391.333 444.018 603.84 386.664 248.522 832.698 42.663 648.738 629.745 311.636 318.107 745.305 486.124 294.199 851.622 595.186 976.241 898.95 547.216 483.058 674.394 47.078 283.803 419.679 631.847 984.809 939.716 865.756 143.112 532.634 158.923 796.432 947.221 942.958 843.115 349.434 671.303 9.688 188.4 661.064 465.992 786.749 500.657 398.357 222.271
109.732 802.131 654.417 363.326 590.682 832.853 354.856 902.688 15.691 797.778 735.064 192.642 194.879 837.877 558.286 869.355 929.984 239.763 756.935 595.578 132.847 17.32 582.365 423.002 3.736 438.805 790.14 685.802 771.736 1000000000.0 482.231 190.847 159.009 562.467 473.802 304.315 911.973 502.193 23.714 897.343 972.867 923.51 491.007 433.115 136.933 560.743 169.311 700.09 991.909 968.553 671.904 77.879 318.825 666.174 886.23 152.62 626.999 395.741 629.995 718.732 50.335 746.886 722.171 263.282 41.558 729.575 455.64 544.533 184.074 634.394 794.523 737.463 608.15 859.165 16.565 670.98 636.073 456.67 374.166 46.666 905.06 104.043 788.271 710.74 496.946 774.747 747.809 66.2 591.095 606.24 53.793 481.411 368.081 572.999 887.264 335.9 660.939 754.171 583.246 564.156
445.791 48.71 61.54 531.696 671.018 83.533 554.16 508.551 749.095 726.718 935.669 342.723 619.99 797.023 352.985 10.15 506.565 866.338 261.951 146.111 997.163 142.19 828.878 364.077 493.194 421.821 198.252 746.076 281.698 482.231 1000000000.0 50.832 219.254 96.91 932.337 28.831 274.17 91.632 857.957 451.111 978.147 645.872 664.082 572.816 409.09 914.399 326.472 509.473 551.563 167.79 617.284 956.04 600.463 584.093 678.896 105.229 538.77 511.631 904.958 489.323 836.933 970.911 962.129 147.679 201.725 492.129 433.5 585.326 38.594 313.421 583.884 868.78 725.053 406.615 609.96 294.292 524.78 3.121 103.827 799.738 138.933 878.765 204.748 419.091 173.43 394.144 15.335 576.962 263.956 815.806 456.373 985.714 447.527 491.019 936.953 396.435 167.385 302.381 408.056 212.622
987.903 542.212 275.397 830.913 812.004 361.905 226.377 793.44 604.519 666.537 653.559 598.982 813.905 144.485 38.057 800.562 771.449 739.542 446.972 618.949 764.244 911.216 455.053 93.507 269.256 793.941 656.155 683.837 135.207 190.847 50.832 1000000000.0 139.724 360.963 468.501 265.108 119.262 355.287 451.706 587.445 672.174 837.205 751.618 417.093 773.284 722.498 256.676 789.006 113.805 248.083 440.399 592.885 208.673 843.611 369.776 382.56 86.411 418.68 201.806 12.416 541.011 667.689 301.494 924.004 276.304 254.69 276.459 355.435 194.749 858.024 388.461 945.212 90.019 83.367 721.466 968.982 757.098 947.981 680.053 8.264 101.201 79.396 508.618 149.183 861.024 986.358 715.201 335.985 437.306 174.517 146.574 490.621 235.687 310.366 946.997 569.709 509.609 698.454 441.324 281.112
601.216 354.293 769.324 743.276 491.89 464.124 675.646 436.453 882.045 697.49 189.575 374.737 677.343 117.904 40.893 486.307 559.582 904.348 760.345 430.082 161.569 736.44 196.513 530.687 609.074 876.448 508.529 479.619 503.026 159.009 219.254 139.724 1000000000.0 433.855 371.504 919.811 807.939 777.851 449.45 326.649 789.934 645.091 356.977 334.581 557.946 4.844 565.367 279.422 83.521 409.219 989.836 456.548 604.329 216.236 4.808 569.257 320.305 361.953 847.398 168.085 123.562 830.688 387.728 516.361 253.171 94.398 456.863 433.746 792.711 880.181 115.557 455.875 706.441 599.35 273.689 99.814 943.0 232.72 544.46 719.066 644.811 220.771 303.125 310.463 481.687 140.913 417.388 748.847 217.656 187.534 133.535 584.724 816.012 454.322 338.114 73.772 645.836 907.097 383.575 311.464
306.71 941.171 240.479 333.345 344.303 390.551 979.99 372.472 544.698 881.844 123.943 898.532 181.528 188.941 891.032 211.655 282.843 20.659 954.472 712.558 482.854 111.102 681.645 169.285 432.697 563.897 108.467 127.405 532.795 562.467 96.91 360.963 433.855 1000000000.0 636.326 246.816 78.922 498.238 856.051 982.342 662.773 557.82 483.844 931.6 407.581 190.331 407.934 191.181 201.394 939.958 809.942 71.258 718.882 797.432 891.556 221.333 367.977 804.737 592.915 16.034 918.408 410.328 433.054 948.726 145.966 796.816 663.046 760.532 306.668 305.617 49.06 491.376 497.311 834.475 268.057 436.946 34.207 18.65 972.688 719.99 838.959 592.84 583.574 429.948 852.993 747.385 804.09 48.24 452.356 110.906 556.889 811.216 954.856 942.293 20.963 394.422 90.349 421.987 348.827 248.118
573.401 276.582 174.495 191.037 113.646 115.55 365.076 414.663 611.936 778.658 663.898 268.729 999.951 854.558 532.56 811.455 906.327 902.525 457.589 528.33 713.561 237.678 334.984 907.231 783.004 782.374 339.473 362.127 137.328 473.802 932.337 468.501 371.504 636.326 1000000000.0 519.318 23.208 533.202 402.816 27.642 193.011 801.032 415.41 752.331 759.179 283.062 186.793 718.824 113.626 708.705 145.149 473.94 441.242 376.773 375.259 409.428 107.385 317.892 635.639 150.336 292.336 561.393 836.43 415.433 739.841 570.858 838.123 125.905 645.215 397.252 248.808 610.655 185.388 422.368 459.485 206.615 287.855 582.096 530.666 487.982 873.999 622.277 915.22 625.772 985.149 452.059 212.124 551.63 235.018 900.344 380.919 890.815 599.386 25.38 432.508 695.667 54.55 408.348 766.844 582.613
751.063 937.968 234.436 700.419 942.949 924.394 248.442 688.835 295.906 322.834 916.104 987.9 951.701 959.479 181.446 154.097 982.258 527.312 507.375 669.342 806.531 650.833 304.26 851.37 777.85 827.45 512.127 697.212 579.668 304.315 28.831 265.108 919.811 246.816 519.318 1000000000.0 241.111 927.873 939.027 981.772 138.401 537.257 27.738 576.556 743.081 166.025 765.832 906.108 285.328 709.058 129.457 582.941 203.383 855.403 369.846 746.149 915.417 174.73 76.741 828.927 603.317 697.654 827.728 600.545 507.304 529.577 595.855 393.931 929.115 478.258 297.755 594.294 418.942 694.323 287.911 2.01 558.514 568.032 918.015 930.347 498.303 342.131 436.718 754.8 742.367 698.493 135.159 674.085 839.487 72.147 460.988 965.695 654.998 616.477 55.442 160.854 771.122 783.323 50.12 551.301
261.103 457.822 697.779 769.548 288.067 108.699 433.999 872.607 153.049 562.102 29.31 116.61 647.624 633.557 155.092 672.013 929.921 124.007 575.916 449.944 529.253 839.905 272.977 441.183 812.822 891.62 305.889 571.629 285.855 911.973 274.17 119.262 807.939 78.922 23.208 241.111 1000000000.0 42.033 284.529 366.91 880.808 515.474 58.545 546.515 66.466 671.967 398.814 626.58 755.289 697.779 73.48 435.599 837.728 56.012 301.606 914.844 880.403 120.127 818.275 896.4 304.965 143.551 941.612 898.986 472.041 716.803 25.138 113.353 736.505 255.484 500.318 472.604 803.948 942.485 417.814 188.953 569.958 589.673 546.66 307.298 154.479 281.662 605.138 211.212 843.184 731.516 775.713 936.453 944.672 755.881 385.892 891.254 784.275 320.705 283.917 419.793 163.251 186.417 655.553 978.002
562.459 180.975 400.866 254.858 661.977 910.778 641.806 186.82 379.01 280.554 976.713 522.705 779.547 355.882 567.903 74.389 117.156 99.549 184.78 54.863 37.92 815.092 679.177 792.752 335.511 404.813 187.077 690.702 875.876 502.193 91.632 355.287 777.851 498.238 533.202 927.873 42.033 1000000000.0 102.725 552.863 76.182 6.454 389.528 621.97 148.298 119.092 962.112 146.488 505.434 950.353 21.97 864.412 718.065 249.124 707.759 640.592 968.899 364.97 860.075 936.683 283.547 8.452 142.863 9.625 710.272 239.001 898.737 177.84 455.698 790.937 901.467 7.353 483.126 354.263 526.715 667.579 859.737 850.627 330.457 788.831 873.371 992.363 698.448 174.935 611.404 713.21 660.313 247.097 207.021 170.725 592.574 47.95 621.411 543.158 539.559 653.398 543.92 351.047 438.796 106.317
194.974 440.094 8.703 104.313 870.001 504.258 710.634 535.95 944.971 546.85 373.396 449.782 368.697 807.444 288.037 416.268 652.331 843.056 619.883 496.811 908.749 711.776 752.826 760.825 203.359 285.494 46.487 478.602 728.47 23.714 857.957 451.706 449.45 856.051 402.816 939.027 284.529 102.725 1000000000.0 894.37 732.433 819.651 84.772 807.521 36.08 506.172 153.007 841.479 195.103 536.449 561.247 509.808 472.87 624.665 937.391 190.338 426.282 54.633 170.158 584.559 715.898 449.128 689.369 502.485 9.481 865.835 940.683 755.636 867.327 871.329 489.046 390.274 890.627 854.576 941.088 629.892 567.474 495.95 592.752 751.981 245.129 41.798 786.736 422.465 674.978 611.991 918.786 180.825 829.837 452.287 749.367 723.992 961.404 800.792 251.137 23.657 15.582 348.808 904.679 596.122
180.465 465.316 775.321 65.105 158.583 844.8 616.349 532.326 404.354 948.39 188.572 696.048 383.68 150.144 641.647 322.871 694.879 476.917 507.759 79.143 356.412 984.62 213.106 129.353 646.803 595.776 888.992 91.612 191.892 897.343 451.111 587.445 326.649 982.342 27.642 981.772 366.91 552.863 894.37 1000000000.0 375.146 766.56 682.799 793.588 231.059 812.98 856.39 581.07 937.273 600.148 298.117 854.291 829.574 333.932 281.794 35.944 113.02 768.98 396.945 595.536 510.72 188.835 955.011 490.295 890.54 240.418 498.79 566.433 582.536 292.983 437.771 570.168 820.062 776.017 643.269 675.55 658.794 432.379 667.286 571.99 725.413 161.858 472.891 347.887 765.21 983.505 575.106 696.176 269.222 476.763 150.209 146.175 711.102 384.537 914.373 180.798 797.152 507.354 175.415 764.751
397.787 160.612 582.444 480.054 699.769 706.61 417.504 282.342 683.904 906.454 12.104 694.088 747.449 326.213 260.781 507.544 318.647 816.138 376.666 345.24 900.621 597.822 911.468 189.7 345.353 776.184 765.83 300.963 477.435 972.867 978.147 672.174 789.934 662.773 193.011 138.401 880.808 76.182 732.433 375.146 1000000000.0 647.696 39.314 230.558 206.673 582.89 81.78 142.459 730.813 646.736 642.317 577.9 973.134 623.091 185.766 264.499 581.645 152.979 75.382 160.147 613.869 435.228 110.357 239.521 257.695 111.45 676.47 790.653 279.692 268.993 828.078 986.92 35.354 234.44 254.024 75.781 960.688 431.664 605.875 921.054 150.601 704.726 678.873 466.507 898.413 554.118 93.807 566.72 730.942 272.198 831.26 129.603 517.834 600.948 646.185 153.736 527.748 643.763 171.868 68.739
501.854 207.459 386.858 321.19 741.828 436.232 857.919 8.339 628.428 903.924 99.865 421.266 506.698 448.952 550.516 655.649 882.371 655.712 967.104 608.128 15.376 167.332 586.97 292.702 348.805 729.459 624.716 437.694 725.084 923.51 645.872 837.205 645.091 557.82 801.032 537.257 515.474 6.454 819.651 766.56 647.696 1000000000.0 905.859 330.812 854.123 706.717 705.7 430.62 144.632 622.964 681.66 113.402 877.989 821.913 202.184 954.007 858.122 536.996 711.67 776.857 764.021 49.772 46.556 835.907 378.158 11.231 810.826 423.68 264.597 733.924 760.454 748.923 138.54 345.154 542.787 331.185 112.251 837.775 641.477 800.703 882.924 954.397 387.209 679.456 53.824 943.391 598.677 460.23 636.857 34.838 917.403 46.161 547.131 280.767 834.202 626.078 504.562 143.128 809.228 478.844
828.399 819.911 506.25 470.865 132.749 926.353 384.853 935.281 9.833 591.084 578.388 669.201 699.9 777.53 970.272 154.044 633.46 573.534 972.826 855.06 188.026 924.382 994.077 915.39 246.614 210.068 641.644 304.542 671.81 491.007 664.082 751.618 356.977 483.844 415.41 27.738 58.545 389.528 84.772 682.799 39.314 905.859 1000000000.0 55.186 714.278 864.518 369.285 597.959 833.274 811.324 788.697 979.885 974.446 389.116 623.574 735.539 137.711 861.703 316.528 242.461 890.864 629.842 185.923 867.264 559.322 385.777 288.642 493.297 815.268 474.931 786.964 989.173 836.581 833.475 972.323 935.843 942.259 656.787 822.611 715.058 413.252 539.401 95.499 101.24 267.563 191.958 741.292 213.776 791.757 273.779 72.988 636.397 930.159 192.911 809.877 839.987 315.558 344.56 499.383 210.341
317.101 880.149 792.097 904.202 456.571 745.443 899.341 412.968 973.791 362.978 902.415 787.775 690.452 348.958 378.235 271.795 290.699 748.181 427.584 121.731 305.81 230.855 502.376 431.937 659.617 317.127 967.762 377.518 976.612 433.115 572.816 417.093 334.581 931.6 752.331 576.556 546.515 621.97 807.521 793.588 230.558 330.812 55.186 1000000000.0 796.081 958.732 314.421 67.587 41.252 162.261 824.926 816.923 847.851 518.467 861.292 364.255 522.69 288.225 651.036 628.065 267.446 779.607 125.63 825.88 746.514 747.017 700.933 792.955 214.986 375.033 627.444 296.118 97.181 486.849 762.209 511.342 320.833 438.517 787.954 75.73 446.051 409.233 700.621 633.949 233.857 106.399 854.721 983.431 251.14 798.31 952.936 379.415 494.061 469.576 971.974 914.457 510.474 447.846 687.969 426.224
88.323 927.047 135.421 302.743 304.624 304.217 539.182 847.739 656.776 672.4 957.825 382.817 48.049 747.354 735.31 551.73 230.419 292.741 260.108 408.212 176.565 653.263 608.11 336.162 725.133 185.608 98.223 864.569 109.91 136.933 409.09 773.284 557.946 407.581 759.179 743.081 66.466 148.298 36.08 231.059 206.673 854.123 714.278 796.081 1000000000.0 534.336 434.098 406.28 569.444 699.79 299.769 310.615 532.268 905.896 960.769 299.094 992.864 388.547 719.457 130.468 659.802 307.454 402.585 261.817 672.463 979.319 115.591 854.113 109.975 987.222 592.515 738.688 281.735 536.291 88.297 614.963 821.688 349.941 967.096 44.261 13.802 789.074 181.161 235.207 705.467 464.712 254.466 124.502 473.907 317.914 226.588 23.76 781.114 664.978 758.759 16.819 112.831 141.977 186.755 400.384
119.063 277.263 698.967 585.482 769.638 968.695 785.267 72.281 210.138 667.658 443.342 691.132 221.706 548.876 247.302 550.496 564.08 98.8 205.192 987.886 11.289 474.534 162.647 625.039 690.146 448.606 57.485 627.312 1.458 560.743 914.399 722.498 4.844 190.331 283.062 166.025 671.967 119.092 506.172 812.98 582.89 706.717 864.518 958.732 534.336 1000000000.0 41.761 417.245 971.766 479.692 713.039 356.265 312.553 496.206 136.96 107.47 820.693 688.532 686.117 877.931 690.869 13.507 961.276 561.395 68.042 309.306 756.206 158.212 937.055 795.353 602.2 354.505 202.615 845.214 154.493 185.234 138.756 801.757 707.599 66.943 51.33 692.174 362.2 16.5 287.349 268.47 569.628 746.22 886.132 267.777 758.687 83.771 869.675 658.93 942.057 874.367 328.842 581.138 389.563 352.448
650.771 821.22 502.844 914.915 558.198 643.922 175.546 932.426 497.205 558.362 48.455 446.137 351.428 782.537 88.063 781.255 686.333 471.253 33.493 977.986 123.513 525.998 54.487 918.038 803.884 410.779 301.72 13.712 991.951 169.311 326.472 256.676 565.367 407.934 186.793 765.832 398.814 962.112 153.007 856.39 81.78 705.7 369.285 314.421 434.098 41.761 1000000000.0 285.864 578.065 811.22 154.206 781.769 39.799 182.032 895.651 235.151 153.734 342.284 634.742 758.196 743.34 108.121 182.041 844.26 877.919 456.443 989.343 551.591 736.165 775.103 680.666 926.118 275.596 781.862 826.124 817.931 940.118 318.022 808.292 849.419 98.075 699.454 98.082 503.347 949.11 479.529 678.733 539.323 163.7 178.728 203.941 299.342 436.325 254.629 469.109 453.095 217.788 295.916 814.339 315.658
586.24 397.864 851.703 758.991 70.631 927.18 744.025 323.19 596.276 53.436 982.901 974.803 955.857 434.435 902.918 315.122 905.81 636.805 97.831 233.585 154.628 90.554 573.341 352.151 543.892 180.126 907.791 955.721 772.596 700.09 509.473 789.006 279.422 191.181 718.824 906.108 626.58 146.488 841.479 581.07 142.459 430.62 597.959 67.587 406.28 417.245 285.864 1000000000.0 351.95 905.02 546.128 50.649 873.939 785.98 611.459 168.044 723.319 232.397 375.314 30.35 147.481 799.75 391.435 656.333 918.874 984.143 971.075 360.189 48.293 735.224 863.447 536.383 201.401 338.086 692.692 113.838 644.231 623.641 738.218 262.012 330.438 254.175 999.436 402.442 819.552 487.974 757.12 208.815 892.704 820.789 635.123 110.655 373.744 308.353 486.917 295.176 477.732 221.685 984.515 158.58
877.378 658.844 677.334 363.92 798.349 482.276 50.449 516.437 520.345 297.055 887.196 835.715 750.135 632.465 645.193 927.52 674.724 110.968 613.286 81.109 94.609 867.305 80.961 270.651 509.547 920.739 38.967 170.103 410.858 991.909 551.563 113.805 83.521 201.394 113.626 285.328 755.289 505.434 195.103 937.273 730.813 144.632 833.274 41.252 569.444 971.766 578.065 351.95 1000000000.0 746.706 639.826 340.311 891.997 992.128 372.375 579.664 68.678 436.06 397.814 539.056 673.881 772.138 123.849 519.884 632.676 746.693 699.626 550.464 543.737 30.366 52.208 514.169 812.804 619.851 666.852 254.609 805.754 497.224 62.473 355.79 124.055 624.718 85.249 412.665 802.908 319.907 865.343 319.328 690.873 606.183 923.358 769.208 436.729 409.334 329.892 944.071 945.272 920.828 987.688 747.939
811.477 680.178 168.484 945.923 137.219 391.574 42.996 281.384 324.2 352.594 317.139 715.225 618.206 875.222 22.312 517.102 556.093 160.331 737.339 329.603 108.638 185.901 590.119 875.13 589.246 479.705 679.965 997.915 488.645 968.553 167.79 248.083 409.219 939.958 708.705 709.058 697.779 950.353 536.449 600.148 646.736 622.964 811.324 162.261 699.79 479.692 811.22 905.02 746.706 1000000000.0 627.286 272.272 483.846 176.839 942.901 921.871 392.464 519.047 190.292 529.437 17.986 467.556 208.403 64.898 690.585 560.843 368.211 616.38 367.345 968.129 282.284 778.479 157.548 30.6 187.662 764.66 963.49 375.752 144.893 802.538 106.352 419.373 167.538 653.034 629.589 9.323 958.93 306.316 264.632 776.575 799.443 315.421 956.465 656.417 697.201 450.287 374.099 320.736 383.792 919.031
267.61 415.451 269.097 47.054 976.059 12.921 865.652 7.231 696.756 465.113 477.679 499.009 77.813 655.205 927.39 999.412 185.124 569.597 254.867 380.884 994.592 718.021 155.696 870.371 613.59 128.922 964.268 78.57 594.951 671.904 617.284 440.399 989.836 809.942 145.149 129.457 73.48 21.97 561.247 298.117 642.317 681.66 788.697 824.926 299.769 713.039 154.206 546.128 639.826 627.286 1000000000.0 41.27 482.404 333.79 367.405 799.356 346.228 898.705 865.213 97.725 265.904 98.038 15.736 303.938 225.332 740.76 258.07 376.283 522.483 389.782 515.538 984.869 11.398 477.266 54.013 642.125 494.066 8.718 922.99 715.789 335.587 279.236 930.788 532.628 690.351 145.542 4.155 334.694 325.577 947.656 2.621 188.905 381.737 227.299 327.849 949.793 103.387 824.866 981.257 824.509
