100
1000000000.0 428.317 375.374 973.775 425.546 91.417 394.776 837.758 868.441 227.594 465.298 145.727 556.3 911.738 554.877 709.541 935.343 691.037 633.537 759.311 814.049 962.26 257.124 42.797 786.189 496.416 554.915 473.984 865.108 622.629 275.774 961.394 354.684 74.411 147.999 945.091 784.077 211.398 538.171 392.368 712.082 908.956 343.204 589.874 293.839 529.094 13.778 303.629 477.298 135.758 921.567 655.674 372.14 344.621 578.022 297.673 139.39 194.714 808.043 332.187 287.978 781.945 789.623 172.44 508.044 926.524 699.46 656.387 700.428 736.532 543.478 359.136 837.56 335.827 201.104 3.219 805.036 383.387 622.342 726.227 938.688 782.33 768.439 166.854 227.431 371.689 469.659 107.264 782.969 733.02 486.785 294.794 941.692 544.616 292.331 936.499 692.17 342.649 305.396 545.683
428.317 1000000000.0 128.87 487.175 820.152 536.059 481.29 704.971 154.808 815.106 522.65 337.469 473.397 738.325 10.477 116.553 853.458 851.251 129.275 948.879 386.939 827.784 967.433 870.183 288.05 867.432 824.534 932.889 313.787 292.991 994.04 5.308 433.678 918.672 385.069 928.14 341.789 733.676 824.226 511.965 572.041 69.248 367.395 468.723 930.597 747.44 897.463 141.297 493.126 522.59 326.019 620.241 954.869 355.651 601.296 373.582 735.68 574.225 517.966 356.401 373.522 950.492 52.557 267.476 455.831 694.499 820.218 318.731 254.276 550.73 153.07 125.997 312.856 779.874 382.711 182.63 35.656 176.409 242.956 463.364 879.71 965.488 52.682 265.489 377.015 946.548 988.789 864.123 7.172 278.457 323.638 773.934 25.976 683.512 206.002 37.604 287.371 501.901 728.26 126.68
375.374 128.87 1000000000.0 745.711 996.661 5.482 466.144 257.827 872.427 148.253 237.615 517.213 993.412 954.226 618.074 698.638 30.54 457.354 635.846 266.067 755.565 931.974 440.03 4.233 224.574 134.391 267.533 811.796 868.864 993.005 895.401 632.694 242.475 155.334 123.77 736.482 456.751 569.045 940.583 829.825 293.736 381.255 765.792 283.04 998.205 121.127 409.556 562.325 325.521 127.557 581.058 157.59 125.643 814.264 170.872 29.815 854.283 364.858 94.239 318.002 566.54 629.82 790.802 835.703 627.023 896.29 434.844 712.402 872.35 306.236 211.662 317.483 521.48 871.955 20.073 682.782 140.02 498.817 103.422 374.26 919.075 223.131 431.905 19.856 232.639 430.402 5.08 89.16 246.966 368.721 925.961 445.324 5.229 622.238 150.035 74.648 666.551 948.593 526.511 476.766
973.775 487.175 745.711 1000000000.0 591.262 721.698 160.031 850.34 339.319 879.798 911.0 85.022 26.323 197.633 952.841 913.554 323.83 626.415 539.793 428.715 122.18 315.221 810.032 746.894 499.045 899.411 904.239 390.732 726.04 332.582 877.648 636.346 973.197 900.766 599.271 853.332 733.048 615.548 981.431 692.892 672.721 92.432 530.437 755.975 758.19 583.907 643.861 271.468 322.816 58.258 58.985 538.849 496.3 510.819 420.454 351.861 938.445 430.705 262.162 579.894 596.173 300.38 377.727 542.513 716.801 907.086 928.493 159.742 811.074 976.72 341.088 1.739 478.253 454.234 585.966 647.623 514.822 909.01 551.657 421.821 711.771 165.41 507.025 348.416 331.504 60.009 389.862 110.237 824.058 974.613 894.215 568.536 420.714 924.29 340.461 418.977 332.985 187.363 714.694 247.656
425.546 820.152 996.661 591.262 1000000000.0 296.508 331.268 946.591 582.989 325.792 946.301 380.24 651.062 43.787 857.655 168.237 607.983 51.704 206.06 985.632 742.669 38.521 764.674 32.133 398.042 874.769 8.941 892.54 343.302 678.241 115.177 290.95 122.524 914.408 358.137 727.555 993.987 482.615 370.671 546.161 255.293 597.842 381.414 923.312 78.229 439.394 624.303 580.97 177.787 527.8 937.563 53.893 901.593 781.922 704.602 646.946 441.491 215.02 710.464 400.765 636.324 927.103 83.971 167.288 762.846 13.475 877.485 838.978 890.804 191.968 226.308 81.528 700.185 225.237 27.48 803.012 993.32 618.921 931.748 565.403 425.799 63.909 582.909 939.952 51.95 593.115 135.18 237.132 448.782 439.589 369.043 334.091 576.662 80.119 181.462 527.565 397.536 808.204 553.431 492.819
91.417 536.059 5.482 721.698 296.508 1000000000.0 611.593 319.914 428.431 338.448 600.06 575.853 484.437 430.786 184.603 420.61 55.521 526.351 596.915 770.414 69.122 97.427 514.105 908.508 456.653 671.259 247.214 375.96 48.88 600.468 133.844 603.207 996.923 68.264 409.186 228.213 538.484 894.708 561.525 830.229 770.611 694.796 179.649 259.76 178.847 176.097 549.235 134.846 157.813 476.241 676.351 398.052 32.911 451.941 853.137 825.73 67.78 564.232 718.164 339.757 648.069 132.067 288.936 287.375 804.95 142.113 114.731 56.503 903.35 289.279 87.247 439.294 882.742 625.442 754.07 663.105 300.291 983.254 938.743 347.485 915.12 922.853 970.677 50.416 115.417 131.527 401.17 168.068 906.639 853.357 147.11 929.64 910.42 808.68 611.928 610.793 828.094 994.247 662.757 306.682
394.776 481.29 466.144 160.031 331.268 611.593 1000000000.0 173.737 905.513 293.691 409.28 449.882 57.756 108.311 904.342 538.703 122.827 530.547 366.675 721.105 752.397 178.561 554.742 878.691 731.581 402.828 840.925 820.293 473.415 116.902 564.985 612.31 289.333 610.817 456.239 111.569 423.039 603.608 474.506 801.506 212.167 47.323 399.072 817.032 222.429 797.517 178.993 963.024 917.219 846.876 740.215 879.433 680.686 150.517 165.226 290.249 730.987 64.495 492.561 508.29 6.019 561.547 521.258 674.995 184.502 882.977 392.034 520.181 163.353 228.826 580.446 578.722 977.284 384.46 813.957 454.817 940.699 118.558 138.665 538.808 226.706 881.383 335.452 972.613 363.976 141.109 205.6 83.994 688.733 714.866 603.6 773.892 797.81 860.919 611.661 638.155 546.761 527.791 741.506 916.57
837.758 704.971 257.827 850.34 946.591 319.914 173.737 1000000000.0 180.262 585.703 78.149 670.184 61.221 109.374 651.878 741.36 735.484 507.85 487.11 447.85 25.504 491.456 720.743 135.823 709.779 457.427 113.103 759.804 339.17 963.892 505.204 996.296 465.945 559.634 961.592 68.917 902.861 457.009 730.395 895.579 642.617 891.611 759.823 126.978 343.644 30.998 884.931 350.026 478.675 794.383 126.586 364.954 606.552 952.494 697.609 489.936 77.432 437.609 299.083 593.7 909.588 715.735 170.109 277.36 491.052 898.929 749.191 176.629 201.309 121.737 61.713 864.729 500.263 351.698 202.319 715.742 134.491 295.93 781.228 978.032 746.43 60.18 969.878 122.092 415.238 104.82 488.058 191.874 419.743 229.934 548.729 962.128 315.77 618.82 810.274 153.263 440.036 703.205 972.288 463.607
868.441 154.808 872.427 339.319 582.989 428.431 905.513 180.262 1000000000.0 918.748 864.967 991.503 104.695 978.941 419.118 353.695 593.42 997.435 820.547 333.079 557.867 649.987 970.466 737.183 549.07 106.462 504.53 567.555 485.28 913.874 297.98 579.211 665.69 272.42 14.611 635.441 182.712 125.967 708.605 527.229 139.198 506.812 997.284 102.265 606.556 674.573 355.385 258.033 761.758 505.683 101.172 396.214 708.381 485.077 195.757 146.869 640.913 580.139 518.615 693.319 946.448 17.349 864.367 277.647 889.103 513.703 487.719 982.919 105.89 343.206 647.259 934.992 377.199 870.63 642.241 77.74 499.125 265.091 64.651 396.485 42.882 792.305 628.499 197.824 593.292 201.014 443.201 185.814 261.16 15.315 335.804 963.385 837.583 294.461 678.502 565.532 391.223 733.456 484.472 677.003
227.594 815.106 148.253 879.798 325.792 338.448 293.691 585.703 918.748 1000000000.0 776.893 122.372 860.757 633.287 124.169 394.945 77.151 278.28 293.123 54.645 202.766 488.427 207.018 962.152 845.467 112.208 210.794 643.658 368.348 996.563 837.085 407.622 501.593 997.137 24.005 23.302 169.701 315.908 201.54 326.257 377.14 573.746 108.801 926.627 754.504 223.298 658.492 581.29 150.623 553.393 106.838 312.828 943.943 153.946 270.503 263.248 859.051 244.03 721.517 887.782 167.385 322.211 517.491 219.449 159.971 176.896 319.42 94.567 970.87 407.418 480.279 945.005 432.977 603.349 745.025 275.607 945.699 697.729 239.08 167.014 402.548 10.598 294.64 530.753 330.719 984.387 42.375 579.226 480.59 781.926 307.1 701.74 181.092 832.623 351.055 284.774 974.69 336.929 147.473 5.582
465.298 522.65 237.615 911.0 946.301 600.06 409.28 78.149 864.967 776.893 1000000000.0 453.145 625.976 89.598 930.824 302.885 680.469 304.408 757.818 865.512 962.211 238.015 698.055 647.971 98.256 16.689 636.784 669.288 675.569 953.206 854.482 13.246 912.942 654.703 500.338 324.508 706.761 100.611 947.789 859.043 147.585 532.498 348.279 81.237 397.053 735.934 155.273 20.074 488.516 193.38 449.852 384.622 405.637 143.596 169.567 439.84 810.95 763.862 840.224 766.655 272.577 520.731 382.419 237.74 881.118 184.907 626.474 166.542 153.181 978.588 95.741 750.478 27.165 113.801 256.425 967.829 191.035 973.153 658.602 256.307 98.365 111.798 783.488 909.795 750.505 835.969 315.343 280.006 645.513 948.798 434.213 597.938 290.617 984.002 707.675 864.068 924.543 466.117 537.019 699.268
145.727 337.469 517.213 85.022 380.24 575.853 449.882 670.184 991.503 122.372 453.145 1000000000.0 839.53 959.203 945.588 434.396 62.694 235.511 194.809 710.638 747.788 565.486 569.727 349.389 989.936 545.792 958.595 844.299 470.716 148.467 585.14 694.514 485.821 560.389 346.722 811.023 416.066 907.77 280.362 807.541 303.06 55.626 866.52 982.109 903.389 959.452 889.319 628.066 85.491 812.407 558.025 263.873 97.105 576.747 716.501 116.671 491.698 254.86 840.732 819.322 352.336 609.093 494.162 503.936 714.9 594.38 519.293 451.448 823.549 665.061 924.451 267.771 271.683 400.822 842.499 1.392 485.197 680.327 490.471 91.348 640.343 499.31 626.697 761.338 621.26 527.526 319.616 190.198 473.895 499.086 660.38 148.854 674.338 481.637 522.607 443.327 221.392 684.498 440.757 98.143
556.3 473.397 993.412 26.323 651.062 484.437 57.756 61.221 104.695 860.757 625.976 839.53 1000000000.0 826.578 362.002 18.631 164.785 741.082 216.355 723.777 458.722 684.462 660.527 653.895 187.669 859.465 765.811 45.617 405.285 659.712 883.454 808.332 215.024 717.293 757.896 913.665 102.339 818.218 346.225 833.042 804.958 807.169 681.228 658.256 461.677 132.374 2.303 131.563 939.646 361.268 59.339 455.146 534.443 514.097 432.661 947.195 125.568 888.829 599.076 829.271 274.579 83.724 933.631 834.425 321.421 289.636 515.378 944.62 190.023 778.845 725.151 676.413 956.944 742.659 321.702 442.299 906.302 263.99 705.354 509.294 546.596 699.507 593.786 356.18 251.519 550.283 414.006 408.67 386.249 148.67 672.474 250.099 296.773 164.977 759.447 81.667 483.908 476.708 624.188 352.115
911.738 738.325 954.226 197.633 43.787 430.786 108.311 109.374 978.941 633.287 89.598 959.203 826.578 1000000000.0 232.178 163.693 319.684 331.952 214.908 35.768 713.225 695.323 673.809 242.246 616.323 403.646 828.703 806.716 225.718 420.724 894.224 755.986 309.653 907.424 871.969 374.223 357.929 784.382 418.049 286.856 907.804 439.126 387.869 750.125 30.867 479.921 263.295 921.788 323.006 364.457 426.114 166.127 288.019 70.363 88.302 728.761 448.457 640.125 136.096 62.954 138.971 36.836 879.451 913.002 1.752 964.718 744.129 801.287 165.584 224.288 961.899 785.677 496.796 617.555 127.904 379.974 359.023 600.59 874.017 177.909 175.74 647.687 579.645 556.271 532.932 20.189 341.756 169.739 264.186 26.649 130.29 978.407 440.366 38.299 396.563 704.362 17.461 724.128 479.998 553.957
554.877 10.477 618.074 952.841 857.655 184.603 904.342 651.878 419.118 124.169 930.824 945.588 362.002 232.178 1000000000.0 472.885 907.9 590.343 735.44 940.682 323.769 787.158 985.478 849.554 753.502 249.473 302.134 509.952 229.679 618.535 414.729 635.148 480.52 110.44 681.597 862.499 768.246 773.88 99.347 376.162 627.23 768.807 470.405 274.495 998.348 641.882 74.492 354.099 344.97 68.722 490.919 257.058 300.117 559.17 26.406 909.907 773.932 208.52 791.247 284.662 172.426 497.494 574.316 833.826 883.471 941.051 803.02 792.989 903.506 379.374 131.64 489.332 410.414 310.663 224.028 500.857 738.532 538.225 455.093 651.071 302.262 786.885 950.937 314.315 8.764 457.867 640.311 526.427 769.59 505.269 478.23 787.797 637.626 638.818 744.397 343.186 759.731 753.184 882.288 535.166
709.541 116.553 698.638 913.554 168.237 420.61 538.703 741.36 353.695 394.945 302.885 434.396 18.631 163.693 472.885 1000000000.0 976.083 87.059 902.177 822.627 451.567 23.304 276.041 628.647 901.473 408.074 583.155 120.342 109.169 909.244 366.896 565.949 529.716 454.643 292.993 14.353 535.483 207.29 788.549 651.315 214.055 479.22 344.306 808.349 203.218 137.575 549.417 541.638 132.615 557.78 893.344 407.005 677.435 448.067 83.774 771.476 900.653 908.37 611.486 441.749 570.568 910.304 224.798 255.651 584.783 907.608 852.142 432.782 510.533 421.923 433.426 18.613 361.966 171.403 505.243 365.763 559.654 741.484 543.487 196.335 969.036 582.431 709.761 891.428 538.978 970.478 758.527 510.59 524.759 799.614 351.332 524.363 442.624 617.563 729.197 641.632 305.991 809.236 672.491 984.908
935.343 853.458 30.54 323.83 607.983 55.521 122.827 735.484 593.42 77.151 680.469 62.694 164.785 319.684 907.9 976.083 1000000000.0 469.418 530.604 205.559 302.303 955.488 320.783 336.74 40.102 493.365 423.243 654.678 15.003 349.614 497.239 535.956 38.46 682.111 835.625 925.451 153.736 835.532 60.868 313.647 585.299 35.627 768.066 591.306 186.919 621.533 437.475 708.431 370.491 821.094 988.594 111.227 683.392 15.38 40.565 353.743 772.562 751.199 610.844 291.691 344.09 611.624 926.715 437.325 879.146 128.327 636.875 169.756 929.43 843.611 507.578 335.478 736.768 285.046 208.779 251.685 106.932 955.294 547.57 735.699 590.3 960.289 217.996 963.647 880.631 929.735 777.131 582.609 595.415 872.306 364.855 654.075 231.19 206.409 392.06 129.001 619.532 743.929 851.303 121.202
691.037 851.251 457.354 626.415 51.704 526.351 530.547 507.85 997.435 278.28 304.408 235.511 741.082 331.952 590.343 87.059 469.418 1000000000.0 185.195 765.701 166.024 970.25 548.225 484.515 230.202 576.754 795.664 653.319 814.013 816.072 664.724 713.351 773.877 846.384 5.301 227.937 874.7 555.3 535.764 184.479 85.684 127.344 812.216 587.992 536.888 841.539 840.115 482.637 937.338 284.796 769.33 914.789 817.831 327.175 157.272 691.848 565.544 261.532 328.936 578.366 988.536 578.362 298.871 747.86 595.978 801.261 910.235 369.853 555.083 35.993 499.951 987.395 933.548 624.57 210.677 729.632 483.267 82.705 815.086 413.727 685.064 910.794 579.592 395.343 737.115 959.499 132.947 240.91 528.33 673.937 926.397 558.181 60.989 708.737 264.607 452.823 687.029 920.609 327.399 84.406
633.537 129.275 635.846 539.793 206.06 596.915 366.675 487.11 820.547 293.123 757.818 194.809 216.355 214.908 735.44 902.177 530.604 185.195 1000000000.0 916.464 925.353 632.129 600.786 178.808 779.548 347.126 17.855 575.617 85.718 721.586 363.766 386.931 61.22 860.304 951.7 758.606 402.023 393.948 934.863 359.468 890.83 713.756 91.624 894.409 751.05 902.708 319.366 840.574 749.653 211.762 130.603 33.884 929.786 931.831 704.605 486.754 748.173 703.392 123.122 235.397 962.554 722.56 670.964 240.341 671.95 561.736 167.703 859.936 425.074 972.754 604.57 644.086 911.501 943.05 510.876 93.237 35.024 676.155 47.923 254.046 955.192 123.714 86.441 508.04 174.125 980.551 238.714 842.146 627.589 774.641 804.707 394.63 518.893 837.806 428.502 591.389 654.874 655.347 698.688 711.907
759.311 948.879 266.067 428.715 985.632 770.414 721.105 447.85 333.079 54.645 865.512 710.638 723.777 35.768 940.682 822.627 205.559 765.701 916.464 1000000000.0 880.601 90.555 376.58 408.948 743.248 527.596 984.561 133.888 328.41 678.188 775.774 966.77 629.993 843.978 117.019 957.38 223.011 390.616 290.266 340.838 934.245 567.613 598.479 149.613 445.286 155.886 666.581 65.603 91.64 30.481 120.994 923.608 363.21 364.978 583.71 445.187 362.137 202.757 585.417 266.915 802.88 245.523 106.197 290.114 114.85 248.2 426.652 115.976 441.495 180.892 705.815 921.138 999.182 596.744 729.958 215.207 740.858 162.489 728.432 31.25 149.175 976.736 495.346 597.599 132.609 824.57 470.051 250.02 496.537 58.805 762.309 998.818 325.811 332.641 459.787 559.241 92.123 899.376 11.456 997.486
814.049 386.939 755.565 122.18 742.669 69.122 752.397 25.504 557.867 202.766 962.211 747.788 458.722 713.225 323.769 451.567 302.303 166.024 925.353 880.601 1000000000.0 860.071 497.577 770.645 53.887 151.926 414.858 805.87 432.615 470.766 103.113 167.97 462.109 786.558 66.931 121.19 912.789 80.14 823.49 346.671 660.554 894.689 300.351 743.254 663.948 532.507 264.742 938.464 51.886 625.765 462.161 126.737 817.374 755.002 911.677 637.214 587.626 368.739 622.687 66.801 628.953 711.487 938.085 220.07 569.14 863.548 290.966 842.516 530.527 738.667 761.444 399.148 383.604 883.64 470.343 349.264 702.464 437.972 614.03 776.453 990.266 9.887 810.333 143.235 189.562 31.731 942.908 190.17 639.527 808.547 494.353 958.842 875.996 541.768 380.591 421.982 629.282 655.592 725.262 864.398
962.26 827.784 931.974 315.221 38.521 97.427 178.561 491.456 649.987 488.427 238.015 565.486 684.462 695.323 787.158 23.304 955.488 970.25 632.129 90.555 860.071 1000000000.0 316.819 803.707 735.181 16.843 425.457 719.764 995.478 588.193 179.289 142.819 228.962 122.446 520.222 462.248 562.384 532.86 750.373 646.145 888.044 485.79 393.444 861.8 839.753 829.07 71.121 32.886 483.502 495.462 535.648 416.015 792.163 595.08 734.711 167.24 615.453 287.144 868.679 522.799 309.97 571.166 546.578 793.366 632.822 713.074 516.986 406.811 573.311 886.909 420.262 687.424 944.257 772.239 19.422 748.157 604.55 552.124 567.525 950.351 65.516 581.655 432.897 983.717 209.005 176.599 49.937 596.132 697.834 303.325 809.966 31.114 44.472 190.166 959.125 697.261 412.033 886.906 976.185 490.871
257.124 967.433 440.03 810.032 764.674 514.105 554.742 720.743 970.466 207.018 698.055 569.727 660.527 673.809 985.478 276.041 320.783 548.225 600.786 376.58 497.577 316.819 1000000000.0 9.749 579.153 586.042 859.741 279.636 515.538 334.735 384.338 532.843 368.363 682.576 379.686 413.155 580.699 136.49 331.182 776.676 944.774 11.504 533.079 246.875 850.646 458.637 814.949 644.068 61.928 617.395 29.891 87.664 941.025 715.596 744.513 281.253 588.872 586.592 73.602 969.079 274.235 156.022 111.113 926.546 812.101 726.312 609.307 609.966 95.624 457.931 405.185 230.064 641.43 338.737 862.041 482.106 881.742 212.246 633.275 978.238 900.234 154.612 994.924 768.339 733.455 961.86 76.167 844.152 517.289 180.581 925.428 743.779 322.291 835.612 591.059 195.419 869.119 880.545 87.615 263.225
42.797 870.183 4.233 746.894 32.133 908.508 878.691 135.823 737.183 962.152 647.971 349.389 653.895 242.246 849.554 628.647 336.74 484.515 178.808 408.948 770.645 803.707 9.749 1000000000.0 718.887 16.98 21.608 509.367 542.171 162.154 640.166 581.964 612.666 747.298 198.231 991.761 462.247 447.271 846.858 683.487 69.86 583.447 679.634 256.823 347.251 235.195 212.49 56.353 854.067 504.152 90.944 375.537 502.505 510.259 229.652 389.655 169.941 764.516 600.422 94.14 922.799 914.759 341.3 274.341 60.321 559.062 810.161 620.184 251.243 911.385 823.067 171.083 349.037 696.154 201.666 140.467 568.656 837.751 232.236 760.196 702.851 572.531 201.105 137.982 202.636 774.636 105.35 363.423 918.764 502.723 200.636 336.211 834.643 500.798 436.067 756.335 13.638 980.139 60.547 798.892
786.189 288.05 224.574 499.045 398.042 456.653 731.581 709.779 549.07 845.467 98.256 989.936 187.669 616.323 753.502 901.473 40.102 230.202 779.548 743.248 53.887 735.181 579.153 718.887 1000000000.0 911.023 865.264 389.392 878.631 663.824 813.788 319.575 652.864 692.822 436.829 677.951 653.573 764.895 133.61 390.157 502.543 677.516 647.115 22.999 704.269 778.279 469.965 238.508 576.168 170.973 7.42 572.89 870.557 157.814 228.168 953.172 583.15 685.003 330.882 939.093 217.604 815.219 939.607 710.243 214.004 773.649 875.93 690.217 24.0 977.082 811.339 288.057 47.569 894.508 342.227 176.833 783.491 113.776 137.411 425.99 216.011 409.788 425.321 268.934 904.105 108.316 685.173 713.85 218.515 934.396 158.352 260.863 6.538 814.198 207.937 441.336 726.145 360.365 721.816 261.417
496.416 867.432 134.391 899.411 874.769 671.259 402.828 457.427 106.462 112.208 16.689 545.792 859.465 403.646 249.473 408.074 493.365 576.754 347.126 527.596 151.926 16.843 586.042 16.98 911.023 1000000000.0 692.972 78.533 56.812 32.566 571.247 962.09 793.757 851.556 721.26 638.31 259.12 170.573 254.965 299.602 138.41 703.126 906.694 15.086 744.951 987.404 400.036 750.807 572.17 78.689 11.089 581.737 284.242 760.327 611.824 133.679 839.273 482.842 900.478 919.272 704.864 323.616 185.232 739.312 490.686 303.585 834.11 367.709 865.405 25.97 668.162 332.582 51.309 347.354 640.541 207.232 191.157 588.375 240.979 383.195 539.892 480.509 131.978 284.271 237.221 278.695 864.97 95.61 432.74 392.457 810.386 298.081 542.898 157.088 324.801 597.288 60.366 803.606 592.677 482.635
554.915 824.534 267.533 904.239 8.941 247.214 840.925 113.103 504.53 210.794 636.784 958.595 765.811 828.703 302.134 583.155 423.243 795.664 17.855 984.561 414.858 425.457 859.741 21.608 865.264 692.972 1000000000.0 363.753 103.443 801.711 232.644 372.807 974.665 184.044 637.119 816.781 44.861 252.296 393.259 37.898 207.938 387.803 252.708 713.998 507.583 976.189 467.925 611.549 497.77 852.863 752.482 931.585 847.217 933.158 779.827 35.632 422.653 427.285 422.209 510.041 936.043 584.426 848.719 387.637 259.091 659.215 964.079 642.183 657.716 704.912 196.203 252.609 470.202 575.51 730.051 769.04 875.241 999.374 952.785 940.886 294.518 388.662 313.63 371.078 877.341 568.264 86.288 440.031 465.039 382.052 107.918 457.946 765.48 483.612 335.925 314.521 842.753 215.045 193.493 720.558
473.984 932.889 811.796 390.732 892.54 375.96 820.293 759.804 567.555 643.658 669.288 844.299 45.617 806.716 509.952 120.342 654.678 653.319 575.617 133.888 805.87 719.764 279.636 509.367 389.392 78.533 363.753 1000000000.0 700.14 281.927 803.755 64.886 722.286 721.223 571.827 917.184 541.077 362.586 29.219 342.857 929.559 683.056 484.342 614.303 439.328 465.308 255.708 187.48 532.255 510.935 28.042 950.714 556.737 368.281 668.78 838.05 497.81 489.461 821.04 403.395 189.484 538.737 809.969 297.14 316.944 627.547 433.635 408.766 537.497 387.075 336.969 491.255 619.631 208.198 634.29 519.996 895.004 912.3 728.482 602.945 117.424 23.784 825.292 139.946 977.977 307.586 869.356 566.583 326.11 336.733 797.268 346.503 116.923 922.853 605.053 963.41 905.929 394.435 620.485 692.354
865.108 313.787 868.864 726.04 343.302 48.88 473.415 339.17 485.28 368.348 675.569 470.716 405.285 225.718 229.679 109.169 15.003 814.013 85.718 328.41 432.615 995.478 515.538 542.171 878.631 56.812 103.443 700.14 1000000000.0 270.201 558.631 774.822 796.872 606.779 513.514 943.697 604.856 62.071 937.871 663.344 866.141 998.445 345.487 200.919 270.445 755.438 541.968 743.61 987.282 735.082 632.602 307.567 474.256 849.31 498.745 995.912 502.511 366.701 658.637 918.789 756.106 482.135 573.134 762.698 710.128 850.826 436.654 124.226 844.506 548.403 919.654 400.564 808.709 621.788 772.673 179.441 502.075 603.251 352.887 411.73 201.673 315.075 82.627 239.536 110.49 810.181 529.24 330.986 223.145 466.303 361.286 508.504 467.204 43.114 10.762 515.898 458.995 736.165 418.723 56.099
622.629 292.991 993.005 332.582 678.241 600.468 116.902 963.892 913.874 996.563 953.206 148.467 659.712 420.724 618.535 909.244 349.614 816.072 721.586 678.188 470.766 588.193 334.735 162.154 663.824 32.566 801.711 281.927 270.201 1000000000.0 917.379 269.47 490.386 133.641 750.252 479.201 661.709 455.025 782.528 657.613 134.371 306.47 94.744 194.695 705.212 331.357 590.729 463.944 630.109 535.294 271.726 903.667 678.086 983.037 589.059 833.697 661.371 300.626 367.077 239.391 658.895 13.105 3.975 364.309 720.024 635.934 899.299 602.951 738.139 463.013 282.847 775.207 93.726 751.503 266.186 908.391 719.655 152.39 877.742 954.094 379.653 900.703 870.428 312.368 218.032 761.781 898.885 807.812 352.644 137.604 102.543 188.922 352.083 902.251 379.536 75.54 244.975 349.049 92.133 56.058
275.774 994.04 895.401 877.648 115.177 133.844 564.985 505.204 297.98 837.085 854.482 585.14 883.454 894.224 414.729 366.896 497.239 664.724 363.766 775.774 103.113 179.289 384.338 640.166 813.788 571.247 232.644 803.755 558.631 917.379 1000000000.0 50.516 745.799 693.474 417.428 917.073 382.159 434.736 461.021 916.604 983.616 782.732 796.669 263.379 4.226 792.274 738.295 997.879 279.733 730.869 137.117 930.734 594.225 766.123 166.304 677.806 344.521 577.188 795.25 726.562 841.994 233.531 702.598 480.046 646.105 133.83 788.282 199.596 732.82 970.34 378.79 411.227 743.008 717.795 325.807 489.248 121.391 655.392 84.513 96.707 860.307 523.774 711.269 121.601 922.767 486.159 959.945 583.775 461.039 500.231 87.977 590.492 954.488 702.714 596.267 273.28 17.804 137.438 908.815 868.425
961.394 5.308 632.694 636.346 290.95 603.207 612.31 996.296 579.211 407.622 13.246 694.514 808.332 755.986 635.148 565.949 535.956 713.351 386.931 966.77 167.97 142.819 532.843 581.964 319.575 962.09 372.807 64.886 774.822 269.47 50.516 1000000000.0 790.396 897.704 219.538 808.425 910.852 936.916 761.369 73.989 407.155 680.82 375.011 647.155 78.732 944.248 239.928 561.073 298.935 318.966 589.784 771.185 491.809 696.955 888.024 369.742 862.141 983.836 932.826 347.484 793.354 348.066 158.781 249.504 893.427 587.375 307.748 569.614 332.882 357.968 859.967 918.616 157.848 201.833 413.775 710.619 639.535 504.896 318.382 470.138 657.672 987.102 471.787 11.087 421.89 493.484 355.982 660.631 360.925 509.646 509.782 798.453 323.154 114.17 343.32 975.891 509.28 998.566 259.821 484.619
354.684 433.678 242.475 973.197 122.524 996.923 289.333 465.945 665.69 501.593 912.942 485.821 215.024 309.653 480.52 529.716 38.46 773.877 61.22 629.993 462.109 228.962 368.363 612.666 652.864 793.757 974.665 722.286 796.872 490.386 745.799 790.396 1000000000.0 755.172 127.75 322.104 370.375 4.264 396.464 117.443 406.764 399.293 703.251 776.141 415.277 930.182 694.44 957.177 156.464 978.676 472.268 480.596 191.832 993.275 532.078 808.26 975.244 541.702 810.566 225.772 626.777 693.051 216.794 562.245 320.15 138.004 555.739 115.896 469.317 138.491 983.382 243.965 91.254 998.424 55.405 594.696 117.824 980.224 944.663 760.574 275.032 58.421 559.921 690.757 373.59 575.774 32.176 413.088 622.706 384.281 433.799 894.798 430.269 156.513 182.952 606.388 409.289 202.2 568.869 247.416
74.411 918.672 155.334 900.766 914.408 68.264 610.817 559.634 272.42 997.137 654.703 560.389 717.293 907.424 110.44 454.643 682.111 846.384 860.304 843.978 786.558 122.446 682.576 747.298 692.822 851.556 184.044 721.223 606.779 133.641 693.474 897.704 755.172 1000000000.0 349.377 303.624 422.613 339.936 244.79 897.311 678.368 354.227 982.875 807.359 256.496 17.337 933.266 87.052 68.306 982.358 54.951 789.229 547.695 513.753 601.388 210.765 348.357 937.146 86.064 821.986 938.917 177.906 528.712 915.663 341.041 468.589 460.565 652.438 252.425 665.377 320.952 519.065 194.255 553.8 615.816 400.124 715.189 439.667 608.048 161.785 160.721 974.541 626.018 845.014 425.031 838.884 990.993 780.909 682.608 573.325 408.139 773.174 995.6 377.96 231.405 337.828 999.38 182.406 764.135 663.394
147.999 385.069 123.77 599.271 358.137 409.186 456.239 961.592 14.611 24.005 500.338 346.722 757.896 871.969 681.597 292.993 835.625 5.301 951.7 117.019 66.931 520.222 379.686 198.231 436.829 721.26 637.119 571.827 513.514 750.252 417.428 219.538 127.75 349.377 1000000000.0 428.394 829.582 9.098 390.122 45.584 498.27 771.882 960.074 957.911 708.913 486.301 347.389 55.954 81.215 911.592 787.048 346.633 936.557 870.812 640.307 504.303 131.292 73.475 826.817 350.246 36.015 126.972 278.415 508.623 707.87 574.341 273.059 634.889 767.126 868.253 43.908 844.798 68.037 115.957 690.995 17.197 965.066 348.923 411.069 713.328 596.52 316.734 69.203 414.742 475.293 488.934 266.671 663.653 599.761 922.568 948.677 567.036 274.119 294.385 640.988 12.004 746.982 756.149 662.356 445.61
945.091 928.14 736.482 853.332 727.555 228.213 111.569 68.917 635.441 23.302 324.508 811.023 913.665 374.223 862.499 14.353 925.451 227.937 758.606 957.38 121.19 462.248 413.155 991.761 677.951 638.31 816.781 917.184 943.697 479.201 917.073 808.425 322.104 303.624 428.394 1000000000.0 440.438 902.835 141.483 984.887 12.706 604.932 22.557 73.346 121.04 866.311 286.744 254.048 248.936 447.277 120.479 997.728 516.794 983.202 475.579 98.817 406.279 887.23 297.639 900.003 335.221 801.493 75.169 260.884 383.959 84.166 147.315 300.02 119.346 61.416 657.792 988.945 150.138 151.07 131.831 471.972 516.278 409.997 376.708 115.386 469.611 242.267 739.091 521.185 224.214 51.035 588.031 189.068 783.848 58.441 350.953 1.152 755.23 600.57 58.987 365.132 325.892 15.13 588.326 650.52
784.077 341.789 456.751 733.048 993.987 538.484 423.039 902.861 182.712 169.701 706.761 416.066 102.339 357.929 768.246 535.483 153.736 874.7 402.023 223.011 912.789 562.384 580.699 462.247 653.573 259.12 44.861 541.077 604.856 661.709 382.159 910.852 370.375 422.613 829.582 440.438 1000000000.0 640.647 334.098 975.805 80.478 709.21 101.413 617.551 843.7 729.036 606.292 252.833 76.853 155.61 491.058 823.516 615.18 306.859 113.557 137.182 747.29 719.86 12.663 893.976 382.441 228.16 171.615 724.078 423.791 753.883 296.565 74.148 814.92 127.096 30.231 613.089 241.515 587.569 184.49 819.191 133.423 643.777 71.093 964.424 226.021 852.763 123.201 847.933 807.195 802.991 132.701 798.601 193.816 35.726 676.377 474.429 396.068 766.313 43.64 198.897 740.028 337.207 75.7 487.589
211.398 733.676 569.045 615.548 482.615 894.708 603.608 457.009 125.967 315.908 100.611 907.77 818.218 784.382 773.88 207.29 835.532 555.3 393.948 390.616 80.14 532.86 136.49 447.271 764.895 170.573 252.296 362.586 62.071 455.025 434.736 936.916 4.264 339.936 9.098 902.835 640.647 1000000000.0 697.957 180.966 301.96 354.31 47.601 248.533 246.156 23.115 109.356 17.852 879.661 692.318 582.619 738.962 817.7 357.89 399.924 288.004 109.783 572.894 809.955 619.469 308.436 454.158 201.041 789.624 459.231 874.058 974.281 966.37 978.91 20.089 187.861 404.096 901.265 53.789 881.92 531.124 242.256 926.825 329.507 706.773 643.618 872.158 900.107 625.819 699.595 610.14 529.799 210.037 854.62 357.952 999.063 955.519 516.546 311.068 30.862 433.654 265.239 624.844 635.2 539.689
538.171 824.226 940.583 981.431 370.671 561.525 474.506 730.395 708.605 201.54 947.789 280.362 346.225 418.049 99.347 788.549 60.868 535.764 934.863 290.266 823.49 750.373 331.182 846.858 133.61 254.965 393.259 29.219 937.871 782.528 461.021 761.369 396.464 244.79 390.122 141.483 334.098 697.957 1000000000.0 427.108 459.941 672.571 579.72 796.407 527.777 58.573 88.841 567.778 391.618 298.93 695.85 560.809 182.82 523.604 179.739 660.343 145.286 960.347 908.651 294.784 300.269 594.134 481.016 630.627 799.407 962.129 477.358 273.177 697.819 416.768 394.267 853.795 966.341 554.06 954.631 905.343 933.541 339.283 281.687 272.04 102.652 932.101 331.393 418.945 38.369 906.691 460.312 562.717 265.351 585.998 19.099 958.499 804.449 263.468 186.555 832.717 92.895 468.799 899.63 608.995
392.368 511.965 829.825 692.892 546.161 830.229 801.506 895.579 527.229 326.257 859.043 807.541 833.042 286.856 376.162 651.315 313.647 184.479 359.468 340.838 346.671 646.145 776.676 683.487 390.157 299.602 37.898 342.857 663.344 657.613 916.604 73.989 117.443 897.311 45.584 984.887 975.805 180.966 427.108 1000000000.0 530.886 846.249 248.667 695.96 420.334 842.647 482.112 43.405 29.288 608.078 231.007 208.262 512.128 912.033 22.542 745.118 995.805 985.541 128.974 18.046 244.081 547.217 706.24 658.236 293.294 297.379 510.841 187.925 222.486 467.752 721.763 646.539 267.602 513.747 845.789 476.483 478.099 452.34 324.165 506.813 198.117 968.688 571.375 946.413 353.092 533.063 180.569 225.985 697.494 396.223 919.797 834.203 894.936 934.018 732.355 649.299 495.967 504.428 653.577 822.626
712.082 572.041 293.736 672.721 255.293 770.611 212.167 642.617 139.198 377.14 147.585 303.06 804.958 907.804 627.23 214.055 585.299 85.684 890.83 934.245 660.554 888.044 944.774 69.86 502.543 138.41 207.938 929.559 866.141 134.371 983.616 407.155 406.764 678.368 498.27 12.706 80.478 301.96 459.941 530.886 1000000000.0 504.609 804.499 638.095 77.374 518.015 689.973 96.165 876.588 220.244 926.472 771.094 971.478 312.992 349.476 254.214 755.023 833.71 668.395 87.91 371.826 913.263 994.276 472.556 93.871 34.048 857.091 760.716 656.049 788.718 73.795 380.357 60.308 590.627 924.284 245.811 880.841 223.906 98.3 444.373 17.811 151.246 400.513 334.819 721.367 904.415 545.617 646.999 75.576 519.377 395.371 156.198 731.802 735.076 749.356 199.627 356.681 887.167 859.492 967.211
908.956 69.248 381.255 92.432 597.842 694.796 47.323 891.611 506.812 573.746 532.498 55.626 807.169 439.126 768.807 479.22 35.627 127.344 713.756 567.613 894.689 485.79 11.504 583.447 677.516 703.126 387.803 683.056 998.445 306.47 782.732 680.82 399.293 354.227 771.882 604.932 709.21 354.31 672.571 846.249 504.609 1000000000.0 502.625 231.082 116.964 506.645 845.144 689.556 977.368 23.893 436.433 654.902 311.866 618.882 371.548 128.985 261.957 636.705 431.488 756.943 886.244 462.101 622.792 852.882 576.493 451.408 564.473 425.744 909.296 923.494 81.739 111.853 246.345 911.845 161.229 64.945 831.478 99.696 955.04 760.074 251.38 828.697 588.155 860.507 870.204 790.054 868.061 679.509 896.865 487.58 89.229 560.898 522.947 426.969 957.83 405.063 315.76 267.444 726.401 466.655
343.204 367.395 765.792 530.437 381.414 179.649 399.072 759.823 997.284 108.801 348.279 866.52 681.228 387.869 470.405 344.306 768.066 812.216 91.624 598.479 300.351 393.444 533.079 679.634 647.115 906.694 252.708 484.342 345.487 94.744 796.669 375.011 703.251 982.875 960.074 22.557 101.413 47.601 579.72 248.667 804.499 502.625 1000000000.0 60.839 197.7 521.644 256.989 697.833 692.509 764.147 905.118 186.768 283.748 597.164 243.404 443.977 254.774 139.007 268.275 921.595 170.653 953.406 320.401 403.438 436.1 421.137 373.036 773.67 452.929 784.937 302.966 923.82 719.183 761.657 680.318 928.228 512.636 529.165 462.433 554.547 990.632 996.453 786.344 391.395 352.748 919.909 831.602 548.865 337.611 828.372 864.164 267.147 662.66 732.046 341.519 951.617 187.858 989.447 716.996 997.057
589.874 468.723 283.04 755.975 923.312 259.76 817.032 126.978 102.265 926.627 81.237 982.109 658.256 750.125 274.495 808.349 591.306 587.992 894.409 149.613 743.254 861.8 246.875 256.823 22.999 15.086 713.998 614.303 200.919 194.695 263.379 647.155 776.141 807.359 957.911 73.346 617.551 248.533 796.407 695.96 638.095 231.082 60.839 1000000000.0 657.189 824.421 922.536 235.133 69.965 473.602 365.29 282.493 406.336 668.914 257.694 267.468 771.818 741.414 552.369 915.77 836.304 834.901 974.503 798.806 379.665 78.453 954.06 434.651 991.642 28.794 633.893 915.084 558.899 657.988 194.305 141.059 860.212 254.202 653.25 479.192 724.825 805.115 252.222 170.686 147.544 437.474 291.489 840.794 535.514 254.104 64.325 748.461 698.724 979.525 688.671 992.181 451.279 665.564 148.944 482.101
293.839 930.597 998.205 758.19 78.229 178.847 222.429 343.644 606.556 754.504 397.053 903.389 461.677 30.867 998.348 203.218 186.919 536.888 751.05 445.286 663.948 839.753 850.646 347.251 704.269 744.951 507.583 439.328 270.445 705.212 4.226 78.732 415.277 256.496 708.913 121.04 843.7 246.156 527.777 420.334 77.374 116.964 197.7 657.189 1000000000.0 570.946 632.976 672.346 408.913 782.318 119.252 893.666 474.374 21.733 561.794 346.34 585.257 849.541 549.753 829.316 917.139 945.765 467.852 460.723 299.815 779.18 132.138 868.491 121.531 339.353 724.08 794.288 364.279 211.084 906.375 278.569 659.332 525.046 276.124 428.456 361.31 442.991 230.899 30.309 138.06 447.065 391.412 983.628 638.158 883.022 556.259 881.555 844.057 19.444 592.926 950.959 919.801 314.531 649.147 840.638
529.094 747.44 121.127 583.907 439.394 176.097 797.517 30.998 674.573 223.298 735.934 959.452 132.374 479.921 641.882 137.575 621.533 841.539 902.708 155.886 532.507 829.07 458.637 235.195 778.279 987.404 976.189 465.308 755.438 331.357 792.274 944.248 930.182 17.337 486.301 866.311 729.036 23.115 58.573 842.647 518.015 506.645 521.644 824.421 570.946 1000000000.0 403.889 318.294 409.284 939.535 614.611 589.505 454.701 477.178 460.444 154.883 392.144 131.479 998.077 354.395 495.127 96.858 766.997 915.693 151.857 149.57 351.166 168.23 94.99 972.863 831.649 417.443 38.157 511.806 655.823 124.307 993.146 529.688 706.331 832.021 689.505 176.685 34.347 482.556 930.607 212.277 990.092 391.737 863.598 660.601 253.31 856.166 265.347 162.127 768.636 308.184 410.538 423.459 603.511 486.461
13.778 897.463 409.556 643.861 624.303 549.235 178.993 884.931 355.385 658.492 155.273 889.319 2.303 263.295 74.492 549.417 437.475 840.115 319.366 666.581 264.742 71.121 814.949 212.49 469.965 400.036 467.925 255.708 541.968 590.729 738.295 239.928 694.44 933.266 347.389 286.744 606.292 109.356 88.841 482.112 689.973 845.144 256.989 922.536 632.976 403.889 1000000000.0 179.381 475.472 600.187 977.117 705.919 920.362 978.782 622.804 44.248 176.53 960.552 55.682 924.041 165.49 411.632 945.378 682.087 736.354 969.811 221.767 476.08 155.944 911.348 485.263 686.472 239.114 450.95 424.58 862.428 997.493 81.134 995.185 62.099 718.693 968.681 623.233 951.878 784.111 371.993 300.07 663.782 384.417 314.555 397.762 672.495 265.396 350.671 259.176 717.056 926.01 615.76 505.2 87.374
303.629 141.297 562.325 271.468 580.97 134.846 963.024 350.026 258.033 581.29 20.074 628.066 131.563 921.788 354.099 541.638 708.431 482.637 840.574 65.603 938.464 32.886 644.068 56.353 238.508 750.807 611.549 187.48 743.61 463.944 997.879 561.073 957.177 87.052 55.954 254.048 252.833 17.852 567.778 43.405 96.165 689.556 697.833 235.133 672.346 318.294 179.381 1000000000.0 22.45 306.021 800.758 539.739 205.505 539.872 882.353 625.967 825.243 416.991 120.204 865.305 455.126 326.875 681.314 43.874 72.19 163.911 501.754 833.721 108.512 458.104 741.591 530.165 148.497 97.316 79.816 341.735 20.981 548.287 939.953 939.294 335.04 495.556 873.586 358.34 214.484 952.347 203.41 937.209 799.063 282.552 827.981 229.308 19.09 539.317 337.899 632.977 332.526 411.276 561.291 961.077
477.298 493.126 325.521 322.816 177.787 157.813 917.219 478.675 761.758 150.623 488.516 85.491 939.646 323.006 344.97 132.615 370.491 937.338 749.653 91.64 51.886 483.502 61.928 854.067 576.168 572.17 497.77 532.255 987.282 630.109 279.733 298.935 156.464 68.306 81.215 248.936 76.853 879.661 391.618 29.288 876.588 977.368 692.509 69.965 408.913 409.284 475.472 22.45 1000000000.0 332.473 864.558 477.028 411.323 262.71 366.269 567.498 796.048 762.015 714.113 288.82 231.676 404.949 109.169 122.605 788.434 132.683 420.858 716.43 989.892 287.662 205.665 125.595 280.68 931.995 555.291 758.033 833.844 350.104 398.072 165.983 213.318 680.993 694.842 904.508 348.691 274.071 659.45 689.894 550.495 393.67 337.819 323.431 519.65 565.502 875.954 577.093 470.849 907.38 960.395 76.431
135.758 522.59 127.557 58.258 527.8 476.241 846.876 794.383 505.683 553.393 193.38 812.407 361.268 364.457 68.722 557.78 821.094 284.796 211.762 30.481 625.765 495.462 617.395 504.152 170.973 78.689 852.863 510.935 735.082 535.294 730.869 318.966 978.676 982.358 911.592 447.277 155.61 692.318 298.93 608.078 220.244 23.893 764.147 473.602 782.318 939.535 600.187 306.021 332.473 1000000000.0 13.878 196.095 851.332 691.91 979.545 416.272 196.129 530.884 736.787 655.286 238.587 32.605 433.046 617.077 639.001 22.426 342.405 539.054 276.969 10.658 535.747 505.03 41.223 27.107 393.796 42.842 691.476 240.146 717.093 87.611 411.549 952.503 201.53 29.755 545.722 959.08 627.346 141.434 7.797 773.358 62.388 40.087 690.18 395.636 118.665 733.567 702.969 289.078 375.341 128.908
921.567 326.019 581.058 58.985 937.563 676.351 740.215 126.586 101.172 106.838 449.852 558.025 59.339 426.114 490.919 893.344 988.594 769.33 130.603 120.994 462.161 535.648 29.891 90.944 7.42 11.089 752.482 28.042 632.602 271.726 137.117 589.784 472.268 54.951 787.048 120.479 491.058 582.619 695.85 231.007 926.472 436.433 905.118 365.29 119.252 614.611 977.117 800.758 864.558 13.878 1000000000.0 949.081 362.459 387.735 846.205 805.192 150.793 502.54 777.675 784.656 737.98 223.615 11.406 139.074 872.226 739.527 540.319 902.34 264.143 752.991 933.692 542.774 803.521 481.207 612.764 859.965 544.718 263.501 696.13 612.435 520.956 61.908 282.107 982.539 869.601 447.421 847.535 574.453 774.638 83.195 225.081 284.611 960.292 790.761 45.965 965.604 81.979 940.621 551.736 488.225
