100
1000000000.0 359.607 248.77 453.141 229.062 599.877 894.261 73.607 652.573 334.408 651.095 888.59 413.339 958.755 21.869 380.664 4.35 67.726 719.39 361.114 876.11 202.383 846.629 345.416 855.299 163.68 979.903 684.953 61.856 491.732 447.82 53.352 999.849 531.352 937.636 959.959 775.906 305.22 634.115 910.799 489.882 244.467 74.215 932.016 163.269 893.654 383.003 981.807 800.446 907.927 484.826 494.963 719.97 127.141 169.607 319.378 900.13 616.509 57.453 823.606 461.264 324.105 648.5 485.331 945.269 735.228 495.082 900.134 151.573 665.744 360.008 440.068 602.337 362.673 81.147 442.447 869.665 682.466 37.851 580.883 496.99 274.134 811.2 790.861 997.918 71.915 313.061 419.908 61.414 982.887 900.348 666.16 128.774 844.106 856.715 6.849 186.154 216.79 564.09 165.586
359.607 1000000000.0 185.452 837.602 54.592 198.938 25.215 725.575 124.791 875.072 175.576 296.361 147.496 977.478 76.816 766.961 814.787 355.437 522.196 124.533 63.041 241.958 457.312 108.609 506.338 94.355 341.224 868.551 613.873 916.53 916.772 499.124 211.303 963.009 517.708 441.745 903.418 614.061 197.091 516.549 183.368 745.403 663.696 216.292 758.003 769.683 581.316 856.65 794.772 25.806 99.783 213.256 184.888 387.717 833.063 813.774 717.846 219.122 475.586 73.585 410.865 865.73 775.263 48.671 837.824 786.429 583.325 865.277 162.29 122.185 182.36 469.974 89.329 415.413 67.948 340.111 552.606 99.42 135.236 829.816 32.656 784.334 285.287 45.112 341.135 956.076 866.334 501.774 566.529 376.845 606.087 468.777 443.691 490.707 745.274 725.577 883.209 919.418 298.55 874.18
248.77 185.452 1000000000.0 852.481 479.14 372.738 284.673 706.133 862.898 40.3 900.318 621.764 292.748 645.629 139.896 192.812 540.857 605.93 220.881 787.771 891.54 402.686 443.396 12.358 640.681 239.742 362.206 710.584 457.118 427.455 992.426 741.345 94.976 5.344 902.681 619.833 376.153 735.412 280.055 6.342 554.355 153.449 917.809 890.925 961.899 589.949 961.338 556.37 64.601 918.98 661.212 761.366 305.664 813.842 985.702 902.504 975.877 897.493 884.848 171.005 419.243 248.874 877.187 658.108 885.189 551.51 959.425 681.206 206.952 737.942 533.354 876.891 991.634 485.253 240.718 6.249 897.137 170.27 848.282 210.886 72.245 379.014 993.239 980.822 621.185 741.827 313.586 974.998 621.129 830.338 83.123 240.9 315.092 64.158 974.095 154.014 203.31 410.226 70.645 621.384
453.141 837.602 852.481 1000000000.0 678.404 140.147 775.602 732.723 188.747 8.168 703.738 275.134 668.87 427.255 141.8 317.836 422.826 578.115 600.628 735.961 660.317 398.051 834.696 713.476 471.625 616.25 953.912 921.261 499.587 424.019 906.473 954.46 28.975 787.298 63.55 564.924 902.985 205.039 251.284 876.418 766.149 178.808 461.242 607.621 989.979 784.417 850.204 232.621 551.176 371.972 443.872 351.89 566.491 68.815 93.344 772.242 259.777 642.643 322.056 315.9 333.866 191.365 906.146 966.188 632.467 340.214 446.157 539.24 100.781 385.939 997.581 104.782 432.15 56.886 678.625 169.206 945.994 261.791 391.765 777.114 38.061 758.531 562.574 649.516 916.185 670.998 894.864 98.081 482.682 248.687 908.137 186.042 973.68 807.333 760.194 578.404 948.164 658.349 838.578 850.887
229.062 54.592 479.14 678.404 1000000000.0 56.843 314.76 69.789 614.492 554.806 152.195 889.719 864.254 394.509 144.086 635.311 42.273 350.045 989.032 74.728 842.08 548.244 242.08 740.886 316.395 769.911 84.913 459.478 562.005 749.79 625.812 115.312 477.514 124.163 570.118 80.679 906.712 698.954 230.905 74.774 138.847 656.841 121.069 882.519 858.975 640.859 711.286 858.939 180.5 144.19 69.847 110.012 426.806 912.862 674.183 399.666 872.007 118.645 43.996 51.436 380.289 347.532 679.5 840.818 144.31 653.189 848.505 225.594 527.047 30.172 66.58 623.079 642.507 474.648 80.853 985.754 843.739 797.122 447.049 659.101 44.979 604.428 32.005 235.981 658.201 818.95 106.518 758.766 776.569 230.79 250.323 805.91 332.168 422.905 773.195 913.678 960.711 423.671 329.541 136.86
599.877 198.938 372.738 140.147 56.843 1000000000.0 510.456 286.983 295.494 157.812 241.096 976.019 722.524 246.14 62.616 977.353 945.198 50.106 362.366 226.732 297.186 669.082 384.485 178.864 738.662 13.256 534.824 902.867 163.344 389.729 886.686 141.832 750.914 995.901 4.801 839.174 889.296 224.229 818.06 266.125 440.302 255.949 227.024 431.606 337.54 795.999 5.352 922.981 423.845 989.554 489.544 416.557 932.759 223.134 553.163 455.56 434.042 744.996 953.407 169.225 888.492 912.755 386.196 361.387 382.619 215.797 15.768 611.993 202.609 181.47 329.03 225.968 572.104 432.251 422.459 38.06 954.537 927.886 216.866 485.767 11.281 234.176 513.834 38.43 77.187 763.33 783.647 801.349 114.779 125.719 601.15 487.089 183.456 229.401 107.32 524.097 317.49 138.504 368.005 201.43
894.261 25.215 284.673 775.602 314.76 510.456 1000000000.0 490.008 731.787 303.788 698.653 104.78 224.606 147.417 262.465 385.884 119.578 789.336 205.881 398.172 978.763 859.279 719.256 15.017 583.633 258.844 96.799 790.743 511.082 160.022 315.766 606.07 621.732 403.071 18.506 209.815 474.733 913.149 401.312 955.845 404.935 514.302 413.401 569.789 246.621 54.288 893.063 274.002 964.176 567.555 607.498 150.58 443.866 600.332 203.216 207.838 87.763 289.217 389.108 160.348 496.328 872.827 500.418 646.178 597.804 457.551 999.848 390.191 723.755 785.966 755.787 137.725 533.625 191.143 709.749 579.282 327.134 125.776 136.92 855.647 696.257 582.594 271.782 488.637 921.155 856.061 467.883 884.994 15.987 880.984 546.857 148.316 412.074 728.126 688.863 505.676 431.432 556.034 209.544 477.392
73.607 725.575 706.133 732.723 69.789 286.983 490.008 1000000000.0 458.727 23.128 983.507 823.94 582.629 527.888 103.259 910.811 133.424 660.089 469.34 849.448 509.146 138.198 810.659 380.281 576.686 260.599 157.722 112.969 443.768 640.182 95.83 192.731 761.375 846.309 606.022 125.107 455.968 790.252 917.005 245.924 397.553 422.883 247.07 994.778 153.208 766.524 330.197 603.796 52.887 402.153 568.166 784.086 326.829 988.738 568.422 816.852 980.112 714.135 752.893 169.071 627.889 616.757 849.003 676.176 481.431 743.679 611.524 805.838 92.443 447.471 617.403 282.024 652.977 349.379 304.879 763.121 748.3 745.122 439.522 246.801 404.48 297.152 73.951 103.165 114.717 78.882 600.436 372.32 756.643 206.464 91.77 320.263 236.807 2.496 356.979 101.214 542.003 577.616 111.797 631.352
652.573 124.791 862.898 188.747 614.492 295.494 731.787 458.727 1000000000.0 896.294 596.016 646.853 106.101 642.804 396.206 663.204 771.967 727.566 178.22 158.025 744.783 706.699 650.926 21.069 308.039 856.036 537.374 255.598 209.266 544.943 324.971 272.848 651.605 643.718 331.842 960.815 665.253 670.802 547.01 427.552 608.156 953.531 765.889 272.278 448.155 81.535 607.713 367.874 952.056 592.525 971.058 391.538 295.144 66.998 162.037 821.633 748.106 134.0 709.543 732.407 557.051 620.899 13.041 665.83 665.514 131.776 947.045 339.009 509.409 492.959 877.389 519.397 408.287 430.864 675.061 254.7 994.362 12.704 227.048 537.873 655.359 266.951 704.558 616.229 122.613 957.678 545.207 934.842 871.638 834.845 561.234 593.302 941.068 166.581 371.944 340.795 136.722 425.633 825.888 294.771
334.408 875.072 40.3 8.168 554.806 157.812 303.788 23.128 896.294 1000000000.0 758.468 659.015 641.392 328.622 279.606 838.159 277.564 866.091 397.642 866.553 922.731 439.224 14.138 621.677 768.975 17.112 421.103 526.841 603.192 112.69 729.171 442.368 490.643 907.579 4.316 628.241 147.759 265.094 542.427 350.458 547.429 951.545 211.637 1.939 658.409 812.301 125.567 658.843 645.816 604.301 273.014 45.9 962.689 881.226 167.084 844.533 878.434 264.401 909.226 811.224 124.745 451.527 115.398 846.119 110.968 809.392 435.57 324.262 742.678 332.746 150.466 328.364 187.59 611.46 599.765 764.802 77.685 825.99 193.214 768.043 789.235 28.37 347.261 369.002 521.735 347.43 254.992 521.901 348.603 975.936 719.508 656.052 240.761 922.885 604.787 636.968 526.389 696.269 99.033 360.086
651.095 175.576 900.318 703.738 152.195 241.096 698.653 983.507 596.016 758.468 1000000000.0 505.946 745.581 889.202 239.643 517.943 31.039 545.628 686.167 811.854 909.107 296.755 995.49 951.533 339.121 151.935 228.472 823.595 840.836 299.295 601.069 62.431 399.045 796.623 418.209 343.867 674.684 915.945 828.138 428.955 584.44 277.138 882.498 176.802 156.507 16.467 233.545 405.51 857.381 724.159 749.655 182.018 787.861 491.191 55.231 43.742 270.974 387.649 869.638 830.886 885.245 938.46 306.397 526.697 475.397 405.924 537.674 119.123 863.604 956.184 104.505 512.009 46.392 815.762 729.684 324.628 580.071 785.117 535.601 195.735 404.664 504.703 892.914 215.876 901.85 404.956 167.401 554.011 912.328 871.054 125.368 918.47 116.882 896.251 14.181 957.013 368.09 201.573 367.625 130.511
888.59 296.361 621.764 275.134 889.719 976.019 104.78 823.94 646.853 659.015 505.946 1000000000.0 48.989 700.881 438.408 358.206 527.246 836.964 17.745 280.982 546.731 634.16 40.385 134.148 946.845 414.569 665.953 827.384 738.845 820.304 969.817 519.186 981.158 921.511 491.913 470.49 597.631 592.574 639.087 952.494 408.835 673.837 463.953 64.658 100.171 388.043 370.755 635.947 713.633 210.769 530.543 273.935 984.166 359.316 243.443 115.207 87.555 521.536 533.725 537.877 141.885 85.311 15.576 85.714 751.645 209.761 130.133 855.348 776.218 961.002 778.424 210.443 61.135 256.948 656.966 451.614 277.135 5.957 464.954 631.656 400.218 370.255 509.122 394.538 984.568 791.984 348.806 387.532 188.314 966.037 291.215 853.425 159.308 752.256 229.599 665.647 926.229 432.204 808.342 625.063
413.339 147.496 292.748 668.87 864.254 722.524 224.606 582.629 106.101 641.392 745.581 48.989 1000000000.0 954.958 952.221 508.332 33.561 79.575 3.28 434.199 793.501 372.335 44.344 795.312 7.381 239.348 172.814 870.292 369.829 837.565 11.93 83.761 800.81 447.327 976.973 196.394 543.258 499.089 656.775 232.643 644.18 665.549 965.267 747.513 430.267 618.772 830.409 405.347 863.212 112.538 783.271 981.471 824.861 193.486 861.849 703.312 828.437 980.696 459.14 430.53 163.239 771.643 201.574 73.247 268.442 744.534 139.24 28.347 149.55 42.157 586.157 481.261 972.811 515.588 531.08 582.369 439.747 292.594 118.102 163.374 923.631 971.573 694.97 368.668 938.782 734.456 250.217 603.047 54.179 822.587 440.148 452.628 398.889 728.811 516.86 279.976 357.013 636.046 862.645 828.246
958.755 977.478 645.629 427.255 394.509 246.14 147.417 527.888 642.804 328.622 889.202 700.881 954.958 1000000000.0 905.602 860.56 706.849 844.408 604.764 565.86 834.358 956.126 844.508 573.571 262.107 18.791 388.627 924.909 241.162 104.182 680.951 653.819 279.867 912.546 460.822 37.616 490.096 432.572 208.957 443.746 908.413 513.901 228.0 177.779 534.359 840.517 270.958 153.97 12.623 325.803 358.215 818.894 634.17 111.234 536.47 747.328 147.476 837.693 238.615 984.393 320.87 486.969 184.609 584.361 79.572 279.753 456.64 31.808 189.357 640.797 700.305 738.902 239.527 565.047 569.261 80.196 206.593 725.388 635.571 276.341 514.229 602.392 346.784 734.631 680.385 101.737 235.138 370.229 839.837 593.279 720.707 732.178 273.095 527.54 480.783 921.154 732.717 353.317 660.342 317.058
21.869 76.816 139.896 141.8 144.086 62.616 262.465 103.259 396.206 279.606 239.643 438.408 952.221 905.602 1000000000.0 464.593 72.04 534.466 387.385 531.745 283.071 261.019 20.432 705.507 868.651 50.456 30.983 304.12 54.879 108.367 193.41 814.116 941.909 288.595 572.586 782.931 636.782 632.727 992.7 183.184 67.578 54.664 468.605 681.526 847.522 305.481 241.596 167.97 680.321 976.671 459.472 614.5 766.242 95.674 448.455 741.16 377.936 609.59 189.999 668.206 209.731 775.259 267.521 639.807 152.211 819.658 410.747 726.795 911.411 445.232 992.882 126.637 509.19 732.595 42.07 953.092 431.275 958.958 59.868 588.823 347.225 783.688 115.164 470.624 75.334 250.203 255.056 734.975 323.971 797.251 603.903 24.374 370.142 176.161 321.786 233.484 861.297 34.225 623.929 151.271
380.664 766.961 192.812 317.836 635.311 977.353 385.884 910.811 663.204 838.159 517.943 358.206 508.332 860.56 464.593 1000000000.0 965.819 757.55 284.742 351.47 496.442 634.195 692.637 633.733 392.467 284.824 437.537 505.463 668.41 704.415 418.475 583.266 462.445 114.515 742.663 16.386 11.661 254.527 350.162 684.782 738.156 574.111 374.071 605.287 560.742 141.413 335.319 495.998 795.994 516.901 579.666 633.651 586.262 930.781 728.353 580.305 478.252 158.809 235.656 429.465 28.186 445.421 467.809 875.431 385.93 48.644 625.044 666.388 845.575 988.99 986.293 33.499 156.393 761.024 954.264 691.002 633.238 200.556 11.119 189.615 313.817 826.203 474.477 244.048 473.584 235.826 619.401 624.104 222.203 423.772 960.998 680.312 486.237 462.269 786.956 7.04 31.588 524.168 391.139 151.517
4.35 814.787 540.857 422.826 42.273 945.198 119.578 133.424 771.967 277.564 31.039 527.246 33.561 706.849 72.04 965.819 1000000000.0 156.906 671.181 541.107 529.966 963.596 580.777 537.925 596.564 6.178 109.524 663.656 751.009 866.315 643.751 174.938 1.281 321.496 854.852 829.517 275.589 846.454 990.304 60.598 496.59 998.26 753.508 806.199 244.462 814.978 450.845 387.613 722.291 244.542 540.816 719.645 331.831 196.322 995.677 421.919 171.447 895.869 548.549 786.12 225.177 712.752 883.848 560.794 600.83 866.199 17.751 119.21 993.229 572.508 828.185 993.376 354.261 259.035 717.595 879.818 851.905 416.757 855.41 158.394 642.375 806.726 159.945 895.264 814.3 994.289 569.837 697.62 526.201 44.824 83.184 473.489 214.566 267.218 508.621 704.638 293.098 312.194 283.547 210.004
67.726 355.437 605.93 578.115 350.045 50.106 789.336 660.089 727.566 866.091 545.628 836.964 79.575 844.408 534.466 757.55 156.906 1000000000.0 808.564 361.642 895.538 968.637 749.368 574.969 36.806 42.492 882.453 412.784 249.282 629.22 488.651 679.28 359.229 268.701 864.217 908.259 448.757 517.75 677.607 438.235 421.62 738.344 310.179 513.336 264.663 433.137 727.701 62.531 707.854 606.038 713.839 748.803 425.403 21.492 866.271 177.246 828.485 36.424 4.544 471.995 699.255 785.813 707.229 71.835 23.069 775.475 220.9 70.873 6.956 111.961 330.152 651.286 372.018 532.539 55.65 411.194 81.869 147.69 698.224 468.032 435.572 521.118 566.047 768.326 98.755 365.523 30.704 802.818 411.283 285.526 401.808 988.241 275.397 734.628 479.169 175.958 253.158 143.546 669.985 270.734
719.39 522.196 220.881 600.628 989.032 362.366 205.881 469.34 178.22 397.642 686.167 17.745 3.28 604.764 387.385 284.742 671.181 808.564 1000000000.0 54.039 648.488 5.5 362.166 462.634 366.122 832.605 248.797 528.123 765.128 717.868 924.769 673.681 461.6 228.618 9.082 464.549 189.732 267.802 328.684 124.15 22.041 967.137 315.559 351.891 410.69 250.13 548.387 216.578 76.748 556.891 90.035 700.197 715.131 976.661 660.467 6.373 853.463 417.004 505.815 432.2 388.797 917.222 347.014 898.011 818.37 176.186 287.077 546.062 934.129 767.057 955.976 286.315 791.677 494.348 187.269 979.44 504.883 738.395 248.369 108.411 923.382 402.759 601.189 536.052 951.008 324.057 793.415 820.77 49.269 61.765 743.561 152.596 756.099 312.955 267.178 865.11 165.906 472.079 284.516 470.403
361.114 124.533 787.771 735.961 74.728 226.732 398.172 849.448 158.025 866.553 811.854 280.982 434.199 565.86 531.745 351.47 541.107 361.642 54.039 1000000000.0 522.634 878.703 182.115 437.146 998.619 7.653 615.499 734.892 103.558 730.209 988.517 15.132 937.556 40.893 74.926 13.238 59.979 214.315 789.58 715.106 55.754 963.318 13.677 998.256 806.505 600.287 42.631 566.731 286.752 353.706 766.751 747.678 31.759 924.936 189.549 706.539 554.073 805.607 239.944 904.341 680.207 714.787 611.696 229.658 642.234 845.128 733.441 217.557 38.681 492.308 353.629 802.317 860.721 420.898 139.678 305.904 990.651 144.93 355.263 327.271 755.555 44.552 305.783 741.043 759.021 130.813 957.128 785.575 536.204 179.008 422.176 210.194 280.685 50.25 718.108 98.505 127.059 148.189 724.15 4.098
876.11 63.041 891.54 660.317 842.08 297.186 978.763 509.146 744.783 922.731 909.107 546.731 793.501 834.358 283.071 496.442 529.966 895.538 648.488 522.634 1000000000.0 281.248 504.845 111.087 543.323 684.218 503.624 496.718 173.912 902.284 655.366 788.725 667.614 206.014 344.714 123.462 453.625 89.507 192.059 379.196 147.064 309.115 246.231 764.249 19.796 610.947 240.429 393.042 956.884 360.332 845.677 636.286 159.269 449.178 539.185 791.424 457.641 986.946 60.808 613.558 945.619 819.399 553.655 559.905 380.934 40.623 829.91 175.966 648.975 160.841 867.465 332.653 824.83 858.263 870.984 464.939 285.241 710.381 153.844 990.696 268.782 667.044 631.998 66.505 91.888 416.074 564.903 437.117 779.997 979.634 912.41 851.284 453.046 211.234 332.792 564.7 35.146 527.282 823.461 545.496
202.383 241.958 402.686 398.051 548.244 669.082 859.279 138.198 706.699 439.224 296.755 634.16 372.335 956.126 261.019 634.195 963.596 968.637 5.5 878.703 281.248 1000000000.0 525.539 245.515 860.513 422.929 718.126 408.113 511.641 580.552 230.767 680.562 900.638 473.97 328.032 467.568 357.628 752.914 928.165 296.215 923.406 739.269 57.129 685.34 929.046 955.24 285.277 778.419 525.951 788.484 799.336 991.853 433.372 626.282 524.042 534.957 218.061 316.716 839.079 824.578 660.591 763.876 398.887 832.106 669.734 9.233 725.768 793.808 270.165 650.879 404.035 409.086 965.725 386.527 517.272 294.998 363.432 600.172 447.494 444.739 113.719 926.965 451.536 981.303 490.475 949.109 345.798 767.995 38.502 701.795 470.67 814.372 720.934 886.998 778.173 69.895 867.208 128.978 134.382 741.552
846.629 457.312 443.396 834.696 242.08 384.485 719.256 810.659 650.926 14.138 995.49 40.385 44.344 844.508 20.432 692.637 580.777 749.368 362.166 182.115 504.845 525.539 1000000000.0 628.773 459.416 827.608 739.186 316.652 818.378 499.268 589.779 563.08 837.502 686.836 759.705 638.697 545.397 68.909 291.906 716.801 741.107 705.04 950.402 120.42 286.659 307.073 768.445 777.784 563.299 839.358 268.019 655.828 340.591 894.916 469.244 750.614 609.911 844.112 234.032 976.456 712.055 244.45 433.057 191.326 217.01 665.597 19.839 975.976 203.88 70.756 280.613 372.915 105.87 825.257 102.714 322.662 135.875 540.602 951.702 280.801 349.879 618.133 963.098 520.721 239.928 182.018 907.412 315.427 666.344 660.705 58.102 487.241 766.771 956.649 454.919 707.305 898.085 908.969 718.668 101.042
345.416 108.609 12.358 713.476 740.886 178.864 15.017 380.281 21.069 621.677 951.533 134.148 795.312 573.571 705.507 633.733 537.925 574.969 462.634 437.146 111.087 245.515 628.773 1000000000.0 765.773 468.614 121.017 314.027 394.844 733.981 395.16 640.492 675.047 664.347 158.323 128.442 978.466 453.757 878.929 410.493 871.107 635.325 156.193 410.662 754.753 702.923 351.258 252.452 471.512 540.779 823.492 92.909 12.92 97.773 319.893 426.207 802.839 972.945 887.917 799.193 226.927 197.305 229.899 274.137 233.872 734.924 667.244 904.74 549.83 499.914 694.486 171.8 311.282 946.348 5.981 364.965 341.099 951.309 302.407 600.506 681.714 64.954 882.102 306.947 261.895 57.457 85.919 148.403 381.968 725.414 393.849 587.018 386.136 278.006 127.445 148.581 73.198 503.564 476.684 975.607
855.299 506.338 640.681 471.625 316.395 738.662 583.633 576.686 308.039 768.975 339.121 946.845 7.381 262.107 868.651 392.467 596.564 36.806 366.122 998.619 543.323 860.513 459.416 765.773 1000000000.0 453.17 591.987 808.871 318.708 193.923 204.763 734.989 64.128 681.053 441.198 35.538 305.419 427.244 644.79 732.76 372.919 793.049 718.964 728.325 253.454 351.097 599.448 210.765 477.011 835.492 313.429 403.184 487.663 100.824 677.028 908.161 697.864 423.583 638.703 304.487 163.501 328.197 345.401 835.911 902.755 121.785 328.463 691.107 953.283 807.073 182.698 694.907 702.252 758.671 740.011 417.054 458.436 605.913 791.058 582.401 218.284 56.643 640.828 390.706 861.479 744.88 272.517 870.838 936.276 953.817 225.543 779.183 710.344 9.019 149.594 231.68 504.086 414.79 354.911 674.95
163.68 94.355 239.742 616.25 769.911 13.256 258.844 260.599 856.036 17.112 151.935 414.569 239.348 18.791 50.456 284.824 6.178 42.492 832.605 7.653 684.218 422.929 827.608 468.614 453.17 1000000000.0 565.338 366.582 685.508 557.797 384.582 973.601 932.808 556.11 292.699 816.128 797.347 76.795 250.592 225.626 836.406 283.435 159.411 76.938 253.544 666.173 367.637 129.262 971.232 232.756 518.36 662.879 226.696 7.63 574.082 455.204 71.982 246.859 255.725 727.881 650.902 523.933 581.631 715.166 498.392 498.717 968.699 772.538 999.063 131.724 819.333 906.73 453.357 339.857 98.599 50.971 758.571 7.944 640.605 985.41 473.088 106.654 103.425 791.992 336.704 41.909 472.513 444.852 983.473 870.262 275.708 485.86 811.751 780.9 355.42 730.65 605.661 857.407 914.684 893.002
979.903 341.224 362.206 953.912 84.913 534.824 96.799 157.722 537.374 421.103 228.472 665.953 172.814 388.627 30.983 437.537 109.524 882.453 248.797 615.499 503.624 718.126 739.186 121.017 591.987 565.338 1000000000.0 533.272 798.53 513.072 777.011 710.883 70.591 42.436 377.968 721.835 92.674 891.062 462.083 46.274 567.182 411.917 418.176 798.976 157.974 476.588 495.76 971.27 120.399 795.411 678.228 89.701 146.712 747.576 739.459 615.258 578.932 770.258 545.687 113.311 178.395 453.347 137.488 588.116 331.899 535.984 97.857 20.963 881.527 999.197 337.508 663.566 729.582 200.436 127.247 583.42 399.062 500.252 641.068 526.325 867.331 463.373 22.69 418.047 114.147 24.516 576.406 855.371 264.429 61.476 950.38 262.293 940.964 602.291 478.062 958.495 161.352 573.556 287.003 85.033
684.953 868.551 710.584 921.261 459.478 902.867 790.743 112.969 255.598 526.841 823.595 827.384 870.292 924.909 304.12 505.463 663.656 412.784 528.123 734.892 496.718 408.113 316.652 314.027 808.871 366.582 533.272 1000000000.0 982.96 515.868 432.41 412.779 581.698 41.608 807.509 289.21 182.612 320.421 493.111 703.501 490.869 707.816 906.138 723.608 229.793 713.885 709.324 7.641 440.691 713.081 153.457 636.644 175.179 532.968 169.665 484.875 423.939 675.664 824.367 400.667 2.935 801.772 943.337 719.374 677.7 479.219 874.984 698.477 208.611 293.392 903.941 84.304 541.753 347.499 442.884 333.586 870.205 601.324 685.854 20.246 621.269 347.595 446.069 406.793 279.466 239.43 886.24 784.593 536.614 227.518 229.327 974.364 289.584 482.005 141.948 93.374 190.346 198.147 402.304 499.94
61.856 613.873 457.118 499.587 562.005 163.344 511.082 443.768 209.266 603.192 840.836 738.845 369.829 241.162 54.879 668.41 751.009 249.282 765.128 103.558 173.912 511.641 818.378 394.844 318.708 685.508 798.53 982.96 1000000000.0 920.8 578.175 176.037 682.326 139.52 851.541 102.879 500.368 758.588 60.269 166.784 772.638 302.783 631.037 674.844 824.895 63.712 900.43 164.263 170.22 450.91 716.075 819.31 33.449 500.668 63.971 816.726 383.692 677.295 669.403 469.63 198.299 566.25 925.713 318.318 373.863 842.08 693.503 440.129 793.709 868.977 402.373 229.252 656.173 83.869 653.463 645.789 135.112 502.891 417.006 63.976 856.498 310.423 677.402 681.222 331.887 567.237 387.159 389.684 212.81 888.989 345.118 655.429 882.681 922.238 653.546 499.157 335.904 503.442 469.199 635.02
491.732 916.53 427.455 424.019 749.79 389.729 160.022 640.182 544.943 112.69 299.295 820.304 837.565 104.182 108.367 704.415 866.315 629.22 717.868 730.209 902.284 580.552 499.268 733.981 193.923 557.797 513.072 515.868 920.8 1000000000.0 668.474 520.583 591.022 5.859 823.497 182.53 903.177 482.225 951.61 713.718 565.34 587.647 427.991 19.311 879.159 865.128 240.963 102.193 756.45 541.071 500.356 893.554 627.385 318.699 170.866 679.076 449.103 590.921 647.237 319.672 650.305 78.629 593.92 927.778 699.43 944.899 448.481 161.096 787.866 209.163 945.969 127.54 952.846 329.448 76.632 872.393 46.342 180.638 758.864 38.289 709.058 166.572 71.855 753.522 127.645 223.549 972.876 543.791 140.184 591.715 792.619 389.305 742.716 310.497 943.761 3.442 187.699 918.254 41.816 212.141
447.82 916.772 992.426 906.473 625.812 886.686 315.766 95.83 324.971 729.171 601.069 969.817 11.93 680.951 193.41 418.475 643.751 488.651 924.769 988.517 655.366 230.767 589.779 395.16 204.763 384.582 777.011 432.41 578.175 668.474 1000000000.0 564.714 157.057 382.683 226.626 999.72 661.238 184.348 42.983 806.596 73.549 403.619 212.632 14.593 122.191 575.149 9.737 146.382 370.045 596.167 954.805 155.261 982.838 150.549 670.441 671.39 136.523 610.817 142.446 912.03 474.817 967.312 356.871 241.489 51.508 907.016 903.031 483.752 216.621 222.731 268.921 162.26 686.461 856.287 556.776 136.37 311.78 7.272 298.702 755.597 743.349 962.76 234.555 149.747 672.682 465.617 261.942 335.749 221.586 400.994 500.847 15.396 365.02 356.866 414.766 893.726 434.215 322.303 651.318 367.65
53.352 499.124 741.345 954.46 115.312 141.832 606.07 192.731 272.848 442.368 62.431 519.186 83.761 653.819 814.116 583.266 174.938 679.28 673.681 15.132 788.725 680.562 563.08 640.492 734.989 973.601 710.883 412.779 176.037 520.583 564.714 1000000000.0 55.646 667.575 224.519 708.506 480.271 14.2 183.711 742.211 444.056 512.254 681.249 147.013 763.976 179.344 292.688 410.465 862.204 370.554 337.279 902.842 787.291 457.669 301.431 826.475 617.347 765.339 570.345 241.199 904.51 733.293 534.795 696.242 15.525 806.568 879.654 165.751 415.227 258.966 249.708 792.501 37.206 219.759 977.031 35.5 545.809 837.841 139.84 767.662 455.931 197.248 792.357 829.956 282.294 614.346 963.45 268.179 454.331 454.391 364.367 657.384 423.927 831.27 244.75 217.467 574.751 837.36 109.222 508.208
999.849 211.303 94.976 28.975 477.514 750.914 621.732 761.375 651.605 490.643 399.045 981.158 800.81 279.867 941.909 462.445 1.281 359.229 461.6 937.556 667.614 900.638 837.502 675.047 64.128 932.808 70.591 581.698 682.326 591.022 157.057 55.646 1000000000.0 198.67 225.023 365.254 556.155 481.315 573.145 590.44 992.893 905.324 278.826 656.811 611.68 631.706 186.012 419.212 318.257 895.658 310.99 427.581 868.313 419.822 156.522 135.663 390.169 337.495 758.896 33.851 377.228 341.069 512.707 826.627 493.026 317.983 254.364 494.12 493.12 561.824 147.735 22.497 287.193 332.474 972.578 717.575 751.596 810.978 240.415 586.471 938.552 975.23 405.363 346.601 870.913 729.391 301.826 955.436 244.572 798.737 120.928 295.3 791.53 937.267 730.601 877.185 191.635 734.261 781.951 556.018
531.352 963.009 5.344 787.298 124.163 995.901 403.071 846.309 643.718 907.579 796.623 921.511 447.327 912.546 288.595 114.515 321.496 268.701 228.618 40.893 206.014 473.97 686.836 664.347 681.053 556.11 42.436 41.608 139.52 5.859 382.683 667.575 198.67 1000000000.0 306.361 635.667 903.919 452.148 399.511 306.311 490.69 503.942 515.987 565.192 761.405 997.141 454.997 103.524 607.019 226.986 745.848 885.017 685.698 290.415 403.343 495.886 477.764 597.399 38.585 115.974 47.923 868.762 152.924 893.995 636.707 854.868 804.962 689.174 479.789 960.037 90.123 746.775 969.772 975.187 967.505 935.407 461.861 442.603 514.986 662.947 550.493 873.124 992.667 253.918 814.894 261.461 423.032 193.88 741.99 123.092 130.105 321.966 642.717 289.771 917.839 39.224 481.804 847.907 492.173 718.089
937.636 517.708 902.681 63.55 570.118 4.801 18.506 606.022 331.842 4.316 418.209 491.913 976.973 460.822 572.586 742.663 854.852 864.217 9.082 74.926 344.714 328.032 759.705 158.323 441.198 292.699 377.968 807.509 851.541 823.497 226.626 224.519 225.023 306.361 1000000000.0 391.135 848.448 566.667 705.204 39.614 608.595 114.256 466.183 132.403 446.467 654.88 493.631 955.231 130.481 488.286 973.777 296.886 835.974 559.519 974.368 421.186 579.207 963.655 168.547 447.582 520.176 53.936 947.2 620.014 577.27 480.171 125.498 891.61 284.532 834.731 352.87 264.228 893.208 216.861 361.017 921.365 574.07 483.717 564.009 309.225 709.916 211.656 117.229 589.008 486.603 141.998 300.253 489.253 253.296 61.575 143.574 590.249 109.146 667.799 764.753 706.495 267.983 818.259 460.0 70.894
959.959 441.745 619.833 564.924 80.679 839.174 209.815 125.107 960.815 628.241 343.867 470.49 196.394 37.616 782.931 16.386 829.517 908.259 464.549 13.238 123.462 467.568 638.697 128.442 35.538 816.128 721.835 289.21 102.879 182.53 999.72 708.506 365.254 635.667 391.135 1000000000.0 275.921 270.479 130.224 23.977 687.653 523.943 798.421 432.856 526.343 549.552 739.758 936.681 524.878 891.15 314.509 544.391 368.082 245.101 292.119 197.963 855.191 82.083 433.798 389.798 648.203 59.587 691.527 924.591 775.834 87.197 749.471 433.961 828.689 783.744 166.082 315.54 424.315 240.322 806.556 147.786 304.232 95.331 18.96 510.266 317.338 128.933 689.85 38.24 116.563 304.13 355.748 604.494 127.493 664.681 874.716 50.784 229.816 886.364 809.825 522.386 962.615 688.708 828.524 759.602
775.906 903.418 376.153 902.985 906.712 889.296 474.733 455.968 665.253 147.759 674.684 597.631 543.258 490.096 636.782 11.661 275.589 448.757 189.732 59.979 453.625 357.628 545.397 978.466 305.419 797.347 92.674 182.612 500.368 903.177 661.238 480.271 556.155 903.919 848.448 275.921 1000000000.0 674.535 876.882 913.394 102.026 301.279 729.528 560.19 44.106 838.998 978.717 713.73 795.715 325.62 33.006 601.832 891.115 113.832 211.977 988.138 246.625 309.942 731.508 465.701 138.57 426.986 729.142 647.261 237.226 765.94 419.456 239.434 920.144 654.679 869.431 646.718 685.285 517.857 226.004 263.788 447.173 867.594 269.645 401.209 534.334 246.475 503.074 753.836 566.384 719.622 216.212 993.841 141.087 653.467 212.539 351.866 846.623 768.165 445.147 929.908 758.76 46.763 368.161 149.317
305.22 614.061 735.412 205.039 698.954 224.229 913.149 790.252 670.802 265.094 915.945 592.574 499.089 432.572 632.727 254.527 846.454 517.75 267.802 214.315 89.507 752.914 68.909 453.757 427.244 76.795 891.062 320.421 758.588 482.225 184.348 14.2 481.315 452.148 566.667 270.479 674.535 1000000000.0 85.36 185.474 313.35 327.275 1.564 9.967 374.714 365.91 305.562 899.285 641.322 71.387 889.927 850.029 170.175 575.531 645.627 86.726 595.82 414.521 810.09 867.472 46.079 958.22 668.058 366.849 867.038 103.273 114.523 534.566 536.004 34.654 222.673 470.861 835.861 664.143 84.745 719.468 394.742 50.61 383.261 240.293 349.492 21.171 523.098 438.597 346.154 578.407 7.711 568.134 10.306 312.8 477.271 160.518 136.451 753.557 738.829 789.775 583.513 575.87 188.288 898.992
634.115 197.091 280.055 251.284 230.905 818.06 401.312 917.005 547.01 542.427 828.138 639.087 656.775 208.957 992.7 350.162 990.304 677.607 328.684 789.58 192.059 928.165 291.906 878.929 644.79 250.592 462.083 493.111 60.269 951.61 42.983 183.711 573.145 399.511 705.204 130.224 876.882 85.36 1000000000.0 295.446 679.773 740.272 210.805 181.308 140.671 897.333 413.277 213.065 93.017 736.36 500.626 618.396 405.498 955.965 927.423 928.398 283.505 401.725 405.149 40.877 20.417 2.833 972.693 499.843 582.198 33.073 666.156 305.065 654.322 5.943 802.27 401.877 562.27 581.855 667.013 273.861 211.137 451.448 169.051 208.185 798.147 870.617 252.038 825.093 999.287 262.3 719.376 997.31 214.26 294.431 26.575 276.879 245.929 285.479 60.991 106.358 697.689 307.505 571.215 798.578
910.799 516.549 6.342 876.418 74.774 266.125 955.845 245.924 427.552 350.458 428.955 952.494 232.643 443.746 183.184 684.782 60.598 438.235 124.15 715.106 379.196 296.215 716.801 410.493 732.76 225.626 46.274 703.501 166.784 713.718 806.596 742.211 590.44 306.311 39.614 23.977 913.394 185.474 295.446 1000000000.0 547.762 951.724 819.11 192.837 910.228 37.205 694.4 708.321 639.994 177.498 514.046 934.772 160.149 976.026 260.242 756.629 322.714 652.447 242.392 686.214 362.443 369.008 274.974 99.164 122.736 97.38 660.772 525.669 529.733 557.677 660.018 533.841 422.286 513.427 982.473 337.609 234.22 47.55 747.971 479.207 603.471 311.824 284.664 296.113 137.705 669.085 224.275 377.945 631.301 137.617 741.091 844.206 353.838 880.631 744.959 249.558 987.996 113.527 700.99 241.219
489.882 183.368 554.355 766.149 138.847 440.302 404.935 397.553 608.156 547.429 584.44 408.835 644.18 908.413 67.578 738.156 496.59 421.62 22.041 55.754 147.064 923.406 741.107 871.107 372.919 836.406 567.182 490.869 772.638 565.34 73.549 444.056 992.893 490.69 608.595 687.653 102.026 313.35 679.773 547.762 1000000000.0 478.12 691.229 564.202 564.891 491.071 181.753 453.45 32.502 54.565 523.997 953.592 921.871 351.611 761.303 445.59 928.13 266.229 915.265 475.011 381.044 412.304 217.812 926.247 675.603 256.031 437.119 647.913 140.481 807.546 953.175 948.168 996.096 807.889 988.948 312.41 365.67 488.825 340.011 165.505 814.114 734.535 829.724 862.963 725.008 491.74 501.225 89.441 617.753 617.225 317.056 12.305 478.908 249.969 688.383 178.876 897.958 207.431 394.559 122.497
244.467 745.403 153.449 178.808 656.841 255.949 514.302 422.883 953.531 951.545 277.138 673.837 665.549 513.901 54.664 574.111 998.26 738.344 967.137 963.318 309.115 739.269 705.04 635.325 793.049 283.435 411.917 707.816 302.783 587.647 403.619 512.254 905.324 503.942 114.256 523.943 301.279 327.275 740.272 951.724 478.12 1000000000.0 555.223 689.516 228.332 203.498 735.074 978.427 659.05 86.049 894.703 460.287 215.064 249.018 78.214 760.522 792.539 955.116 771.05 304.265 395.05 90.474 571.475 479.73 801.017 708.606 737.723 999.1 953.432 182.143 191.787 100.634 782.658 552.581 221.035 501.411 739.511 650.342 910.616 251.262 69.591 608.478 489.301 856.919 800.493 240.863 256.65 774.512 335.906 74.964 214.003 819.736 573.557 122.699 530.749 316.921 348.857 465.18 666.205 714.996
74.215 663.696 917.809 461.242 121.069 227.024 413.401 247.07 765.889 211.637 882.498 463.953 965.267 228.0 468.605 374.071 753.508 310.179 315.559 13.677 246.231 57.129 950.402 156.193 718.964 159.411 418.176 906.138 631.037 427.991 212.632 681.249 278.826 515.987 466.183 798.421 729.528 1.564 210.805 819.11 691.229 555.223 1000000000.0 496.001 646.041 133.011 631.17 367.564 767.92 92.714 699.443 451.272 265.587 625.458 540.332 147.856 837.77 178.088 81.065 85.322 58.592 815.042 444.748 429.029 897.579 862.348 884.382 637.464 104.554 648.297 408.127 82.087 58.458 437.097 923.334 31.304 487.425 23.507 537.361 316.357 938.316 419.48 448.192 697.446 603.126 187.868 218.114 226.269 971.929 487.861 370.203 895.422 451.195 310.271 789.76 222.642 531.205 400.039 852.308 175.271
932.016 216.292 890.925 607.621 882.519 431.606 569.789 994.778 272.278 1.939 176.802 64.658 747.513 177.779 681.526 605.287 806.199 513.336 351.891 998.256 764.249 685.34 120.42 410.662 728.325 76.938 798.976 723.608 674.844 19.311 14.593 147.013 656.811 565.192 132.403 432.856 560.19 9.967 181.308 192.837 564.202 689.516 496.001 1000000000.0 218.106 657.552 741.643 607.249 96.393 255.863 436.539 409.552 25.982 629.363 758.52 295.268 878.308 116.507 266.975 191.56 469.888 531.293 449.981 819.816 71.323 815.493 664.972 78.092 734.627 168.827 507.47 497.802 585.661 256.132 607.791 350.847 482.99 393.008 450.639 956.252 604.093 249.949 720.178 181.321 572.66 185.996 241.552 941.551 456.316 939.594 655.051 177.356 456.367 197.238 128.644 118.699 477.139 258.181 51.714 823.721
163.269 758.003 961.899 989.979 858.975 337.54 246.621 153.208 448.155 658.409 156.507 100.171 430.267 534.359 847.522 560.742 244.462 264.663 410.69 806.505 19.796 929.046 286.659 754.753 253.454 253.544 157.974 229.793 824.895 879.159 122.191 763.976 611.68 761.405 446.467 526.343 44.106 374.714 140.671 910.228 564.891 228.332 646.041 218.106 1000000000.0 830.048 990.993 498.306 469.31 769.633 82.305 606.926 396.453 515.058 873.588 675.941 936.946 275.616 39.166 239.833 803.832 446.24 585.888 750.594 123.92 490.021 784.173 905.755 510.77 411.833 688.999 64.722 674.01 302.623 865.757 855.594 699.149 422.104 187.801 716.991 260.493 645.232 88.594 254.267 81.387 378.267 500.443 464.368 902.675 323.845 631.306 137.876 566.483 690.01 223.551 249.889 714.706 594.336 417.052 811.893
893.654 769.683 589.949 784.417 640.859 795.999 54.288 766.524 81.535 812.301 16.467 388.043 618.772 840.517 305.481 141.413 814.978 433.137 250.13 600.287 610.947 955.24 307.073 702.923 351.097 666.173 476.588 713.885 63.712 865.128 575.149 179.344 631.706 997.141 654.88 549.552 838.998 365.91 897.333 37.205 491.071 203.498 133.011 657.552 830.048 1000000000.0 605.709 995.886 468.82 42.235 673.142 103.597 165.771 187.509 249.482 755.052 335.013 382.791 577.146 285.409 607.109 779.422 682.151 401.35 276.518 5.84 888.39 23.083 314.46 120.371 940.754 744.573 647.082 285.958 873.314 594.484 896.246 823.304 480.144 142.414 694.998 953.974 473.51 527.982 769.217 812.593 473.896 817.286 73.847 750.337 157.519 164.548 472.308 691.809 290.328 214.013 969.378 186.824 929.071 276.618
383.003 581.316 961.338 850.204 711.286 5.352 893.063 330.197 607.713 125.567 233.545 370.755 830.409 270.958 241.596 335.319 450.845 727.701 548.387 42.631 240.429 285.277 768.445 351.258 599.448 367.637 495.76 709.324 900.43 240.963 9.737 292.688 186.012 454.997 493.631 739.758 978.717 305.562 413.277 694.4 181.753 735.074 631.17 741.643 990.993 605.709 1000000000.0 181.408 152.359 157.76 424.309 80.67 965.248 983.37 814.092 59.461 373.78 631.982 441.252 618.779 40.574 722.325 817.256 798.366 962.606 877.247 597.436 500.839 267.717 913.818 443.332 558.188 874.299 286.99 406.745 832.935 669.919 410.542 307.091 852.492 631.853 381.434 973.483 345.803 671.683 91.869 812.31 80.32 292.09 501.927 137.431 758.433 454.158 278.969 622.907 816.415 571.436 838.491 759.278 222.716
981.807 856.65 556.37 232.621 858.939 922.981 274.002 603.796 367.874 658.843 405.51 635.947 405.347 153.97 167.97 495.998 387.613 62.531 216.578 566.731 393.042 778.419 777.784 252.452 210.765 129.262 971.27 7.641 164.263 102.193 146.382 410.465 419.212 103.524 955.231 936.681 713.73 899.285 213.065 708.321 453.45 978.427 367.564 607.249 498.306 995.886 181.408 1000000000.0 898.54 984.142 651.455 793.28 779.085 895.899 961.428 652.259 660.83 734.715 104.428 59.936 53.345 950.799 415.688 750.681 186.368 409.284 964.487 690.269 995.942 60.61 59.7 38.025 179.311 55.21 276.741 516.509 976.685 81.885 244.135 407.534 473.92 112.423 344.676 453.551 490.095 800.261 651.714 620.4 765.846 293.868 967.97 493.544 849.611 170.876 715.473 902.103 967.486 576.648 646.18 125.472
800.446 794.772 64.601 551.176 180.5 423.845 964.176 52.887 952.056 645.816 857.381 713.633 863.212 12.623 680.321 795.994 722.291 707.854 76.748 286.752 956.884 525.951 563.299 471.512 477.011 971.232 120.399 440.691 170.22 756.45 370.045 862.204 318.257 607.019 130.481 524.878 795.715 641.322 93.017 639.994 32.502 659.05 767.92 96.393 469.31 468.82 152.359 898.54 1000000000.0 731.124 413.974 204.953 200.946 306.611 330.771 75.013 719.624 129.395 601.103 596.249 437.025 49.753 570.067 713.242 990.745 258.859 439.452 148.214 983.396 10.855 439.776 385.478 228.598 253.347 719.203 232.817 958.145 327.808 837.602 207.027 121.818 264.161 398.021 935.329 233.753 692.558 786.783 242.882 374.681 402.648 688.412 604.653 263.175 590.764 88.566 689.483 583.227 977.486 569.315 772.407
907.927 25.806 918.98 371.972 144.19 989.554 567.555 402.153 592.525 604.301 724.159 210.769 112.538 325.803 976.671 516.901 244.542 606.038 556.891 353.706 360.332 788.484 839.358 540.779 835.492 232.756 795.411 713.081 450.91 541.071 596.167 370.554 895.658 226.986 488.286 891.15 325.62 71.387 736.36 177.498 54.565 86.049 92.714 255.863 769.633 42.235 157.76 984.142 731.124 1000000000.0 493.615 594.908 764.443 23.502 627.696 407.97 971.608 674.498 570.8 210.048 541.766 276.803 827.368 442.241 711.411 782.509 299.751 995.195 960.238 389.019 3.365 958.474 947.41 488.867 353.734 747.657 414.52 605.388 959.5 979.414 897.681 598.781 546.564 53.917 972.949 335.53 826.489 740.752 481.287 987.604 433.035 395.457 853.611 296.927 630.818 161.394 830.553 176.171 179.155 262.394
484.826 99.783 661.212 443.872 69.847 489.544 607.498 568.166 971.058 273.014 749.655 530.543 783.271 358.215 459.472 579.666 540.816 713.839 90.035 766.751 845.677 799.336 268.019 823.492 313.429 518.36 678.228 153.457 716.075 500.356 954.805 337.279 310.99 745.848 973.777 314.509 33.006 889.927 500.626 514.046 523.997 894.703 699.443 436.539 82.305 673.142 424.309 651.455 413.974 493.615 1000000000.0 565.207 219.501 224.262 390.373 583.229 866.112 110.889 953.163 127.544 826.007 733.712 842.604 176.775 673.279 136.96 519.826 101.682 630.591 640.551 632.051 365.693 522.257 10.026 636.969 312.902 862.678 228.282 774.12 16.374 647.771 243.756 160.772 354.377 142.383 423.051 281.84 876.479 94.548 941.041 415.55 324.407 939.759 592.993 449.229 679.886 373.3 783.137 630.572 207.873
