100
1000000000.0 245.852 214.994 651.826 66.694 269.295 238.757 761.193 183.022 957.134 684.192 288.59 720.677 118.863 148.941 233.068 112.089 869.428 825.989 419.784 603.369 771.752 559.242 787.48 174.339 181.31 783.682 960.869 456.056 827.322 167.452 67.063 774.656 961.684 410.3 716.184 576.025 702.168 26.317 772.685 173.79 541.826 710.327 372.494 967.811 139.13 792.786 920.423 349.932 90.088 494.574 554.377 732.401 755.578 636.461 357.784 611.436 175.138 468.365 49.984 594.428 381.741 854.583 849.804 199.432 412.904 658.832 77.571 840.614 86.619 834.63 425.167 614.992 284.868 527.742 422.056 64.23 583.29 253.084 620.152 189.138 799.276 628.395 219.594 441.282 286.986 339.184 988.644 738.21 610.729 279.4 414.329 975.652 231.49 104.581 78.864 198.991 231.395 816.482 467.799
245.852 1000000000.0 313.891 796.367 585.758 13.182 622.312 989.446 532.077 111.749 803.117 407.137 471.197 767.949 638.733 40.163 471.792 925.773 378.964 489.138 255.55 819.248 224.246 779.153 248.156 667.048 113.807 848.756 944.999 735.468 741.084 874.317 961.638 278.564 697.756 645.125 992.417 456.602 431.95 693.623 71.799 785.077 556.593 842.437 366.931 264.895 230.179 141.605 347.805 111.981 734.713 636.5 137.732 501.208 690.67 255.455 121.321 214.982 205.211 37.796 598.64 287.663 872.256 216.204 552.289 293.055 885.103 42.228 508.908 703.684 177.909 204.107 391.464 121.885 106.533 626.875 522.277 513.985 477.67 81.439 782.008 2.311 943.747 843.282 65.487 298.872 116.741 602.663 485.65 426.398 368.145 657.008 775.109 852.514 190.526 665.844 142.105 618.224 119.879 206.133
214.994 313.891 1000000000.0 992.151 836.519 299.961 981.97 401.19 381.321 466.188 949.278 531.681 757.838 408.687 166.009 659.542 244.452 186.386 170.46 795.239 984.563 377.384 666.221 305.764 409.299 258.477 668.079 278.874 647.109 614.227 665.247 230.669 957.683 439.222 938.207 637.453 101.685 118.758 277.678 83.774 134.442 329.012 679.053 945.515 3.149 192.122 859.054 466.785 807.608 785.288 21.974 587.788 929.154 200.229 289.26 172.773 665.317 727.182 521.878 140.603 748.48 570.135 307.859 998.391 983.436 170.01 915.634 247.491 954.004 711.816 249.149 970.583 362.88 946.691 786.882 972.028 267.439 100.834 47.815 894.55 752.23 138.038 385.557 486.056 296.675 900.324 397.316 549.537 782.11 38.534 850.342 777.458 205.481 134.468 405.529 348.26 598.645 743.635 132.343 948.222
651.826 796.367 992.151 1000000000.0 353.883 265.335 862.571 91.975 927.951 739.449 350.094 758.948 118.89 664.244 633.493 242.091 181.347 845.428 297.005 206.087 304.963 180.237 961.107 116.776 886.391 475.142 521.607 683.133 84.452 902.421 371.445 158.078 45.069 542.081 755.067 403.4 914.682 174.078 196.556 345.377 409.774 20.127 803.589 954.077 840.176 293.11 458.668 558.254 870.106 940.149 514.294 54.63 668.768 427.144 354.113 39.876 415.965 789.393 39.592 674.094 702.789 918.039 632.083 85.202 336.36 657.362 983.027 544.557 58.977 955.709 553.504 24.66 947.787 591.868 129.996 199.921 548.726 747.979 639.21 108.177 480.246 213.008 367.002 492.102 902.578 149.664 814.193 805.055 462.553 413.886 517.097 384.953 247.635 729.264 970.427 931.834 785.657 27.577 687.319 940.887
66.694 585.758 836.519 353.883 1000000000.0 321.503 6.352 387.372 540.811 293.734 843.573 621.075 134.566 453.23 417.583 768.79 745.398 772.881 495.065 351.29 449.192 897.399 926.322 838.991 698.733 480.504 222.495 204.082 962.216 146.486 740.164 364.558 796.832 689.52 769.274 28.582 968.802 809.027 251.298 258.297 39.513 290.469 752.621 26.688 83.788 819.256 902.623 644.616 955.621 213.682 429.506 679.631 778.351 680.188 489.107 921.229 107.564 360.984 173.776 844.8 530.844 668.462 513.492 367.823 429.168 565.524 231.837 67.967 468.414 103.225 509.328 844.428 25.547 328.259 954.914 506.735 211.571 738.691 531.301 718.108 728.564 454.533 711.94 178.906 79.806 250.217 110.486 384.119 68.584 885.79 658.684 740.253 443.348 133.261 525.55 442.075 66.57 931.778 59.534 444.783
269.295 13.182 299.961 265.335 321.503 1000000000.0 370.572 717.597 671.143 869.236 884.572 605.519 131.405 599.522 297.382 501.947 124.647 232.84 280.139 912.388 516.159 155.66 444.948 130.987 679.338 796.852 357.95 258.945 430.569 228.666 904.168 929.222 23.153 384.973 141.434 384.573 355.035 628.492 935.928 143.852 722.779 26.948 838.42 416.883 209.29 218.143 275.062 155.112 370.244 464.682 453.509 941.603 284.236 230.807 531.254 416.021 57.442 609.759 53.592 313.906 548.436 149.454 785.011 434.336 737.019 118.324 109.771 511.129 475.815 566.335 480.942 764.648 698.579 898.329 717.661 689.407 997.718 724.924 502.712 810.706 778.146 151.806 825.794 417.371 984.994 784.735 363.68 448.952 752.278 956.094 907.507 744.366 281.09 881.243 354.051 723.953 348.119 738.143 141.957 354.49
238.757 622.312 981.97 862.571 6.352 370.572 1000000000.0 735.544 26.337 263.665 242.931 124.591 573.857 560.672 142.784 484.786 144.504 753.931 894.84 565.177 963.515 529.705 552.984 312.707 909.572 510.682 604.413 148.795 547.838 27.764 932.471 114.206 331.061 728.552 474.669 348.373 1.779 423.135 327.601 778.965 608.125 17.93 700.414 487.078 431.432 880.123 476.44 681.213 161.984 307.135 830.36 328.396 993.995 257.398 642.928 501.693 739.311 767.857 230.893 8.812 929.684 995.624 438.43 222.077 57.68 624.82 423.948 214.712 306.055 818.003 362.103 514.95 111.914 636.175 54.624 994.93 452.661 783.184 15.957 275.848 493.829 167.47 130.143 908.143 725.137 410.797 451.898 181.193 224.291 670.108 334.246 638.481 32.618 835.463 599.671 87.195 910.268 880.865 587.282 995.084
761.193 989.446 401.19 91.975 387.372 717.597 735.544 1000000000.0 810.938 122.12 200.05 80.499 322.237 333.323 157.802 991.875 213.445 288.195 468.511 623.709 605.653 227.566 660.321 332.402 24.458 377.49 630.433 601.268 234.933 517.144 872.114 165.725 120.232 171.467 575.392 317.222 303.625 12.599 997.433 22.026 195.675 867.328 965.158 443.625 623.755 569.801 665.516 971.88 311.508 7.678 893.14 506.164 486.286 119.541 653.995 39.772 736.998 506.369 203.871 760.74 875.801 350.88 20.24 572.654 231.619 228.274 537.36 324.168 582.323 55.261 737.805 366.61 829.966 307.438 713.623 984.615 649.235 999.436 713.493 81.573 485.463 512.207 165.225 61.776 600.962 235.34 191.08 726.617 814.808 867.946 692.68 141.053 757.175 377.991 224.528 55.956 146.113 880.004 273.681 722.286
183.022 532.077 381.321 927.951 540.811 671.143 26.337 810.938 1000000000.0 638.652 673.033 900.08 290.954 876.531 564.288 226.971 307.918 198.967 355.716 627.438 874.197 671.972 556.514 972.397 870.366 557.938 551.124 596.171 263.018 140.851 89.439 173.28 840.205 748.316 556.787 951.28 526.83 66.838 757.795 322.508 840.692 730.757 513.768 707.127 601.13 791.571 686.504 656.35 108.061 815.434 945.95 102.443 725.523 767.698 367.4 111.922 920.178 458.857 300.604 871.884 251.553 486.296 619.94 852.786 674.864 739.432 255.269 619.636 930.408 991.57 984.367 904.601 306.35 722.083 320.701 523.482 454.336 777.385 340.188 438.582 933.45 362.664 35.425 185.682 943.898 519.295 184.205 226.101 817.145 467.553 392.186 683.428 912.643 906.159 159.755 60.101 631.161 24.529 878.308 444.995
957.134 111.749 466.188 739.449 293.734 869.236 263.665 122.12 638.652 1000000000.0 646.979 189.527 951.848 724.159 360.562 252.403 591.137 338.587 621.61 867.061 146.715 96.399 842.371 279.461 858.879 937.712 754.976 592.496 834.562 251.614 848.853 893.536 608.712 903.6 138.451 623.356 562.214 676.224 719.6 586.026 762.418 792.447 170.941 280.889 400.53 933.114 558.826 114.114 812.416 648.746 937.085 369.111 26.793 697.919 681.469 746.642 701.531 798.342 622.801 285.155 203.368 111.413 90.672 350.634 318.476 768.174 676.208 69.07 502.53 903.903 606.402 218.694 290.601 751.298 790.548 324.489 321.435 668.832 738.211 893.907 950.685 788.842 145.571 179.837 264.705 210.872 526.095 470.192 360.09 246.458 208.209 568.472 411.975 511.468 539.467 650.85 417.762 405.972 314.302 188.93
684.192 803.117 949.278 350.094 843.573 884.572 242.931 200.05 673.033 646.979 1000000000.0 818.346 250.383 6.945 800.517 294.572 97.423 383.374 764.368 57.628 194.991 787.258 929.383 876.159 131.515 475.51 432.704 222.471 110.768 928.266 928.522 489.043 855.543 510.55 474.498 813.258 809.192 545.533 939.967 313.502 617.323 7.19 298.732 666.01 221.221 756.011 851.853 97.64 75.499 637.597 480.023 827.97 306.294 921.697 460.817 322.961 829.206 616.233 260.197 563.758 79.198 159.776 555.916 458.126 797.826 719.643 314.105 131.68 816.701 539.972 914.15 428.259 273.375 711.165 933.84 934.739 797.553 658.941 993.699 725.08 321.621 338.193 587.721 907.637 14.463 212.949 317.875 508.659 777.884 170.487 644.724 325.714 783.811 241.335 100.926 313.697 213.882 557.653 501.245 566.77
288.59 407.137 531.681 758.948 621.075 605.519 124.591 80.499 900.08 189.527 818.346 1000000000.0 821.59 800.919 520.641 510.841 919.93 537.739 21.812 699.12 321.335 804.37 30.596 767.783 708.699 420.902 230.718 139.038 678.659 799.882 318.744 773.878 626.731 912.467 481.499 601.015 163.054 918.368 265.891 187.411 498.617 656.996 857.963 825.06 419.847 928.467 972.977 405.032 592.323 921.84 307.627 991.856 559.642 430.952 876.634 971.399 946.168 222.406 331.669 940.128 966.706 70.403 131.171 814.984 514.518 329.26 725.349 797.735 877.178 813.364 695.465 966.226 324.867 631.909 327.067 366.586 65.509 995.37 177.366 942.482 463.206 610.604 264.53 353.302 408.856 795.179 561.294 89.437 427.674 263.143 264.486 494.416 864.743 556.176 120.289 47.248 609.752 63.863 141.892 430.566
720.677 471.197 757.838 118.89 134.566 131.405 573.857 322.237 290.954 951.848 250.383 821.59 1000000000.0 945.283 352.376 236.446 628.965 974.17 675.92 874.422 551.665 904.324 572.491 325.45 825.908 535.219 266.22 186.164 282.297 659.163 731.522 379.031 74.398 219.876 833.296 999.774 286.908 713.508 483.58 385.22 225.292 900.816 567.533 295.472 282.728 844.688 959.865 672.714 602.458 967.447 648.492 577.416 897.428 14.423 877.959 563.052 51.289 216.501 567.908 371.863 562.823 636.883 314.665 337.233 567.719 505.235 109.057 485.479 327.763 815.338 493.109 988.485 165.039 658.966 865.654 483.303 167.712 862.518 48.375 740.172 131.834 303.197 158.522 279.955 714.612 633.615 617.209 402.598 420.128 218.313 434.98 168.559 515.084 811.65 840.421 923.457 79.607 514.026 945.814 148.754
118.863 767.949 408.687 664.244 453.23 599.522 560.672 333.323 876.531 724.159 6.945 800.919 945.283 1000000000.0 36.871 900.963 152.458 55.098 244.005 41.726 910.978 221.301 11.13 100.618 627.584 505.365 86.909 79.196 179.49 84.597 424.638 89.059 450.625 978.957 119.647 522.552 619.07 38.783 81.541 282.97 129.768 39.747 229.359 201.79 742.901 385.45 460.835 911.41 100.332 981.382 385.696 350.439 863.254 58.227 690.897 659.538 769.782 451.679 890.146 820.045 129.05 345.997 211.603 669.102 349.521 996.32 367.9 865.074 60.38 169.614 589.918 946.099 994.297 210.568 497.133 13.658 34.955 763.905 712.945 493.522 355.263 710.315 345.273 26.733 498.304 473.29 497.046 397.837 159.329 225.144 57.716 394.901 486.332 414.21 332.613 279.758 117.588 298.67 959.035 176.462
148.941 638.733 166.009 633.493 417.583 297.382 142.784 157.802 564.288 360.562 800.517 520.641 352.376 36.871 1000000000.0 100.959 448.466 49.005 605.288 821.989 880.422 855.473 291.712 202.918 671.883 974.09 932.555 89.564 754.077 830.959 708.403 326.84 944.002 773.713 712.008 242.077 103.959 216.13 209.128 921.173 750.845 516.495 775.347 415.132 420.524 142.419 611.477 633.667 88.849 830.359 126.162 813.221 497.71 508.924 172.189 741.864 974.036 705.17 653.376 849.306 195.734 944.306 45.532 807.503 888.899 890.189 309.462 474.939 99.871 557.212 688.681 345.058 111.777 328.78 942.194 221.886 401.543 392.842 85.238 838.253 262.149 378.631 839.733 759.365 778.385 206.365 870.009 137.298 39.476 618.274 187.192 937.424 675.081 417.94 56.466 921.075 559.906 438.118 592.096 504.988
233.068 40.163 659.542 242.091 768.79 501.947 484.786 991.875 226.971 252.403 294.572 510.841 236.446 900.963 100.959 1000000000.0 545.544 889.24 358.304 138.256 334.843 798.522 204.233 327.506 930.608 539.775 329.088 411.343 9.669 48.239 715.736 71.3 873.631 462.042 834.307 413.818 913.799 958.642 799.41 107.363 523.87 214.852 199.166 443.007 355.695 397.866 503.021 83.773 496.532 494.002 311.845 141.431 916.952 661.801 991.5 237.835 292.342 845.147 656.636 685.716 120.489 581.042 712.849 391.441 177.023 661.423 310.681 263.286 463.615 69.2 327.562 892.314 2.023 143.317 911.075 670.49 61.644 160.212 207.689 892.951 710.669 555.216 186.14 867.629 782.017 507.178 304.35 381.723 932.896 387.164 272.363 567.004 93.025 927.848 889.837 858.576 937.512 347.778 58.516 45.083
112.089 471.792 244.452 181.347 745.398 124.647 144.504 213.445 307.918 591.137 97.423 919.93 628.965 152.458 448.466 545.544 1000000000.0 311.492 405.541 213.894 77.88 540.459 629.887 693.555 67.678 111.009 877.406 303.087 235.672 886.212 247.273 827.715 889.977 840.087 708.264 961.366 835.388 221.563 401.199 308.814 895.94 244.682 502.773 822.055 357.034 72.218 8.032 709.21 474.223 268.732 398.38 414.996 400.66 61.05 436.762 110.714 52.145 561.772 221.378 375.568 651.532 503.534 474.307 558.619 999.51 905.463 308.71 238.964 624.55 909.365 508.641 323.024 255.583 71.895 747.038 916.281 510.66 775.767 451.946 94.252 627.793 956.471 475.438 727.518 975.33 179.023 777.122 770.869 137.352 528.848 4.764 833.589 982.96 653.814 131.107 69.729 816.913 801.39 589.298 588.498
869.428 925.773 186.386 845.428 772.881 232.84 753.931 288.195 198.967 338.587 383.374 537.739 974.17 55.098 49.005 889.24 311.492 1000000000.0 402.387 124.282 25.618 618.646 429.057 553.402 627.325 67.241 253.923 399.055 422.423 545.973 657.122 749.894 108.6 457.741 145.198 556.469 487.34 82.421 739.684 769.268 106.788 357.738 683.219 452.458 265.259 230.475 264.04 935.853 195.859 259.377 643.542 501.712 376.385 912.376 473.413 594.708 934.874 943.257 841.308 251.516 418.977 894.418 420.979 979.794 730.71 577.76 27.171 630.166 3.051 583.945 121.288 23.722 514.968 829.633 446.506 201.062 714.006 833.138 508.34 849.43 640.347 361.161 731.462 650.754 851.246 985.273 699.192 433.153 77.841 90.473 293.87 161.212 190.849 511.628 572.706 237.726 628.896 119.763 22.557 714.141
825.989 378.964 170.46 297.005 495.065 280.139 894.84 468.511 355.716 621.61 764.368 21.812 675.92 244.005 605.288 358.304 405.541 402.387 1000000000.0 280.166 796.073 998.406 952.475 189.331 193.036 583.925 812.539 624.196 423.655 720.813 569.689 121.67 762.46 892.344 912.062 518.177 890.581 430.729 508.385 159.575 659.196 118.886 856.55 729.285 41.259 887.52 541.449 697.157 898.481 274.816 362.067 483.577 112.196 38.543 587.478 13.32 168.88 882.687 926.884 215.303 692.32 904.943 415.092 44.503 961.624 858.277 843.784 163.595 704.627 726.599 240.583 747.382 113.887 335.396 102.708 825.261 386.391 984.714 49.548 415.675 470.21 805.904 760.268 605.759 397.668 821.012 676.158 626.683 90.309 789.946 574.341 16.751 579.57 585.667 717.931 55.893 108.247 366.49 545.999 837.061
419.784 489.138 795.239 206.087 351.29 912.388 565.177 623.709 627.438 867.061 57.628 699.12 874.422 41.726 821.989 138.256 213.894 124.282 280.166 1000000000.0 599.094 23.5 738.967 347.092 744.127 700.258 606.817 780.196 391.51 365.75 610.737 86.252 891.383 465.892 477.566 247.035 553.615 434.821 987.35 105.057 368.795 163.236 965.068 866.498 234.82 913.133 249.224 233.234 947.987 803.226 438.077 833.192 487.532 164.666 578.282 653.487 845.081 978.207 997.405 163.793 980.915 467.852 698.629 641.924 833.584 562.147 716.823 498.197 632.137 156.519 301.361 412.395 149.912 458.959 771.987 566.974 60.113 252.591 83.877 64.651 980.849 590.722 451.965 487.431 158.206 215.293 803.817 231.275 289.878 250.807 243.12 520.571 452.914 115.123 189.227 848.034 62.774 594.291 558.986 802.156
603.369 255.55 984.563 304.963 449.192 516.159 963.515 605.653 874.197 146.715 194.991 321.335 551.665 910.978 880.422 334.843 77.88 25.618 796.073 599.094 1000000000.0 259.306 326.861 461.429 991.118 811.468 112.815 451.301 827.681 60.022 362.837 808.922 497.136 102.511 387.554 217.022 140.216 548.188 641.443 494.539 765.617 333.639 379.264 76.29 634.052 500.681 620.146 241.511 827.924 863.906 680.72 247.024 945.641 117.908 757.179 502.674 866.753 30.414 772.301 385.719 925.549 299.063 750.728 323.871 609.268 724.019 974.219 136.197 498.79 658.852 826.322 632.098 687.182 56.325 935.582 579.499 720.3 940.101 470.427 301.525 953.096 264.728 444.002 199.187 89.16 442.661 632.137 994.06 996.443 127.763 100.233 409.035 872.99 670.281 289.908 74.031 869.062 459.251 427.105 927.185
771.752 819.248 377.384 180.237 897.399 155.66 529.705 227.566 671.972 96.399 787.258 804.37 904.324 221.301 855.473 798.522 540.459 618.646 998.406 23.5 259.306 1000000000.0 943.57 567.406 315.812 904.735 974.508 828.533 815.91 780.641 772.511 452.024 872.136 461.094 483.431 290.646 288.993 702.62 386.764 11.325 24.534 611.405 485.112 906.546 312.345 742.451 558.132 246.88 74.565 753.04 163.658 450.763 375.291 968.173 916.076 250.541 504.973 507.461 664.444 367.061 435.476 303.105 723.735 962.07 683.462 816.549 704.476 456.637 781.173 779.584 530.121 745.893 162.323 401.086 307.724 852.944 322.686 860.521 571.958 99.378 800.592 128.628 708.128 287.087 436.343 594.505 612.22 30.248 849.124 986.409 386.475 34.898 150.451 317.924 233.991 909.714 523.954 939.754 914.692 796.631
559.242 224.246 666.221 961.107 926.322 444.948 552.984 660.321 556.514 842.371 929.383 30.596 572.491 11.13 291.712 204.233 629.887 429.057 952.475 738.967 326.861 943.57 1000000000.0 62.086 784.641 80.029 730.741 88.036 708.115 364.928 365.449 787.703 785.944 958.848 553.856 192.477 790.602 628.015 628.325 613.768 539.413 980.847 756.16 581.31 886.74 864.139 979.555 337.748 684.119 209.914 235.149 879.028 135.296 880.907 496.616 370.854 478.496 272.493 68.289 525.475 455.756 478.228 871.788 234.139 841.612 464.425 217.817 394.957 505.908 103.92 369.1 318.18 896.955 744.356 601.377 251.624 372.578 311.412 78.763 641.021 33.987 255.957 135.57 860.026 437.479 486.961 374.901 8.511 341.86 951.846 725.157 2.014 868.013 926.818 454.295 938.89 61.576 724.556 536.39 563.259
787.48 779.153 305.764 116.776 838.991 130.987 312.707 332.402 972.397 279.461 876.159 767.783 325.45 100.618 202.918 327.506 693.555 553.402 189.331 347.092 461.429 567.406 62.086 1000000000.0 826.554 338.249 366.349 11.165 935.561 373.483 847.343 957.029 938.343 676.433 446.217 762.432 1.203 911.426 230.314 344.365 240.825 568.208 969.045 687.345 773.895 955.104 912.067 751.165 333.479 158.726 478.672 624.999 877.437 946.43 629.819 534.46 178.637 414.766 739.868 508.633 278.926 422.713 700.198 411.035 736.017 263.252 14.663 851.145 996.507 404.057 33.571 91.519 406.596 9.95 235.079 994.061 649.483 947.181 240.994 381.137 410.671 808.36 164.429 492.761 859.003 208.68 861.068 683.608 314.632 291.041 652.511 78.338 120.054 120.679 655.231 504.563 809.821 305.839 311.772 990.137
174.339 248.156 409.299 886.391 698.733 679.338 909.572 24.458 870.366 858.879 131.515 708.699 825.908 627.584 671.883 930.608 67.678 627.325 193.036 744.127 991.118 315.812 784.641 826.554 1000000000.0 647.307 483.279 121.962 261.129 642.169 525.975 838.203 576.875 218.64 235.619 903.166 581.291 885.255 20.245 992.565 413.345 669.45 857.939 562.325 508.192 164.822 754.696 875.762 490.344 687.898 974.614 603.557 711.629 996.231 786.239 895.515 289.069 19.224 852.35 994.151 90.339 223.692 880.77 282.114 125.894 958.125 364.377 240.788 440.025 857.56 714.376 657.36 495.446 106.553 857.357 351.924 297.849 447.7 374.863 402.485 355.106 388.295 771.55 110.647 81.125 922.196 227.922 117.127 25.107 768.172 112.948 421.739 34.279 242.302 538.059 625.632 981.352 713.558 580.431 173.13
181.31 667.048 258.477 475.142 480.504 796.852 510.682 377.49 557.938 937.712 475.51 420.902 535.219 505.365 974.09 539.775 111.009 67.241 583.925 700.258 811.468 904.735 80.029 338.249 647.307 1000000000.0 445.905 198.386 561.014 396.721 481.236 131.796 126.799 776.992 50.061 542.052 244.236 123.281 612.994 389.16 136.248 198.743 817.736 5.945 481.784 617.976 662.24 883.855 519.752 307.639 956.61 564.163 934.221 285.41 715.627 585.481 61.857 726.594 754.327 971.483 524.11 879.653 76.675 89.951 532.058 818.898 836.362 596.112 555.444 985.048 695.595 822.584 555.949 756.254 893.976 640.104 864.265 697.238 316.474 80.541 650.35 322.167 291.615 37.505 775.034 185.707 107.413 860.156 286.858 751.6 308.204 859.942 48.797 253.226 899.216 52.75 901.216 506.608 407.599 36.53
783.682 113.807 668.079 521.607 222.495 357.95 604.413 630.433 551.124 754.976 432.704 230.718 266.22 86.909 932.555 329.088 877.406 253.923 812.539 606.817 112.815 974.508 730.741 366.349 483.279 445.905 1000000000.0 291.985 871.395 55.176 770.338 766.051 541.786 639.997 188.734 536.559 565.825 277.347 690.908 584.583 809.537 679.482 322.715 979.689 910.239 917.663 754.569 726.984 614.418 993.08 503.461 718.366 267.757 832.531 757.168 706.786 713.304 5.235 699.32 464.764 805.743 882.899 135.312 705.88 487.476 450.243 683.375 922.106 966.29 720.632 125.824 990.827 244.145 988.784 109.074 571.532 766.818 89.912 826.226 206.813 8.78 8.15 703.157 447.885 618.006 620.893 658.578 882.569 199.56 430.696 636.605 118.418 401.759 165.089 521.982 213.804 632.507 75.15 91.963 192.749
960.869 848.756 278.874 683.133 204.082 258.945 148.795 601.268 596.171 592.496 222.471 139.038 186.164 79.196 89.564 411.343 303.087 399.055 624.196 780.196 451.301 828.533 88.036 11.165 121.962 198.386 291.985 1000000000.0 446.106 767.116 565.609 926.491 352.146 602.379 311.173 154.868 513.687 970.197 537.954 990.597 804.026 595.156 701.044 54.706 778.653 888.568 262.168 165.047 480.683 521.895 123.853 597.196 135.82 809.958 845.872 299.821 876.781 824.819 744.717 133.621 535.009 242.447 834.283 115.08 670.41 716.01 679.822 51.091 49.562 696.081 246.046 12.853 136.551 341.075 148.223 799.9 818.863 22.907 177.652 211.515 30.719 144.642 838.953 367.49 298.969 874.57 545.645 251.18 371.874 947.25 522.689 190.999 104.095 880.783 376.072 941.289 158.509 902.766 664.447 77.965
456.056 944.999 647.109 84.452 962.216 430.569 547.838 234.933 263.018 834.562 110.768 678.659 282.297 179.49 754.077 9.669 235.672 422.423 423.655 391.51 827.681 815.91 708.115 935.561 261.129 561.014 871.395 446.106 1000000000.0 677.792 226.071 900.956 539.384 853.763 944.296 771.252 921.886 235.016 642.176 126.783 868.868 555.038 889.577 390.244 452.67 858.522 749.009 922.327 11.454 701.593 8.475 878.007 949.881 791.079 915.218 716.194 597.91 712.75 780.4 360.536 897.791 183.57 33.976 88.959 11.527 13.124 434.764 572.449 443.002 780.44 939.047 433.865 215.778 648.029 578.883 943.592 483.445 608.225 231.616 865.599 270.715 78.465 668.576 502.461 627.955 241.053 240.132 489.315 51.047 388.247 530.882 406.369 382.737 519.377 449.1 578.102 788.374 872.777 894.662 498.35
827.322 735.468 614.227 902.421 146.486 228.666 27.764 517.144 140.851 251.614 928.266 799.882 659.163 84.597 830.959 48.239 886.212 545.973 720.813 365.75 60.022 780.641 364.928 373.483 642.169 396.721 55.176 767.116 677.792 1000000000.0 490.487 819.939 398.563 237.786 841.897 635.995 63.914 860.592 699.981 972.898 871.836 565.924 839.522 698.29 710.694 68.209 290.858 714.588 823.018 391.281 732.618 383.734 790.092 198.301 905.137 9.238 798.411 469.592 452.44 292.924 699.757 420.483 337.705 590.476 759.64 387.106 759.631 786.997 169.788 35.448 161.423 926.939 515.777 549.248 233.591 432.407 271.929 683.173 44.288 889.672 871.252 505.656 498.815 653.011 452.357 737.341 829.849 113.356 781.278 621.231 600.271 215.674 87.604 384.53 582.426 847.107 485.346 681.014 113.357 698.99
167.452 741.084 665.247 371.445 740.164 904.168 932.471 872.114 89.439 848.853 928.522 318.744 731.522 424.638 708.403 715.736 247.273 657.122 569.689 610.737 362.837 772.511 365.449 847.343 525.975 481.236 770.338 565.609 226.071 490.487 1000000000.0 351.344 754.485 66.166 716.318 220.806 868.28 709.341 580.626 930.968 373.597 968.849 191.393 769.34 7.976 117.374 690.496 189.286 63.436 831.404 56.724 724.295 227.606 551.68 870.653 140.763 363.954 779.501 340.747 501.563 562.38 453.024 344.433 600.03 232.141 513.558 358.242 526.44 210.729 305.979 588.67 526.064 394.846 897.572 185.901 886.839 613.013 316.129 727.903 889.997 292.258 221.397 586.32 19.648 165.973 160.988 298.597 669.035 919.011 457.672 918.013 62.877 933.83 757.602 553.971 397.29 418.452 3.015 412.179 515.328
67.063 874.317 230.669 158.078 364.558 929.222 114.206 165.725 173.28 893.536 489.043 773.878 379.031 89.059 326.84 71.3 827.715 749.894 121.67 86.252 808.922 452.024 787.703 957.029 838.203 131.796 766.051 926.491 900.956 819.939 351.344 1000000000.0 812.987 358.328 509.933 855.223 626.888 314.094 611.683 695.677 613.615 996.077 824.973 603.026 399.317 764.496 820.887 405.061 308.219 755.586 853.215 818.469 242.286 660.52 672.08 923.369 406.003 680.247 626.563 572.935 639.653 821.106 182.696 801.007 209.313 428.471 37.303 363.246 634.081 181.659 459.416 651.62 78.356 99.856 949.223 905.041 221.754 586.868 454.066 713.746 621.779 492.434 201.961 571.137 383.479 732.962 663.664 168.691 260.8 136.636 890.26 540.499 335.748 943.19 578.197 793.092 709.355 374.814 129.524 826.814
774.656 961.638 957.683 45.069 796.832 23.153 331.061 120.232 840.205 608.712 855.543 626.731 74.398 450.625 944.002 873.631 889.977 108.6 762.46 891.383 497.136 872.136 785.944 938.343 576.875 126.799 541.786 352.146 539.384 398.563 754.485 812.987 1000000000.0 911.496 165.227 279.209 145.187 721.657 122.881 427.428 249.59 658.25 956.687 241.356 220.919 439.142 979.417 335.275 185.115 45.576 345.938 234.934 6.345 739.307 496.127 270.845 243.753 886.82 833.739 692.838 79.175 945.408 228.221 37.428 491.775 679.309 454.449 692.775 341.286 251.781 859.58 773.472 767.971 495.961 966.538 677.518 518.783 884.771 615.554 503.988 869.742 320.642 127.204 339.361 907.811 535.18 59.497 527.533 887.887 970.621 197.572 763.339 541.011 992.912 612.482 398.781 367.061 329.942 822.572 33.872
961.684 278.564 439.222 542.081 689.52 384.973 728.552 171.467 748.316 903.6 510.55 912.467 219.876 978.957 773.713 462.042 840.087 457.741 892.344 465.892 102.511 461.094 958.848 676.433 218.64 776.992 639.997 602.379 853.763 237.786 66.166 358.328 911.496 1000000000.0 891.942 583.022 964.821 274.056 30.014 779.219 970.075 963.73 597.306 443.704 853.77 540.491 982.137 654.799 674.649 896.973 869.668 136.949 397.417 708.008 264.608 5.026 551.805 709.853 802.32 673.267 455.072 556.327 669.113 469.163 265.843 774.688 347.611 643.315 412.61 640.583 367.339 543.764 996.975 106.518 860.198 728.589 479.541 576.799 362.646 78.507 830.897 807.459 338.802 48.38 369.839 562.327 727.462 347.006 916.922 921.374 282.492 514.13 682.704 564.275 449.487 986.539 680.952 872.229 71.185 766.252
410.3 697.756 938.207 755.067 769.274 141.434 474.669 575.392 556.787 138.451 474.498 481.499 833.296 119.647 712.008 834.307 708.264 145.198 912.062 477.566 387.554 483.431 553.856 446.217 235.619 50.061 188.734 311.173 944.296 841.897 716.318 509.933 165.227 891.942 1000000000.0 473.233 262.554 209.357 670.964 47.514 944.395 661.796 169.291 645.545 512.385 470.904 830.62 251.626 542.575 667.472 272.385 84.602 540.163 12.557 855.155 303.262 661.029 305.824 920.857 481.651 549.214 685.739 104.888 195.933 226.909 161.374 109.324 402.986 562.814 19.544 341.674 948.716 334.663 703.277 921.255 885.665 225.467 897.46 195.897 695.822 516.924 821.005 234.015 834.348 140.541 346.277 780.856 766.681 637.275 935.502 244.296 220.228 383.299 566.397 723.067 948.62 369.398 673.834 765.029 13.464
716.184 645.125 637.453 403.4 28.582 384.573 348.373 317.222 951.28 623.356 813.258 601.015 999.774 522.552 242.077 413.818 961.366 556.469 518.177 247.035 217.022 290.646 192.477 762.432 903.166 542.052 536.559 154.868 771.252 635.995 220.806 855.223 279.209 583.022 473.233 1000000000.0 256.652 972.347 35.485 166.435 336.205 716.699 311.689 888.291 179.661 793.297 734.867 879.004 581.784 290.292 708.993 145.706 868.465 873.706 513.602 678.629 270.111 189.486 567.903 782.239 258.543 199.623 356.035 259.537 23.797 68.036 475.297 167.916 277.413 986.269 114.894 492.365 754.582 701.203 993.767 278.398 872.849 159.047 364.156 330.597 903.647 153.084 433.936 423.582 743.233 21.104 330.154 914.123 233.068 97.324 59.728 42.288 254.391 698.5 381.93 431.494 984.559 862.175 544.171 227.954
576.025 992.417 101.685 914.682 968.802 355.035 1.779 303.625 526.83 562.214 809.192 163.054 286.908 619.07 103.959 913.799 835.388 487.34 890.581 553.615 140.216 288.993 790.602 1.203 581.291 244.236 565.825 513.687 921.886 63.914 868.28 626.888 145.187 964.821 262.554 256.652 1000000000.0 17.158 349.521 241.213 500.594 825.303 867.599 847.321 405.716 882.937 963.881 259.985 251.487 681.833 847.598 797.031 873.75 785.996 73.526 401.907 805.332 709.041 146.5 604.359 880.74 212.529 259.176 818.757 852.487 329.019 387.917 680.675 209.857 411.138 220.933 269.054 146.419 45.351 750.141 437.459 680.748 265.812 285.174 155.668 728.556 792.546 511.416 510.025 707.846 564.79 118.517 990.274 573.791 852.877 121.04 588.23 465.338 40.94 375.109 101.105 707.12 619.442 599.988 322.538
702.168 456.602 118.758 174.078 809.027 628.492 423.135 12.599 66.838 676.224 545.533 918.368 713.508 38.783 216.13 958.642 221.563 82.421 430.729 434.821 548.188 702.62 628.015 911.426 885.255 123.281 277.347 970.197 235.016 860.592 709.341 314.094 721.657 274.056 209.357 972.347 17.158 1000000000.0 327.561 799.693 912.231 376.632 418.796 529.179 517.783 149.921 375.347 397.805 502.195 494.041 259.701 617.878 407.748 592.671 498.946 210.925 189.367 102.493 540.661 583.441 163.911 232.472 331.3 688.953 645.832 162.551 529.773 602.199 790.661 945.479 304.549 943.917 398.187 384.608 809.531 696.917 456.609 769.056 868.361 598.44 570.309 32.913 970.651 274.204 585.976 786.522 727.775 316.077 624.344 693.433 904.535 10.652 53.878 237.366 218.455 977.706 820.099 680.383 36.489 253.472
26.317 431.95 277.678 196.556 251.298 935.928 327.601 997.433 757.795 719.6 939.967 265.891 483.58 81.541 209.128 799.41 401.199 739.684 508.385 987.35 641.443 386.764 628.325 230.314 20.245 612.994 690.908 537.954 642.176 699.981 580.626 611.683 122.881 30.014 670.964 35.485 349.521 327.561 1000000000.0 720.189 197.196 832.858 930.108 167.16 78.459 49.56 478.702 298.014 321.345 512.299 530.265 169.639 102.297 626.559 110.084 380.217 466.976 414.54 722.296 729.963 343.914 35.063 934.877 614.673 247.388 506.507 948.62 621.527 173.448 594.7 338.972 804.882 786.361 85.096 830.245 345.215 48.716 629.739 763.895 208.909 558.725 321.479 260.839 944.45 28.599 642.539 123.153 260.711 409.073 407.211 925.495 73.05 527.837 393.973 426.585 195.241 67.895 390.52 174.229 983.055
772.685 693.623 83.774 345.377 258.297 143.852 778.965 22.026 322.508 586.026 313.502 187.411 385.22 282.97 921.173 107.363 308.814 769.268 159.575 105.057 494.539 11.325 613.768 344.365 992.565 389.16 584.583 990.597 126.783 972.898 930.968 695.677 427.428 779.219 47.514 166.435 241.213 799.693 720.189 1000000000.0 784.19 943.803 673.951 973.408 487.764 277.947 435.681 222.66 912.977 120.842 639.623 868.965 162.453 153.73 821.154 598.0 469.095 579.259 535.715 689.664 510.803 768.209 290.162 439.794 335.873 714.197 670.518 781.682 687.574 132.074 845.605 75.869 275.743 582.648 520.084 36.518 602.408 384.968 931.781 345.802 542.177 178.772 750.362 779.807 807.835 330.64 32.191 697.422 588.796 838.41 208.135 40.049 16.466 84.832 601.683 681.777 845.486 26.726 195.832 276.839
173.79 71.799 134.442 409.774 39.513 722.779 608.125 195.675 840.692 762.418 617.323 498.617 225.292 129.768 750.845 523.87 895.94 106.788 659.196 368.795 765.617 24.534 539.413 240.825 413.345 136.248 809.537 804.026 868.868 871.836 373.597 613.615 249.59 970.075 944.395 336.205 500.594 912.231 197.196 784.19 1000000000.0 195.364 567.242 650.6 582.083 407.374 13.125 93.251 950.255 36.156 531.353 154.241 17.785 796.958 341.099 653.206 150.778 363.311 553.484 379.587 331.516 112.763 136.766 120.614 61.733 444.615 764.252 213.036 949.571 300.696 900.284 784.344 638.583 64.391 612.74 293.989 225.222 194.342 284.483 24.924 900.5 828.153 611.503 263.389 600.12 306.263 642.569 799.724 402.537 367.269 95.841 806.724 957.048 210.025 225.814 716.417 820.623 17.479 110.258 367.781
541.826 785.077 329.012 20.127 290.469 26.948 17.93 867.328 730.757 792.447 7.19 656.996 900.816 39.747 516.495 214.852 244.682 357.738 118.886 163.236 333.639 611.405 980.847 568.208 669.45 198.743 679.482 595.156 555.038 565.924 968.849 996.077 658.25 963.73 661.796 716.699 825.303 376.632 832.858 943.803 195.364 1000000000.0 977.86 98.977 71.8 305.899 46.077 408.866 603.325 597.945 701.413 453.981 15.136 121.912 478.98 837.481 18.218 223.74 527.179 251.662 839.504 348.638 218.013 623.569 554.325 895.73 481.72 634.67 165.032 632.546 91.507 510.869 166.387 101.152 754.677 208.495 813.828 100.072 992.687 159.084 253.348 292.891 122.651 428.558 744.153 809.456 177.076 239.272 258.233 729.934 466.033 797.614 4.568 931.627 237.879 420.262 563.57 430.063 681.371 44.434
710.327 556.593 679.053 803.589 752.621 838.42 700.414 965.158 513.768 170.941 298.732 857.963 567.533 229.359 775.347 199.166 502.773 683.219 856.55 965.068 379.264 485.112 756.16 969.045 857.939 817.736 322.715 701.044 889.577 839.522 191.393 824.973 956.687 597.306 169.291 311.689 867.599 418.796 930.108 673.951 567.242 977.86 1000000000.0 155.281 45.031 373.187 172.028 69.642 962.814 629.241 80.994 993.371 498.999 845.636 727.915 779.834 552.628 462.246 960.232 132.77 56.837 602.171 623.228 896.478 112.758 455.815 569.423 96.075 332.73 173.763 425.727 219.012 685.586 331.763 720.807 137.69 606.71 723.163 162.89 709.539 21.522 843.665 602.163 113.583 246.944 77.899 489.313 210.194 902.652 983.885 131.363 462.712 945.545 232.061 639.868 104.802 562.43 494.179 516.793 592.167
372.494 842.437 945.515 954.077 26.688 416.883 487.078 443.625 707.127 280.889 666.01 825.06 295.472 201.79 415.132 443.007 822.055 452.458 729.285 866.498 76.29 906.546 581.31 687.345 562.325 5.945 979.689 54.706 390.244 698.29 769.34 603.026 241.356 443.704 645.545 888.291 847.321 529.179 167.16 973.408 650.6 98.977 155.281 1000000000.0 730.872 860.63 58.804 104.085 685.4 447.484 135.696 225.847 555.368 790.284 882.883 943.321 990.388 665.812 834.807 721.662 28.208 754.74 77.126 721.801 416.966 719.025 410.608 420.93 442.684 297.217 183.634 261.895 76.635 804.377 831.321 449.433 666.179 800.95 647.967 723.235 961.513 575.691 47.983 845.032 162.654 908.481 13.687 452.843 898.41 673.708 758.639 36.628 182.259 368.275 508.341 575.249 237.947 469.029 126.168 45.487
967.811 366.931 3.149 840.176 83.788 209.29 431.432 623.755 601.13 400.53 221.221 419.847 282.728 742.901 420.524 355.695 357.034 265.259 41.259 234.82 634.052 312.345 886.74 773.895 508.192 481.784 910.239 778.653 452.67 710.694 7.976 399.317 220.919 853.77 512.385 179.661 405.716 517.783 78.459 487.764 582.083 71.8 45.031 730.872 1000000000.0 354.017 180.074 148.63 393.84 94.536 255.033 238.227 76.599 13.362 866.181 131.046 44.894 980.014 931.723 767.726 119.941 892.071 764.865 4.715 775.611 958.444 565.786 821.451 848.636 912.45 90.98 163.351 890.292 216.045 396.101 697.036 877.163 311.754 239.79 701.804 341.51 899.662 415.267 440.119 194.209 848.418 483.955 669.31 723.634 797.625 473.997 84.009 647.262 210.976 414.23 642.881 367.448 978.314 475.771 422.126
139.13 264.895 192.122 293.11 819.256 218.143 880.123 569.801 791.571 933.114 756.011 928.467 844.688 385.45 142.419 397.866 72.218 230.475 887.52 913.133 500.681 742.451 864.139 955.104 164.822 617.976 917.663 888.568 858.522 68.209 117.374 764.496 439.142 540.491 470.904 793.297 882.937 149.921 49.56 277.947 407.374 305.899 373.187 860.63 354.017 1000000000.0 916.938 314.114 516.427 695.96 938.234 411.533 891.824 244.139 497.95 436.655 886.991 725.027 851.72 478.382 24.841 644.035 191.562 312.032 673.64 313.395 999.738 179.644 484.286 12.395 516.699 128.07 251.287 871.846 810.465 435.071 425.358 406.572 995.652 215.55 990.111 334.537 618.336 843.885 476.563 746.989 72.023 931.363 952.555 311.843 719.036 505.579 876.587 134.607 829.087 629.712 615.703 73.272 216.215 679.064
792.786 230.179 859.054 458.668 902.623 275.062 476.44 665.516 686.504 558.826 851.853 972.977 959.865 460.835 611.477 503.021 8.032 264.04 541.449 249.224 620.146 558.132 979.555 912.067 754.696 662.24 754.569 262.168 749.009 290.858 690.496 820.887 979.417 982.137 830.62 734.867 963.881 375.347 478.702 435.681 13.125 46.077 172.028 58.804 180.074 916.938 1000000000.0 773.266 400.126 881.976 469.626 141.646 28.262 609.311 965.487 14.75 930.149 826.283 81.114 188.83 515.49 403.048 802.655 460.791 914.704 459.809 81.049 39.708 795.72 214.347 526.801 516.241 17.336 189.458 345.307 187.134 28.93 745.635 7.03 249.882 887.847 660.818 474.982 616.096 941.74 831.25 64.341 657.092 459.388 126.976 469.328 464.262 646.179 750.844 784.844 207.298 269.701 692.011 8.427 86.104
920.423 141.605 466.785 558.254 644.616 155.112 681.213 971.88 656.35 114.114 97.64 405.032 672.714 911.41 633.667 83.773 709.21 935.853 697.157 233.234 241.511 246.88 337.748 751.165 875.762 883.855 726.984 165.047 922.327 714.588 189.286 405.061 335.275 654.799 251.626 879.004 259.985 397.805 298.014 222.66 93.251 408.866 69.642 104.085 148.63 314.114 773.266 1000000000.0 472.737 644.548 667.64 654.398 702.095 162.633 538.317 645.108 860.489 752.901 688.115 211.331 93.954 671.236 384.197 591.026 86.749 758.769 42.806 521.236 519.724 560.707 485.43 741.49 533.062 551.471 603.848 86.138 163.175 567.877 890.61 638.115 258.933 467.069 680.246 436.975 452.462 600.881 434.969 537.067 989.307 905.928 180.391 17.652 271.165 654.377 422.444 889.127 87.101 726.979 262.122 907.063
349.932 347.805 807.608 870.106 955.621 370.244 161.984 311.508 108.061 812.416 75.499 592.323 602.458 100.332 88.849 496.532 474.223 195.859 898.481 947.987 827.924 74.565 684.119 333.479 490.344 519.752 614.418 480.683 11.454 823.018 63.436 308.219 185.115 674.649 542.575 581.784 251.487 502.195 321.345 912.977 950.255 603.325 962.814 685.4 393.84 516.427 400.126 472.737 1000000000.0 170.391 938.84 547.406 919.63 217.535 665.961 391.422 773.089 440.079 384.899 872.306 325.635 286.172 877.516 103.293 476.616 210.391 638.327 949.861 720.744 187.016 287.423 37.246 219.104 512.748 384.868 308.513 885.585 394.286 948.52 777.643 581.189 731.39 995.501 500.633 167.91 551.564 75.326 921.946 293.043 505.845 349.809 298.291 547.472 271.59 433.898 448.341 563.432 308.516 139.698 348.029
90.088 111.981 785.288 940.149 213.682 464.682 307.135 7.678 815.434 648.746 637.597 921.84 967.447 981.382 830.359 494.002 268.732 259.377 274.816 803.226 863.906 753.04 209.914 158.726 687.898 307.639 993.08 521.895 701.593 391.281 831.404 755.586 45.576 896.973 667.472 290.292 681.833 494.041 512.299 120.842 36.156 597.945 629.241 447.484 94.536 695.96 881.976 644.548 170.391 1000000000.0 251.555 311.436 225.766 711.057 784.759 74.06 959.759 211.612 137.493 83.854 656.655 749.524 444.828 588.212 920.189 70.745 393.431 852.157 743.155 620.466 150.742 6.282 385.513 359.654 59.458 639.489 886.902 707.309 660.022 354.292 337.088 196.11 818.905 671.32 835.595 582.464 588.252 94.016 693.932 645.444 303.747 400.078 343.27 418.494 946.199 494.575 229.093 450.728 147.349 885.701
494.574 734.713 21.974 514.294 429.506 453.509 830.36 893.14 945.95 937.085 480.023 307.627 648.492 385.696 126.162 311.845 398.38 643.542 362.067 438.077 680.72 163.658 235.149 478.672 974.614 956.61 503.461 123.853 8.475 732.618 56.724 853.215 345.938 869.668 272.385 708.993 847.598 259.701 530.265 639.623 531.353 701.413 80.994 135.696 255.033 938.234 469.626 667.64 938.84 251.555 1000000000.0 881.375 271.056 666.846 160.255 261.874 773.413 373.639 148.824 867.671 277.354 574.533 711.905 945.16 695.787 789.352 455.321 753.305 814.693 228.613 186.455 556.854 651.542 251.208 910.722 457.963 13.667 74.305 169.39 260.768 99.834 544.974 164.329 390.833 141.648 275.208 474.011 963.899 11.44 508.078 183.454 944.03 895.247 314.967 737.158 644.485 515.183 279.289 345.07 328.033
