100
1000000000.0 204.794 402.599 232.29 422.138 25.644 735.575 480.521 309.648 182.338 775.743 985.157 447.115 705.038 55.373 904.973 310.497 848.623 258.843 930.113 270.357 33.583 663.4 587.219 960.971 191.853 187.162 549.667 832.956 785.305 157.011 25.991 422.588 414.535 237.702 888.857 749.474 916.002 367.719 576.685 326.978 53.449 50.918 170.479 391.171 944.23 95.688 288.472 89.002 254.108 570.196 431.634 646.091 902.914 227.941 332.15 248.609 896.131 773.723 688.918 935.1 856.209 133.498 889.88 808.189 11.726 327.959 171.826 271.528 507.172 754.572 329.295 16.21 275.742 252.534 572.811 847.291 429.889 746.372 436.385 692.718 848.164 577.933 303.387 684.071 334.916 614.856 755.213 89.481 889.118 28.905 408.373 247.639 108.34 234.748 246.35 916.21 813.088 163.576 498.69
204.794 1000000000.0 227.631 514.181 896.006 746.926 550.036 384.585 456.139 116.595 963.93 918.356 553.041 282.439 461.429 475.209 593.481 715.109 15.447 210.888 945.299 487.97 878.444 835.456 254.464 963.437 895.922 913.278 351.581 120.317 590.87 245.436 155.611 921.052 354.969 562.319 961.191 194.438 529.736 897.932 726.141 637.982 719.511 223.124 946.347 268.164 294.507 323.539 671.851 682.564 871.25 130.521 197.278 310.229 592.59 980.137 883.358 25.66 312.953 192.4 449.387 512.37 424.628 703.727 153.162 688.978 390.21 52.794 913.03 213.871 928.646 631.195 577.068 818.305 947.617 615.285 582.158 666.722 48.422 433.136 590.184 167.235 994.522 850.931 779.918 869.595 623.768 266.023 121.907 487.607 779.388 714.172 718.197 86.342 945.493 542.025 642.446 492.746 346.941 509.053
402.599 227.631 1000000000.0 61.6 4.151 335.656 323.356 339.616 274.437 251.673 880.287 478.239 814.415 465.571 268.459 455.793 112.607 570.994 50.771 187.552 729.496 978.845 608.839 910.46 873.766 21.698 406.073 343.568 887.81 179.254 583.976 201.863 98.566 628.575 3.283 512.72 25.62 911.905 743.777 608.616 236.309 851.462 808.657 92.017 180.777 253.752 753.437 761.528 855.367 618.857 571.816 677.369 15.264 373.988 389.298 782.063 452.91 34.908 715.599 53.424 595.787 945.936 500.95 380.047 776.134 180.322 903.409 391.524 348.518 107.641 373.734 547.172 785.927 894.449 279.434 597.122 972.65 428.313 42.488 746.954 912.358 617.16 511.869 535.23 218.492 457.217 425.952 680.228 885.812 257.91 865.734 161.425 689.105 38.768 991.336 125.914 783.624 706.218 308.72 153.77
232.29 514.181 61.6 1000000000.0 194.653 90.55 537.645 238.182 889.943 989.258 158.171 120.795 438.264 903.691 230.506 681.885 832.829 650.929 784.389 753.941 13.746 185.039 993.307 153.247 722.887 282.016 145.849 521.797 508.617 857.665 748.18 39.868 136.835 65.829 976.023 59.209 655.165 363.745 384.101 682.46 724.237 907.856 86.445 906.179 778.318 903.836 250.293 210.6 503.155 145.059 324.976 188.021 185.895 890.529 148.118 740.612 928.908 775.338 304.872 583.705 149.538 600.798 219.756 159.943 781.223 509.853 384.15 612.219 272.441 578.278 612.129 745.466 459.286 93.876 628.901 583.0 114.275 175.379 606.718 59.402 427.346 949.894 40.317 164.402 536.927 725.006 228.688 728.57 106.896 373.163 466.031 100.339 515.649 846.88 592.508 433.817 412.951 997.585 539.784 511.25
422.138 896.006 4.151 194.653 1000000000.0 433.319 330.252 910.06 847.871 991.226 554.292 166.467 173.589 80.113 957.883 302.336 463.19 390.079 760.463 994.197 285.387 652.763 290.628 637.282 148.839 626.31 943.623 4.125 50.51 495.832 150.165 561.975 254.954 204.471 798.056 87.43 106.28 585.933 489.245 551.925 465.803 451.546 401.136 432.931 485.128 406.829 827.03 887.255 157.984 360.026 706.876 228.385 938.17 106.423 817.853 235.951 940.986 806.248 33.6 818.376 287.524 706.133 621.684 502.949 214.058 852.031 763.469 999.089 835.153 663.354 966.882 679.954 69.612 426.485 322.817 483.279 398.982 325.747 84.031 645.039 214.424 678.836 624.107 815.906 148.7 634.812 816.214 783.896 437.944 387.104 34.399 797.876 443.877 554.661 221.362 660.723 864.381 594.45 888.005 379.157
25.644 746.926 335.656 90.55 433.319 1000000000.0 388.7 613.928 711.064 211.686 754.522 116.744 735.822 203.03 444.955 617.781 342.003 70.34 695.097 124.426 929.014 325.713 165.891 614.057 298.544 271.261 548.499 218.684 999.004 819.148 614.084 897.556 701.754 493.164 166.718 617.111 297.142 319.091 114.534 37.23 759.912 726.951 137.704 724.344 887.164 529.832 19.466 387.902 46.844 851.505 556.639 577.141 268.382 378.211 3.429 831.015 12.979 40.845 255.408 709.293 495.987 128.213 223.933 924.255 288.972 576.061 596.63 316.753 647.81 737.683 714.391 37.196 106.225 215.693 210.248 675.768 754.949 108.312 261.513 615.93 150.535 627.294 126.648 72.823 836.674 687.598 147.843 16.92 631.533 238.373 930.28 288.462 969.065 489.997 87.368 939.101 807.382 368.444 54.472 126.485
735.575 550.036 323.356 537.645 330.252 388.7 1000000000.0 849.286 842.119 373.933 610.079 549.558 153.248 65.404 385.069 98.441 401.374 54.768 600.497 619.904 663.003 102.5 581.842 687.337 696.4 891.384 870.017 831.094 941.523 868.905 417.818 339.243 998.758 503.834 73.844 425.325 356.207 12.287 20.451 427.543 782.71 60.299 792.098 390.479 823.371 784.98 419.382 479.142 469.602 615.531 926.41 655.296 599.168 96.177 671.476 973.46 540.763 61.276 240.22 1.162 428.454 352.783 413.717 608.35 298.531 622.842 181.77 446.408 108.475 930.508 648.176 904.7 495.127 412.506 399.666 701.248 796.134 731.543 439.181 613.694 658.45 767.173 718.888 204.153 79.048 475.394 144.667 827.556 653.877 335.944 866.699 383.7 393.308 131.464 464.937 248.436 889.862 785.301 608.295 227.439
480.521 384.585 339.616 238.182 910.06 613.928 849.286 1000000000.0 266.663 102.392 859.804 935.269 791.959 466.882 901.424 654.71 115.614 556.308 452.174 502.058 332.453 500.262 897.936 142.638 717.491 50.072 440.566 845.136 991.352 941.531 69.608 148.667 860.178 132.435 73.867 346.052 820.854 823.553 363.772 334.258 644.162 597.156 843.798 829.733 478.933 40.818 259.62 203.699 346.531 122.646 857.944 806.496 189.342 77.212 287.328 572.336 228.931 750.404 432.842 682.889 56.053 778.716 606.897 170.068 151.298 627.372 594.752 458.916 880.326 577.716 473.327 540.648 481.945 726.289 927.935 180.207 219.7 547.693 285.709 702.603 790.204 426.709 502.966 912.997 172.157 736.479 279.434 574.621 729.594 777.028 7.549 473.459 156.205 32.131 883.486 150.611 922.851 683.731 6.377 873.786
309.648 456.139 274.437 889.943 847.871 711.064 842.119 266.663 1000000000.0 527.927 944.055 125.281 492.329 829.398 514.485 173.37 190.308 77.78 194.387 790.765 466.885 940.475 240.235 491.129 472.222 551.576 248.882 402.943 243.629 826.218 159.63 670.236 983.648 573.783 302.553 94.011 913.402 788.192 95.304 602.29 488.097 778.031 369.175 842.165 569.996 308.235 876.446 101.335 505.662 923.191 570.453 400.364 579.568 523.046 89.648 294.13 535.744 465.203 147.02 47.445 528.575 858.937 810.466 710.382 158.714 494.868 95.805 630.523 753.107 853.956 238.022 303.966 38.691 726.723 461.825 62.511 314.016 691.405 36.933 720.331 592.965 736.295 710.979 52.963 551.161 906.918 36.957 195.193 680.471 941.727 5.81 163.406 977.473 452.653 826.757 576.531 350.268 266.679 185.278 850.458
182.338 116.595 251.673 989.258 991.226 211.686 373.933 102.392 527.927 1000000000.0 940.371 975.026 631.418 961.015 951.608 26.189 649.408 978.707 365.317 175.501 669.24 996.876 659.669 928.958 432.337 430.436 737.75 159.321 261.881 807.467 1.985 524.582 129.915 515.347 276.761 803.838 661.976 807.039 746.046 292.919 379.853 767.895 479.942 318.834 17.59 889.355 946.5 804.783 504.289 452.703 45.854 227.054 132.054 361.014 802.036 381.081 94.681 780.164 60.251 724.101 665.759 446.571 919.846 207.527 774.816 12.835 377.857 862.669 357.805 508.2 545.508 337.986 44.452 576.178 80.384 327.675 139.638 424.296 575.858 803.393 675.79 943.104 590.351 778.024 716.213 67.313 881.369 288.355 672.86 624.28 832.176 801.654 691.654 753.02 145.08 413.215 726.244 670.427 160.068 41.924
775.743 963.93 880.287 158.171 554.292 754.522 610.079 859.804 944.055 940.371 1000000000.0 687.464 948.953 77.719 23.035 167.628 143.678 810.362 573.105 158.056 620.245 638.22 715.975 571.01 643.174 993.117 127.29 446.777 757.117 566.568 648.151 364.711 226.249 765.027 419.103 790.46 88.317 252.313 134.781 399.523 624.252 684.538 191.507 214.555 189.124 994.664 159.083 887.934 29.986 886.067 522.464 62.039 836.497 191.975 579.736 568.424 351.677 922.707 646.403 424.457 971.129 179.423 922.321 831.121 773.911 510.679 604.142 777.486 621.292 855.954 917.216 411.987 494.836 798.001 129.906 170.393 67.967 630.594 963.749 404.835 744.085 205.704 124.57 32.96 290.834 357.708 881.966 938.675 514.485 163.09 802.011 718.392 477.526 799.737 844.603 566.16 105.942 39.575 448.59 681.369
985.157 918.356 478.239 120.795 166.467 116.744 549.558 935.269 125.281 975.026 687.464 1000000000.0 46.933 226.717 915.218 467.581 552.097 908.313 912.588 425.144 174.698 107.194 322.718 28.926 378.719 901.234 713.317 204.459 730.541 479.159 810.797 781.871 792.78 216.052 383.668 383.343 588.436 322.806 275.12 766.358 880.483 718.181 449.531 138.761 338.2 138.902 202.551 639.022 487.796 418.561 712.706 305.317 514.733 250.78 359.679 983.666 555.54 138.778 174.996 46.763 232.74 239.658 469.998 130.787 857.215 30.022 638.844 40.813 890.877 921.269 603.505 129.067 773.142 564.226 842.967 593.326 359.577 574.347 947.952 646.256 621.083 383.225 448.817 171.58 221.176 69.134 992.122 756.548 831.342 309.709 917.67 942.964 229.513 632.73 728.347 657.837 100.841 935.034 5.483 488.557
447.115 553.041 814.415 438.264 173.589 735.822 153.248 791.959 492.329 631.418 948.953 46.933 1000000000.0 86.161 422.999 317.678 294.678 143.871 999.328 629.047 171.839 471.611 254.003 924.77 276.853 46.999 393.033 23.791 606.109 501.282 292.325 389.094 103.983 771.492 746.619 949.369 439.966 924.703 504.831 493.985 104.088 72.435 936.344 406.296 432.64 697.587 903.645 366.688 76.473 950.683 497.136 191.012 409.38 760.692 458.688 336.805 475.093 335.291 20.902 734.464 430.443 634.668 508.193 278.767 964.122 146.923 951.025 637.029 655.475 78.9 22.442 188.943 370.497 759.416 35.425 245.247 621.86 306.228 360.97 169.611 8.863 747.365 777.169 262.915 154.693 105.451 253.429 541.164 87.201 723.217 825.068 974.676 631.528 241.188 378.487 330.245 430.286 703.687 805.357 569.283
705.038 282.439 465.571 903.691 80.113 203.03 65.404 466.882 829.398 961.015 77.719 226.717 86.161 1000000000.0 824.361 286.614 573.449 507.218 465.732 112.881 418.752 978.031 812.67 156.43 691.09 433.013 694.344 458.712 4.193 686.523 939.564 424.065 131.322 141.384 348.307 67.73 511.215 823.116 391.5 556.21 743.838 23.73 394.771 971.211 183.934 339.363 645.058 621.305 972.062 455.844 264.471 727.732 800.813 715.226 805.248 272.243 78.07 761.951 21.743 817.064 539.513 498.772 665.664 3.196 989.401 916.346 756.261 120.698 571.102 123.832 892.124 374.129 67.613 749.429 266.964 230.36 233.692 211.635 533.24 743.987 895.001 628.821 419.623 502.186 756.472 221.665 424.843 682.023 942.39 178.133 232.67 568.008 687.982 921.043 735.484 245.582 381.677 933.59 905.109 26.094
55.373 461.429 268.459 230.506 957.883 444.955 385.069 901.424 514.485 951.608 23.035 915.218 422.999 824.361 1000000000.0 326.92 342.855 358.422 645.5 381.203 3.371 496.214 776.451 15.509 726.294 747.073 559.505 254.31 636.353 723.695 957.658 863.228 163.873 948.828 115.034 821.074 717.559 458.25 893.511 590.095 681.416 64.822 862.632 781.894 304.206 821.865 177.936 945.692 763.724 409.319 190.111 75.619 442.634 518.414 900.221 919.958 303.936 126.857 400.044 969.135 621.414 398.451 545.156 409.251 401.645 205.825 919.137 389.015 907.78 415.267 850.179 53.925 992.12 667.529 258.956 974.602 404.749 840.83 170.777 710.738 951.462 123.811 24.037 373.147 18.153 684.471 63.576 439.02 804.772 296.663 29.684 916.766 716.155 532.668 557.653 159.12 19.297 633.273 539.551 301.381
904.973 475.209 455.793 681.885 302.336 617.781 98.441 654.71 173.37 26.189 167.628 467.581 317.678 286.614 326.92 1000000000.0 256.228 735.742 886.177 173.882 447.338 710.084 586.175 946.335 448.024 566.013 345.431 381.533 48.709 23.887 57.923 450.877 539.964 996.447 442.692 612.708 369.786 379.35 562.259 457.975 283.321 955.164 938.185 519.197 772.889 304.652 474.774 779.692 29.879 561.949 21.921 534.041 146.916 531.5 519.817 190.748 759.177 743.557 818.279 894.472 794.017 740.77 111.487 670.185 140.769 919.456 89.738 894.404 692.031 658.787 554.454 484.643 303.891 712.277 836.939 609.361 413.276 165.324 543.324 151.558 883.564 652.92 912.73 452.885 823.844 936.462 276.912 594.888 423.995 180.567 335.186 467.418 286.186 476.476 262.296 932.748 636.3 699.772 867.679 83.994
310.497 593.481 112.607 832.829 463.19 342.003 401.374 115.614 190.308 649.408 143.678 552.097 294.678 573.449 342.855 256.228 1000000000.0 119.298 774.929 764.463 391.461 921.894 440.369 518.501 810.311 690.969 597.074 411.118 455.837 88.112 212.447 753.27 493.607 711.901 766.562 846.553 868.887 540.701 83.099 940.455 26.632 18.904 983.891 213.244 590.207 590.905 623.577 17.702 126.592 155.337 618.589 632.104 170.483 419.919 155.5 922.179 270.264 40.915 912.449 890.443 631.549 200.494 460.347 679.283 396.892 918.467 727.452 456.377 767.297 896.736 485.739 27.004 241.983 291.946 778.679 51.192 22.059 552.117 570.776 593.264 724.233 248.747 431.152 422.726 76.555 3.684 545.34 780.946 443.797 476.511 244.705 707.864 975.598 116.913 768.334 583.156 104.901 358.208 264.911 787.89
848.623 715.109 570.994 650.929 390.079 70.34 54.768 556.308 77.78 978.707 810.362 908.313 143.871 507.218 358.422 735.742 119.298 1000000000.0 880.049 134.34 811.663 365.868 139.63 72.414 5.559 249.185 749.33 813.867 653.464 479.645 452.755 678.876 914.43 876.551 310.139 541.006 619.194 379.916 249.678 138.199 233.293 184.243 664.187 619.452 316.81 748.612 755.646 127.546 289.566 514.844 677.317 414.667 898.769 414.687 440.69 935.882 954.96 689.546 727.363 940.667 346.864 708.819 835.093 266.753 636.108 856.273 938.946 217.729 212.016 608.191 789.443 736.785 831.45 259.071 291.047 622.497 43.142 879.004 963.53 900.258 458.81 579.056 600.472 760.79 750.708 269.84 821.778 677.677 960.004 322.707 208.717 926.497 812.11 109.104 890.824 9.021 85.898 339.309 278.683 108.583
258.843 15.447 50.771 784.389 760.463 695.097 600.497 452.174 194.387 365.317 573.105 912.588 999.328 465.732 645.5 886.177 774.929 880.049 1000000000.0 134.025 162.532 345.887 757.833 553.099 691.632 17.527 582.916 675.966 94.598 386.963 503.177 823.757 190.36 84.316 920.811 678.296 695.194 216.704 660.361 764.33 609.297 827.996 942.612 348.62 973.934 87.037 270.057 9.234 267.981 887.829 357.076 873.61 227.664 264.776 9.102 122.299 969.433 874.657 45.251 613.297 569.018 631.66 394.646 74.208 797.624 103.543 893.341 868.954 909.33 700.164 512.34 423.267 669.204 439.234 563.468 428.57 403.51 102.977 89.449 915.92 877.341 154.991 425.72 971.926 731.352 169.349 950.174 414.308 957.903 408.708 978.247 354.494 587.769 624.374 261.7 625.051 137.988 506.707 44.435 411.957
930.113 210.888 187.552 753.941 994.197 124.426 619.904 502.058 790.765 175.501 158.056 425.144 629.047 112.881 381.203 173.882 764.463 134.34 134.025 1000000000.0 406.681 806.286 628.927 519.173 194.279 684.046 989.413 79.133 351.763 715.211 483.961 215.811 526.077 783.971 372.471 885.787 113.615 952.0 100.883 482.909 752.421 167.049 706.884 561.874 532.803 35.626 227.179 787.979 382.15 923.905 620.483 526.817 369.671 264.467 71.156 446.984 53.521 746.928 252.913 648.548 619.062 53.815 775.461 138.805 279.734 131.705 516.823 238.05 706.065 666.984 506.058 198.493 610.86 636.421 460.517 263.436 891.493 678.712 875.443 11.979 19.892 234.002 682.877 568.103 714.494 691.199 146.651 999.117 718.007 66.094 829.969 849.935 59.515 815.387 432.08 460.365 523.894 123.235 22.727 704.647
270.357 945.299 729.496 13.746 285.387 929.014 663.003 332.453 466.885 669.24 620.245 174.698 171.839 418.752 3.371 447.338 391.461 811.663 162.532 406.681 1000000000.0 76.625 166.219 596.029 399.194 723.79 12.898 1.142 83.753 325.691 369.385 859.689 346.802 963.995 626.278 862.695 569.818 360.669 683.754 766.519 351.384 55.917 145.298 522.739 210.795 324.809 814.645 61.437 403.455 473.226 311.353 603.878 248.574 34.349 195.598 596.571 286.025 487.672 775.915 230.362 11.005 489.152 855.308 257.433 943.393 759.712 73.655 64.01 293.567 754.084 442.634 895.924 341.914 462.629 847.613 580.495 380.222 220.13 111.172 973.343 362.527 804.574 543.949 655.659 149.266 822.068 721.32 118.514 510.022 573.308 453.669 400.794 587.819 427.728 43.138 649.19 234.673 292.35 258.496 98.301
33.583 487.97 978.845 185.039 652.763 325.713 102.5 500.262 940.475 996.876 638.22 107.194 471.611 978.031 496.214 710.084 921.894 365.868 345.887 806.286 76.625 1000000000.0 579.793 986.898 533.813 993.683 518.169 107.777 675.386 857.123 478.215 659.38 894.593 38.746 643.92 758.805 24.621 790.345 611.529 857.496 622.928 144.845 755.223 685.614 915.88 36.881 644.518 859.396 349.499 737.272 284.431 600.946 779.594 556.622 551.779 274.475 240.049 317.737 890.273 761.343 845.091 544.523 372.62 747.54 594.671 759.922 924.61 301.888 844.493 247.403 880.823 715.923 648.521 28.727 697.175 374.64 697.419 784.27 462.798 416.847 144.987 181.627 710.721 413.042 603.996 849.696 590.974 545.938 519.585 200.175 139.029 814.312 572.004 132.494 926.093 6.831 21.534 930.229 885.751 525.603
663.4 878.444 608.839 993.307 290.628 165.891 581.842 897.936 240.235 659.669 715.975 322.718 254.003 812.67 776.451 586.175 440.369 139.63 757.833 628.927 166.219 579.793 1000000000.0 418.679 225.205 523.704 754.38 927.263 708.829 791.763 775.097 579.88 123.419 117.683 881.683 884.916 355.304 739.874 777.837 710.412 612.008 337.108 920.469 802.946 341.022 574.496 288.033 607.189 662.47 665.294 105.583 192.523 586.107 642.791 342.075 809.091 665.53 316.085 509.31 987.035 626.439 121.467 605.527 491.037 957.074 906.379 123.285 868.075 855.404 598.222 313.267 353.664 602.502 129.541 524.872 319.229 977.557 889.156 300.105 526.13 112.582 299.86 922.603 448.086 624.849 270.962 346.284 325.768 994.354 152.686 835.504 180.613 403.904 922.413 297.091 110.53 262.336 131.487 594.612 899.093
587.219 835.456 910.46 153.247 637.282 614.057 687.337 142.638 491.129 928.958 571.01 28.926 924.77 156.43 15.509 946.335 518.501 72.414 553.099 519.173 596.029 986.898 418.679 1000000000.0 162.353 744.958 626.916 483.47 474.232 605.474 868.313 600.389 84.147 34.639 419.414 846.25 517.004 335.76 800.559 3.017 900.219 252.459 205.346 45.369 955.115 503.401 819.567 36.585 542.632 168.866 56.926 477.217 181.89 529.426 840.496 509.868 524.533 293.933 161.936 330.522 130.766 988.092 405.305 100.706 13.981 755.01 734.389 741.733 936.002 579.829 840.929 378.346 595.266 408.308 630.978 580.556 759.246 228.976 227.822 215.265 517.088 647.493 971.837 425.884 679.933 783.254 287.467 315.058 318.22 175.932 611.557 376.267 376.758 711.605 946.752 690.895 196.01 491.198 367.331 643.259
960.971 254.464 873.766 722.887 148.839 298.544 696.4 717.491 472.222 432.337 643.174 378.719 276.853 691.09 726.294 448.024 810.311 5.559 691.632 194.279 399.194 533.813 225.205 162.353 1000000000.0 226.028 637.164 124.606 743.384 444.256 246.638 337.889 967.12 705.106 474.085 725.809 786.929 61.008 464.702 720.271 501.345 722.42 68.639 297.241 955.399 185.668 158.596 987.594 52.04 327.013 277.516 417.892 788.985 857.988 885.378 721.436 956.884 995.303 989.542 333.344 967.838 934.722 779.676 934.641 573.88 885.951 829.945 609.765 2.949 850.277 648.167 702.985 13.598 539.919 462.065 102.737 896.021 272.865 893.629 995.1 664.952 173.866 815.757 790.073 132.013 536.635 978.382 370.383 442.981 980.132 515.376 723.529 964.274 5.665 355.228 614.777 664.592 647.76 177.551 617.004
191.853 963.437 21.698 282.016 626.31 271.261 891.384 50.072 551.576 430.436 993.117 901.234 46.999 433.013 747.073 566.013 690.969 249.185 17.527 684.046 723.79 993.683 523.704 744.958 226.028 1000000000.0 172.605 863.082 968.83 860.121 187.753 474.561 594.907 65.898 986.095 497.052 664.906 810.224 989.326 995.014 100.006 196.027 103.553 80.945 312.411 438.642 483.319 756.042 420.277 887.965 51.579 122.447 482.516 358.806 365.596 536.926 851.819 297.593 97.996 425.719 249.792 702.146 811.448 462.129 527.534 555.605 512.9 299.453 665.777 732.411 994.225 681.334 998.014 822.03 871.191 874.638 972.751 736.887 136.836 457.36 963.563 494.064 77.576 831.05 429.405 388.656 214.794 829.956 460.145 826.708 792.632 324.152 513.575 776.795 687.17 855.46 716.57 507.708 887.608 864.062
187.162 895.922 406.073 145.849 943.623 548.499 870.017 440.566 248.882 737.75 127.29 713.317 393.033 694.344 559.505 345.431 597.074 749.33 582.916 989.413 12.898 518.169 754.38 626.916 637.164 172.605 1000000000.0 749.688 240.456 516.276 22.19 717.499 361.023 293.87 50.389 586.39 269.906 742.428 676.694 776.192 388.25 454.083 709.02 461.968 22.465 182.632 777.244 100.864 599.762 413.671 914.327 482.282 15.876 769.966 524.32 190.062 548.017 697.656 715.796 551.018 759.843 952.342 62.933 230.504 69.606 3.04 495.614 280.637 812.33 892.088 871.759 945.174 565.842 913.287 601.572 302.611 874.867 716.794 579.311 431.337 381.352 93.225 850.997 929.868 637.039 523.569 772.676 79.677 395.566 932.64 957.363 404.054 906.742 484.43 778.396 34.188 55.657 756.987 4.502 69.469
549.667 913.278 343.568 521.797 4.125 218.684 831.094 845.136 402.943 159.321 446.777 204.459 23.791 458.712 254.31 381.533 411.118 813.867 675.966 79.133 1.142 107.777 927.263 483.47 124.606 863.082 749.688 1000000000.0 411.303 745.707 193.837 662.736 347.929 590.153 261.704 763.609 63.246 411.418 646.35 316.174 579.303 585.294 345.712 28.705 804.232 146.562 701.468 302.392 602.699 279.467 587.405 94.012 301.495 741.877 837.179 442.097 343.691 815.63 783.833 220.485 399.583 546.951 378.305 655.625 232.718 510.408 141.654 313.653 668.533 641.299 433.075 406.283 379.098 519.768 350.006 313.752 157.949 331.098 605.646 143.463 588.088 410.078 654.497 35.055 184.818 218.12 389.895 754.627 897.189 517.536 811.917 303.366 380.127 666.214 758.646 249.057 816.882 505.064 974.007 765.655
832.956 351.581 887.81 508.617 50.51 999.004 941.523 991.352 243.629 261.881 757.117 730.541 606.109 4.193 636.353 48.709 455.837 653.464 94.598 351.763 83.753 675.386 708.829 474.232 743.384 968.83 240.456 411.303 1000000000.0 873.075 101.369 796.163 266.967 464.903 269.94 891.062 24.666 766.038 359.183 231.36 987.338 431.116 716.468 692.113 62.306 124.108 999.363 538.381 363.69 478.444 658.836 318.873 535.544 488.824 610.971 5.774 717.72 257.164 930.251 311.673 311.281 50.783 914.429 527.2 581.599 814.202 225.636 507.79 828.556 659.07 735.876 728.722 120.951 616.237 92.754 807.48 872.355 783.208 137.145 58.152 385.7 284.789 107.65 873.169 571.649 10.458 436.421 858.058 892.677 63.346 99.561 969.453 686.14 17.09 530.731 740.225 206.76 756.955 61.214 331.366
785.305 120.317 179.254 857.665 495.832 819.148 868.905 941.531 826.218 807.467 566.568 479.159 501.282 686.523 723.695 23.887 88.112 479.645 386.963 715.211 325.691 857.123 791.763 605.474 444.256 860.121 516.276 745.707 873.075 1000000000.0 497.344 434.026 639.187 746.278 849.305 748.216 29.251 259.809 569.267 243.044 164.171 373.4 259.24 150.655 272.362 918.063 98.105 197.11 93.42 879.236 443.693 353.456 246.347 233.215 208.727 992.901 392.755 104.683 379.321 220.218 968.25 407.78 508.579 556.148 808.877 786.001 933.744 90.095 192.059 300.344 923.603 439.277 749.68 824.95 459.47 855.42 264.768 42.955 967.534 375.255 479.949 270.061 825.196 697.481 432.539 112.771 274.587 310.343 941.771 244.421 998.19 225.529 229.977 311.614 719.225 15.383 962.589 267.297 632.794 328.523
157.011 590.87 583.976 748.18 150.165 614.084 417.818 69.608 159.63 1.985 648.151 810.797 292.325 939.564 957.658 57.923 212.447 452.755 503.177 483.961 369.385 478.215 775.097 868.313 246.638 187.753 22.19 193.837 101.369 497.344 1000000000.0 786.41 690.647 925.911 807.76 473.592 477.254 224.046 95.889 233.837 284.247 746.412 992.998 363.795 447.32 188.29 259.818 698.354 906.505 249.057 345.041 247.335 436.378 983.707 467.199 160.372 743.941 338.377 728.361 708.599 449.781 678.996 33.538 503.983 579.311 155.787 958.63 67.236 254.95 944.378 137.937 940.291 82.67 590.671 839.063 85.127 679.891 968.759 34.996 186.664 549.99 873.182 310.306 179.503 159.697 292.604 254.447 26.459 235.745 225.322 357.866 984.262 904.679 566.585 886.985 452.326 518.011 153.025 765.403 726.706
25.991 245.436 201.863 39.868 561.975 897.556 339.243 148.667 670.236 524.582 364.711 781.871 389.094 424.065 863.228 450.877 753.27 678.876 823.757 215.811 859.689 659.38 579.88 600.389 337.889 474.561 717.499 662.736 796.163 434.026 786.41 1000000000.0 432.023 528.544 447.669 614.665 898.904 831.91 282.333 390.298 955.589 65.104 997.428 814.655 221.262 61.525 415.084 5.475 674.013 416.586 374.471 664.296 160.589 349.153 714.68 542.077 514.415 863.632 498.347 933.37 265.168 631.3 797.681 53.61 870.957 125.444 716.936 342.924 360.993 734.631 646.839 278.42 704.371 666.091 987.7 710.868 6.323 954.1 667.177 3.81 169.878 757.387 485.731 320.924 532.524 713.047 555.997 833.518 825.751 713.566 673.533 284.131 17.204 155.27 739.297 964.015 782.476 684.257 823.101 419.129
422.588 155.611 98.566 136.835 254.954 701.754 998.758 860.178 983.648 129.915 226.249 792.78 103.983 131.322 163.873 539.964 493.607 914.43 190.36 526.077 346.802 894.593 123.419 84.147 967.12 594.907 361.023 347.929 266.967 639.187 690.647 432.023 1000000000.0 832.916 507.941 840.407 397.997 751.588 965.601 770.907 814.594 662.513 92.157 29.051 786.747 676.638 306.237 453.621 536.833 764.21 628.521 688.911 229.804 242.78 798.841 394.086 424.86 180.41 505.365 2.898 584.243 10.496 220.452 645.186 740.989 922.516 969.683 662.466 417.364 528.185 310.524 962.608 702.648 931.972 984.858 736.627 227.667 920.813 405.47 755.428 189.759 921.819 667.399 943.944 463.911 930.102 818.486 921.334 843.544 622.253 51.251 838.246 95.78 422.275 90.641 711.441 644.022 884.547 254.149 549.836
414.535 921.052 628.575 65.829 204.471 493.164 503.834 132.435 573.783 515.347 765.027 216.052 771.492 141.384 948.828 996.447 711.901 876.551 84.316 783.971 963.995 38.746 117.683 34.639 705.106 65.898 293.87 590.153 464.903 746.278 925.911 528.544 832.916 1000000000.0 70.916 807.767 218.529 354.67 451.335 166.646 974.129 139.228 441.448 319.43 177.006 468.705 380.307 266.525 342.075 972.493 700.456 221.79 399.578 390.147 546.691 807.645 544.095 531.503 885.974 363.481 653.858 83.475 573.941 355.137 347.535 592.201 3.97 84.111 431.6 358.561 286.586 133.965 102.876 735.522 488.285 296.022 983.115 394.463 619.922 865.506 594.79 519.959 622.781 731.796 688.519 992.486 90.502 488.592 118.859 237.109 254.391 983.644 817.729 998.796 801.561 316.303 937.171 604.859 998.279 234.819
237.702 354.969 3.283 976.023 798.056 166.718 73.844 73.867 302.553 276.761 419.103 383.668 746.619 348.307 115.034 442.692 766.562 310.139 920.811 372.471 626.278 643.92 881.683 419.414 474.085 986.095 50.389 261.704 269.94 849.305 807.76 447.669 507.941 70.916 1000000000.0 705.865 752.477 648.575 454.391 494.459 106.418 795.048 270.201 500.5 411.173 49.32 280.719 735.031 9.716 32.917 572.001 485.583 372.534 272.17 246.08 225.842 583.06 545.886 632.154 193.893 240.374 960.919 514.551 640.142 883.709 279.609 239.832 392.363 214.178 92.968 127.263 977.195 704.826 913.9 492.093 463.473 371.584 628.982 472.749 733.397 854.231 995.459 598.108 394.912 149.148 576.906 284.811 587.782 168.626 100.123 425.939 360.058 227.231 411.82 143.334 341.315 209.015 692.089 585.738 400.168
888.857 562.319 512.72 59.209 87.43 617.111 425.325 346.052 94.011 803.838 790.46 383.343 949.369 67.73 821.074 612.708 846.553 541.006 678.296 885.787 862.695 758.805 884.916 846.25 725.809 497.052 586.39 763.609 891.062 748.216 473.592 614.665 840.407 807.767 705.865 1000000000.0 636.731 827.736 44.787 247.871 551.143 774.408 96.859 411.682 24.715 947.294 37.265 747.212 768.913 631.625 182.58 999.546 245.217 330.987 522.127 593.201 810.495 196.637 242.222 509.97 99.257 885.91 792.916 363.796 571.082 977.846 670.463 644.18 557.472 208.32 64.542 445.025 496.005 285.08 541.334 225.576 525.511 321.179 540.325 248.551 44.668 286.442 384.768 599.993 665.745 959.75 703.978 475.186 848.53 344.125 857.012 335.753 418.708 122.41 111.964 307.32 870.445 505.857 280.682 434.52
749.474 961.191 25.62 655.165 106.28 297.142 356.207 820.854 913.402 661.976 88.317 588.436 439.966 511.215 717.559 369.786 868.887 619.194 695.194 113.615 569.818 24.621 355.304 517.004 786.929 664.906 269.906 63.246 24.666 29.251 477.254 898.904 397.997 218.529 752.477 636.731 1000000000.0 891.052 207.941 345.118 569.614 800.079 841.085 216.237 344.953 481.321 628.822 865.282 233.177 723.717 215.968 223.876 256.357 48.842 46.755 565.257 997.063 635.978 601.962 728.86 130.505 548.02 596.551 131.582 914.527 655.018 894.042 683.947 654.548 237.907 725.281 841.917 782.164 236.769 385.056 524.329 864.866 331.112 694.028 596.642 90.423 601.181 994.804 17.953 399.967 891.218 316.368 995.946 838.294 653.5 823.705 840.533 316.836 207.48 836.074 617.953 467.108 774.936 834.812 688.004
916.002 194.438 911.905 363.745 585.933 319.091 12.287 823.553 788.192 807.039 252.313 322.806 924.703 823.116 458.25 379.35 540.701 379.916 216.704 952.0 360.669 790.345 739.874 335.76 61.008 810.224 742.428 411.418 766.038 259.809 224.046 831.91 751.588 354.67 648.575 827.736 891.052 1000000000.0 477.814 605.893 566.662 664.225 389.515 250.037 581.996 950.972 139.822 308.143 327.873 60.093 9.48 6.708 566.652 875.067 562.496 911.131 499.007 697.746 100.442 712.379 681.231 906.792 819.74 613.917 807.204 778.119 89.784 920.65 506.172 810.181 766.68 734.544 606.128 926.739 412.704 303.897 460.226 289.045 730.665 872.44 318.317 794.078 570.194 54.846 914.008 630.995 93.09 484.744 825.259 922.597 576.716 726.213 459.365 379.532 641.015 818.695 281.737 167.688 183.669 916.529
367.719 529.736 743.777 384.101 489.245 114.534 20.451 363.772 95.304 746.046 134.781 275.12 504.831 391.5 893.511 562.259 83.099 249.678 660.361 100.883 683.754 611.529 777.837 800.559 464.702 989.326 676.694 646.35 359.183 569.267 95.889 282.333 965.601 451.335 454.391 44.787 207.941 477.814 1000000000.0 127.444 132.842 597.652 834.345 776.208 265.9 613.073 351.202 41.522 370.643 467.204 196.077 317.674 82.978 534.518 182.208 88.224 944.467 482.998 441.687 795.02 724.224 34.257 715.985 61.189 653.789 95.097 309.017 54.772 875.709 11.503 403.124 172.594 399.426 931.44 746.978 136.076 164.786 533.748 896.274 33.189 180.584 598.721 133.501 588.174 280.054 72.362 577.869 351.662 953.953 565.902 615.469 677.915 202.624 847.923 219.025 99.442 96.279 801.57 289.459 697.378
576.685 897.932 608.616 682.46 551.925 37.23 427.543 334.258 602.29 292.919 399.523 766.358 493.985 556.21 590.095 457.975 940.455 138.199 764.33 482.909 766.519 857.496 710.412 3.017 720.271 995.014 776.192 316.174 231.36 243.044 233.837 390.298 770.907 166.646 494.459 247.871 345.118 605.893 127.444 1000000000.0 864.283 924.934 515.286 909.913 80.978 603.015 406.938 771.706 727.158 881.402 961.371 140.603 786.847 466.893 5.39 333.868 733.435 651.373 949.248 700.087 976.648 927.906 353.492 656.002 637.574 241.413 49.835 819.838 238.868 930.514 46.526 280.148 32.713 166.89 43.119 195.548 163.557 344.639 659.138 325.843 701.324 156.435 979.207 226.332 754.227 3.715 67.641 441.703 28.82 706.682 79.543 988.92 460.361 947.947 554.097 784.058 497.756 789.024 908.883 497.38
326.978 726.141 236.309 724.237 465.803 759.912 782.71 644.162 488.097 379.853 624.252 880.483 104.088 743.838 681.416 283.321 26.632 233.293 609.297 752.421 351.384 622.928 612.008 900.219 501.345 100.006 388.25 579.303 987.338 164.171 284.247 955.589 814.594 974.129 106.418 551.143 569.614 566.662 132.842 864.283 1000000000.0 747.405 590.937 268.824 767.522 760.686 883.561 164.469 512.842 458.992 559.243 537.327 128.701 868.183 290.932 240.866 692.46 16.849 860.838 527.574 971.308 194.881 451.105 301.986 719.349 21.339 211.554 25.942 944.678 764.319 311.82 902.175 898.497 726.241 86.206 508.169 362.636 647.236 232.965 604.697 249.016 697.361 363.786 617.709 883.172 790.175 280.414 854.098 300.565 484.743 724.999 694.314 506.797 302.108 437.539 557.758 205.976 655.194 108.782 874.735
53.449 637.982 851.462 907.856 451.546 726.951 60.299 597.156 778.031 767.895 684.538 718.181 72.435 23.73 64.822 955.164 18.904 184.243 827.996 167.049 55.917 144.845 337.108 252.459 722.42 196.027 454.083 585.294 431.116 373.4 746.412 65.104 662.513 139.228 795.048 774.408 800.079 664.225 597.652 924.934 747.405 1000000000.0 45.932 396.441 587.326 448.043 996.304 337.914 412.163 441.816 817.074 735.093 962.736 675.029 211.407 700.588 450.395 254.653 521.07 195.836 560.975 446.548 893.403 434.736 224.447 438.731 618.42 678.284 711.315 575.607 780.401 424.88 298.016 527.189 85.815 543.803 775.027 982.626 961.584 673.06 404.876 678.714 157.417 743.951 206.062 145.226 616.488 760.088 259.828 209.833 577.191 318.08 895.034 707.271 166.653 719.192 327.846 210.008 879.608 137.884
50.918 719.511 808.657 86.445 401.136 137.704 792.098 843.798 369.175 479.942 191.507 449.531 936.344 394.771 862.632 938.185 983.891 664.187 942.612 706.884 145.298 755.223 920.469 205.346 68.639 103.553 709.02 345.712 716.468 259.24 992.998 997.428 92.157 441.448 270.201 96.859 841.085 389.515 834.345 515.286 590.937 45.932 1000000000.0 924.959 553.183 103.217 437.287 24.381 976.253 97.173 870.935 345.745 793.629 913.2 542.07 921.291 993.725 441.195 751.593 960.013 90.494 457.908 76.001 886.159 895.396 688.802 311.374 405.212 92.592 902.622 66.02 226.066 801.618 26.476 869.263 746.297 168.769 247.231 38.347 582.028 929.866 399.231 38.205 752.014 631.672 412.903 537.947 999.551 474.672 4.966 116.873 422.734 407.6 35.866 901.725 623.641 52.376 221.528 893.953 868.047
170.479 223.124 92.017 906.179 432.931 724.344 390.479 829.733 842.165 318.834 214.555 138.761 406.296 971.211 781.894 519.197 213.244 619.452 348.62 561.874 522.739 685.614 802.946 45.369 297.241 80.945 461.968 28.705 692.113 150.655 363.795 814.655 29.051 319.43 500.5 411.682 216.237 250.037 776.208 909.913 268.824 396.441 924.959 1000000000.0 203.291 481.138 745.467 452.795 567.668 812.479 613.089 99.639 379.55 276.14 732.381 73.06 58.177 435.922 203.499 362.499 74.666 736.384 156.434 539.97 217.305 745.803 931.988 384.992 853.315 714.17 270.481 332.237 799.087 873.346 585.647 594.774 100.328 357.312 272.795 357.113 493.489 143.538 76.498 923.128 443.595 701.698 712.416 557.924 240.122 588.438 91.942 101.662 214.335 431.28 243.872 711.374 579.753 210.088 25.135 581.217
391.171 946.347 180.777 778.318 485.128 887.164 823.371 478.933 569.996 17.59 189.124 338.2 432.64 183.934 304.206 772.889 590.207 316.81 973.934 532.803 210.795 915.88 341.022 955.115 955.399 312.411 22.465 804.232 62.306 272.362 447.32 221.262 786.747 177.006 411.173 24.715 344.953 581.996 265.9 80.978 767.522 587.326 553.183 203.291 1000000000.0 880.546 848.931 234.189 958.746 963.125 240.402 356.734 547.236 757.427 269.678 496.789 177.588 679.131 140.115 290.469 589.661 107.148 590.684 10.908 348.488 419.238 825.013 678.036 302.402 422.633 295.749 150.016 358.713 568.635 227.323 156.778 898.477 347.436 918.146 823.269 352.629 419.242 30.299 282.549 657.194 262.203 858.766 11.344 703.781 282.767 215.659 575.144 874.654 111.278 241.282 638.859 820.158 854.502 348.995 954.395
944.23 268.164 253.752 903.836 406.829 529.832 784.98 40.818 308.235 889.355 994.664 138.902 697.587 339.363 821.865 304.652 590.905 748.612 87.037 35.626 324.809 36.881 574.496 503.401 185.668 438.642 182.632 146.562 124.108 918.063 188.29 61.525 676.638 468.705 49.32 947.294 481.321 950.972 613.073 603.015 760.686 448.043 103.217 481.138 880.546 1000000000.0 641.482 162.883 108.579 419.354 488.069 447.559 260.104 946.79 713.042 997.514 52.684 650.788 848.854 231.605 972.586 987.615 601.679 147.368 982.193 861.245 806.447 895.049 514.817 928.424 973.255 827.648 119.273 30.598 729.587 215.04 320.066 311.333 465.207 730.83 109.618 658.507 511.167 951.541 892.688 520.502 377.54 587.264 908.56 45.442 891.909 850.589 295.496 726.557 60.759 438.518 853.296 618.1 259.881 835.887
95.688 294.507 753.437 250.293 827.03 19.466 419.382 259.62 876.446 946.5 159.083 202.551 903.645 645.058 177.936 474.774 623.577 755.646 270.057 227.179 814.645 644.518 288.033 819.567 158.596 483.319 777.244 701.468 999.363 98.105 259.818 415.084 306.237 380.307 280.719 37.265 628.822 139.822 351.202 406.938 883.561 996.304 437.287 745.467 848.931 641.482 1000000000.0 80.385 872.046 409.281 7.297 587.526 553.614 664.071 540.119 580.774 470.023 310.608 754.067 113.695 270.635 138.218 330.609 315.563 628.179 817.427 506.848 924.84 680.437 234.815 178.924 695.196 871.609 507.788 571.883 716.076 280.447 630.743 931.617 270.292 911.3 89.15 163.371 894.844 420.516 803.107 594.834 301.954 961.48 632.95 964.957 308.197 372.865 390.957 51.537 750.312 24.028 408.597 638.051 477.214
288.472 323.539 761.528 210.6 887.255 387.902 479.142 203.699 101.335 804.783 887.934 639.022 366.688 621.305 945.692 779.692 17.702 127.546 9.234 787.979 61.437 859.396 607.189 36.585 987.594 756.042 100.864 302.392 538.381 197.11 698.354 5.475 453.621 266.525 735.031 747.212 865.282 308.143 41.522 771.706 164.469 337.914 24.381 452.795 234.189 162.883 80.385 1000000000.0 686.109 540.419 326.335 701.913 211.405 171.063 278.447 227.18 399.743 83.773 579.418 374.566 732.326 998.882 105.457 186.547 26.514 107.836 397.357 945.129 842.266 769.848 410.311 669.653 187.0 354.027 207.141 153.015 142.212 354.606 453.453 274.357 319.323 672.684 890.337 635.917 288.768 424.891 360.676 725.127 740.609 385.721 82.727 449.346 407.77 889.872 870.709 204.648 527.504 270.353 807.63 64.719
89.002 671.851 855.367 503.155 157.984 46.844 469.602 346.531 505.662 504.289 29.986 487.796 76.473 972.062 763.724 29.879 126.592 289.566 267.981 382.15 403.455 349.499 662.47 542.632 52.04 420.277 599.762 602.699 363.69 93.42 906.505 674.013 536.833 342.075 9.716 768.913 233.177 327.873 370.643 727.158 512.842 412.163 976.253 567.668 958.746 108.579 872.046 686.109 1000000000.0 630.703 438.777 968.389 401.38 434.071 961.997 953.156 186.257 78.773 104.723 463.768 371.663 848.695 624.994 637.729 458.302 14.323 125.058 10.573 888.948 282.372 264.827 845.611 718.448 367.996 902.549 62.751 41.104 210.241 121.138 716.991 199.341 511.746 871.251 486.896 963.541 626.653 14.002 602.517 596.471 215.081 36.84 603.489 952.011 644.73 261.617 48.464 499.952 715.845 239.009 651.687
254.108 682.564 618.857 145.059 360.026 851.505 615.531 122.646 923.191 452.703 886.067 418.561 950.683 455.844 409.319 561.949 155.337 514.844 887.829 923.905 473.226 737.272 665.294 168.866 327.013 887.965 413.671 279.467 478.444 879.236 249.057 416.586 764.21 972.493 32.917 631.625 723.717 60.093 467.204 881.402 458.992 441.816 97.173 812.479 963.125 419.354 409.281 540.419 630.703 1000000000.0 270.454 197.127 117.877 579.0 170.377 754.691 433.756 23.908 76.955 738.739 906.243 439.255 755.873 347.148 310.663 874.816 543.115 708.263 566.137 293.508 867.708 215.266 926.08 572.313 244.783 283.72 467.748 662.89 609.785 455.015 46.411 205.625 374.693 342.399 926.313 199.361 90.644 289.91 892.772 314.109 243.215 593.344 199.553 229.049 731.477 802.317 195.646 329.911 247.635 518.835
570.196 871.25 571.816 324.976 706.876 556.639 926.41 857.944 570.453 45.854 522.464 712.706 497.136 264.471 190.111 21.921 618.589 677.317 357.076 620.483 311.353 284.431 105.583 56.926 277.516 51.579 914.327 587.405 658.836 443.693 345.041 374.471 628.521 700.456 572.001 182.58 215.968 9.48 196.077 961.371 559.243 817.074 870.935 613.089 240.402 488.069 7.297 326.335 438.777 270.454 1000000000.0 437.981 540.757 737.467 948.738 177.814 820.555 688.62 166.532 182.662 648.611 497.951 565.961 528.632 638.742 513.971 692.779 632.11 308.605 339.514 641.008 674.352 554.983 499.381 867.79 58.015 697.734 147.109 665.67 176.022 232.64 903.554 393.087 621.177 964.801 938.571 961.385 568.001 37.505 589.997 720.804 313.344 4.393 823.265 157.832 647.941 589.473 272.0 600.889 97.425
