100
1000000000.0 392.373 614.36 454.418 162.598 433.264 346.153 916.771 765.532 491.12 320.403 584.17 97.058 866.175 170.744 78.506 644.407 780.979 516.449 104.18 260.382 814.368 1.716 626.224 257.416 373.9 204.974 59.937 564.375 587.511 927.291 845.114 221.533 724.775 344.029 703.902 912.555 108.41 885.247 291.913 664.157 455.423 510.8 92.23 986.89 249.619 214.859 790.352 90.569 66.405 496.528 129.323 447.75 303.649 929.938 156.559 460.337 226.575 353.72 322.463 612.123 4.301 731.739 104.408 96.759 330.008 155.981 174.921 801.764 27.16 129.092 576.233 825.702 326.569 413.663 688.286 793.45 641.396 597.098 648.172 674.817 770.265 887.804 139.467 384.833 695.962 527.839 924.678 27.168 769.76 808.904 717.771 92.19 583.619 706.602 733.915 410.284 986.671 624.546 782.234
392.373 1000000000.0 288.283 105.558 546.255 208.206 449.052 498.43 659.131 444.27 873.082 499.945 18.713 943.4 852.316 501.451 241.234 296.968 103.554 292.28 55.636 567.935 366.769 831.724 499.038 41.22 906.473 416.72 974.038 689.413 63.043 215.571 728.652 102.565 612.455 99.622 61.617 455.451 368.004 30.793 882.02 756.429 337.391 791.065 661.825 26.92 289.337 385.544 461.255 821.804 738.974 837.831 305.45 184.985 358.591 376.774 230.224 618.24 347.755 680.253 647.657 415.139 691.318 728.734 401.323 414.651 661.004 648.872 60.259 560.016 580.567 348.524 582.172 782.398 740.13 511.754 364.214 472.631 766.164 454.675 265.585 195.06 185.747 226.481 494.54 882.468 567.083 651.388 544.363 29.515 365.02 991.892 20.836 442.651 631.448 383.328 535.523 977.837 212.833 559.763
614.36 288.283 1000000000.0 868.478 412.61 838.631 458.284 432.644 304.514 599.473 868.927 504.281 165.011 562.091 487.018 265.087 462.453 618.544 652.66 728.809 775.587 23.535 966.042 676.6 726.468 548.052 313.464 601.7 382.877 957.774 636.671 282.213 739.99 622.363 486.924 411.415 460.354 714.086 907.23 930.749 48.121 609.943 953.159 157.983 561.733 154.896 899.78 218.444 400.746 845.987 373.481 37.507 407.955 850.486 342.244 824.903 204.952 10.117 866.794 909.025 89.536 201.821 896.392 634.703 872.099 650.542 603.041 456.823 915.599 572.486 7.798 646.79 733.414 464.649 112.048 810.409 211.122 569.098 332.49 222.887 720.09 286.079 554.737 281.898 381.443 704.205 116.323 689.684 716.121 493.042 177.912 506.578 921.757 326.334 885.104 162.624 86.592 434.119 857.942 424.89
454.418 105.558 868.478 1000000000.0 680.132 504.165 659.437 820.371 427.218 442.193 51.973 857.913 46.905 720.379 390.176 949.128 926.928 589.31 591.428 831.339 745.822 547.648 723.875 462.216 279.985 521.215 80.754 72.678 417.769 87.863 281.847 837.712 756.687 995.475 923.227 127.652 933.077 865.105 436.004 283.831 24.353 837.118 681.003 809.366 478.397 858.463 187.74 660.75 209.259 548.31 886.8 21.804 880.81 250.604 133.19 562.071 991.8 514.976 284.637 761.992 903.896 303.093 295.57 35.954 693.693 865.935 803.871 385.161 22.644 503.592 381.533 967.662 307.81 306.007 182.183 739.508 415.946 65.531 99.025 406.561 273.528 911.43 817.803 760.016 980.983 783.197 61.135 373.914 263.705 963.829 842.478 676.706 728.284 51.051 990.848 713.991 436.31 692.821 119.509 746.429
162.598 546.255 412.61 680.132 1000000000.0 834.267 255.459 995.233 743.605 185.703 351.932 682.435 723.941 433.837 840.246 282.97 525.775 843.308 565.429 431.196 342.609 904.771 808.365 909.016 790.222 844.581 715.909 550.83 413.817 913.083 550.538 732.427 386.926 609.607 782.166 829.233 939.363 855.029 393.83 988.435 434.594 30.596 12.093 256.116 283.96 219.63 749.494 19.56 897.109 114.989 627.371 606.845 586.14 71.019 230.017 965.985 523.836 121.561 323.373 859.581 863.947 781.891 49.667 931.02 322.934 133.752 265.083 780.546 139.399 834.061 763.078 432.185 758.271 865.191 441.339 843.222 14.458 754.779 198.576 58.253 520.445 673.325 633.957 72.87 645.474 670.529 930.521 18.865 750.984 764.484 589.675 425.568 530.691 811.023 997.012 584.362 343.452 746.477 963.822 431.942
433.264 208.206 838.631 504.165 834.267 1000000000.0 348.119 328.565 82.771 442.404 940.169 994.312 662.344 138.94 21.27 746.568 341.223 575.614 449.753 232.433 673.171 864.785 763.287 64.606 21.303 691.962 766.866 669.509 850.589 260.677 944.504 739.955 852.492 867.227 244.476 821.481 464.226 988.004 38.401 967.56 828.723 75.534 22.512 518.51 79.157 730.856 395.726 660.525 750.795 813.043 584.212 961.677 29.954 445.363 492.107 328.924 905.928 659.461 122.747 374.346 459.117 819.999 623.145 227.041 919.198 491.8 498.89 379.156 675.262 741.109 895.962 301.437 583.02 576.116 729.384 292.801 457.694 765.743 247.447 604.443 665.743 884.314 114.336 210.411 550.977 767.919 202.777 325.662 272.992 312.271 514.574 514.2 919.864 261.636 805.648 849.4 310.008 415.408 272.753 74.765
346.153 449.052 458.284 659.437 255.459 348.119 1000000000.0 69.969 944.178 52.56 810.136 472.171 996.764 982.993 167.656 676.151 306.743 990.918 322.257 314.255 292.921 550.318 851.809 444.344 94.48 464.94 908.977 493.984 540.975 785.715 999.463 659.523 527.359 293.68 830.303 543.964 426.322 864.351 387.337 344.707 316.792 108.636 343.069 294.156 694.703 419.001 409.667 374.927 579.112 958.681 114.888 622.566 136.967 309.182 610.256 290.162 551.267 403.043 878.541 609.85 240.816 959.883 449.116 44.049 865.12 512.077 295.109 520.473 407.048 200.062 515.27 746.551 533.149 158.702 272.998 32.771 797.47 874.964 280.231 304.044 13.963 594.715 289.239 363.4 657.688 118.393 344.845 514.733 214.125 829.999 358.626 46.356 819.824 603.108 33.56 313.599 540.809 135.097 507.695 294.747
916.771 498.43 432.644 820.371 995.233 328.565 69.969 1000000000.0 568.831 271.036 29.248 554.421 744.673 355.144 389.2 506.227 589.224 910.925 377.723 875.688 510.173 753.87 801.102 962.273 263.069 229.48 323.643 656.437 891.728 721.498 452.207 760.171 138.527 115.777 865.71 562.908 77.985 379.328 671.03 533.839 865.621 802.935 986.996 93.815 99.335 182.751 354.87 742.649 136.342 109.677 303.174 507.631 342.229 995.515 696.526 352.592 275.579 89.616 785.215 451.564 355.825 89.377 466.725 430.868 667.133 930.27 971.44 523.427 814.2 651.394 156.314 37.371 178.643 726.655 742.699 29.927 697.504 875.312 667.016 686.479 692.64 557.482 917.322 900.102 367.949 977.337 673.526 108.637 69.564 246.889 763.597 26.289 429.508 108.854 781.191 580.286 760.259 215.222 792.551 327.448
765.532 659.131 304.514 427.218 743.605 82.771 944.178 568.831 1000000000.0 714.929 749.003 898.266 850.572 103.724 653.013 737.013 15.065 54.157 445.379 692.634 687.997 826.589 669.103 315.355 101.008 513.775 376.145 325.251 156.275 766.934 16.178 450.132 675.547 899.933 64.419 809.925 341.218 826.333 171.968 791.121 803.617 4.734 95.313 431.019 781.592 611.056 474.113 761.186 497.142 180.154 333.579 543.855 124.324 105.33 221.849 382.161 107.587 899.291 821.767 997.057 300.054 584.828 278.77 559.208 573.456 39.184 716.168 485.441 183.747 241.635 247.475 55.11 311.608 355.446 798.265 854.74 444.182 297.782 220.525 760.775 241.126 226.38 160.456 517.753 729.825 72.52 289.321 750.739 596.859 495.453 540.163 748.347 359.123 660.32 657.939 476.72 495.98 942.245 498.412 791.863
491.12 444.27 599.473 442.193 185.703 442.404 52.56 271.036 714.929 1000000000.0 752.253 20.954 24.573 73.994 998.127 429.15 943.674 833.69 226.819 301.834 110.477 177.199 440.955 42.922 119.6 887.277 179.896 975.617 616.558 111.781 476.55 293.8 838.722 551.646 320.702 740.255 276.331 865.089 16.39 3.909 633.172 814.73 951.668 950.662 336.84 137.052 306.103 100.233 881.434 504.756 779.548 726.689 22.131 29.093 311.698 67.311 26.43 84.697 356.496 45.322 909.045 859.826 664.209 552.251 400.489 794.452 213.32 906.322 277.342 592.839 814.176 526.489 864.946 128.148 675.668 52.355 108.59 30.14 67.619 7.747 815.806 927.499 247.583 69.006 11.034 988.801 206.43 909.95 566.023 198.563 897.894 529.221 425.068 925.887 156.821 164.797 330.889 688.179 307.421 66.118
320.403 873.082 868.927 51.973 351.932 940.169 810.136 29.248 749.003 752.253 1000000000.0 673.332 77.369 268.95 191.833 140.399 782.969 623.249 346.2 741.576 127.651 279.958 447.105 368.622 733.511 890.98 148.575 586.703 885.48 228.576 675.488 541.7 4.703 200.115 134.331 237.569 182.165 936.293 412.989 467.087 165.788 135.085 252.792 930.881 8.491 284.104 787.637 378.114 660.02 142.696 634.761 18.202 14.125 998.315 821.273 605.963 77.81 283.187 649.44 192.443 903.325 374.112 717.88 260.861 478.157 740.806 30.615 103.59 303.534 725.292 304.526 331.638 645.704 236.193 524.226 219.802 64.8 96.572 824.281 795.742 681.883 182.784 852.253 659.401 185.323 991.192 673.93 596.619 733.217 747.928 555.718 900.222 202.226 987.06 962.015 915.768 439.834 852.018 311.926 716.671
584.17 499.945 504.281 857.913 682.435 994.312 472.171 554.421 898.266 20.954 673.332 1000000000.0 999.584 624.302 231.266 588.789 729.76 191.793 826.008 985.767 181.724 808.927 664.453 899.308 633.806 765.587 774.063 133.539 934.884 945.787 694.096 523.232 188.0 701.541 796.893 297.173 945.504 845.0 124.991 581.469 311.088 176.509 187.802 140.524 856.314 750.527 538.286 197.708 250.755 358.073 710.697 191.307 607.457 478.916 302.614 386.249 997.556 329.012 193.261 421.517 526.25 990.318 743.859 128.234 344.004 508.4 748.009 732.8 640.853 752.925 728.289 460.061 625.262 132.792 813.656 693.541 139.677 922.707 335.704 177.743 709.067 946.796 54.453 734.326 643.316 910.296 743.397 736.613 817.866 832.773 834.266 645.7 397.639 925.213 753.724 191.315 764.836 963.398 624.362 698.653
97.058 18.713 165.011 46.905 723.941 662.344 996.764 744.673 850.572 24.573 77.369 999.584 1000000000.0 934.752 470.151 774.882 380.31 591.729 804.657 435.02 536.033 660.369 215.291 299.076 574.445 884.889 463.213 762.039 100.269 214.495 522.455 357.268 780.268 428.295 722.377 416.147 848.354 627.762 978.322 278.535 62.392 114.327 844.97 812.129 306.2 279.625 243.991 64.641 267.73 470.847 151.419 886.875 257.613 564.914 393.982 600.202 659.991 75.099 596.118 206.325 265.599 217.269 416.65 245.765 976.66 702.154 140.087 14.179 788.433 211.51 626.095 904.514 287.903 369.243 179.342 928.697 368.836 627.145 75.986 777.615 964.496 673.543 774.743 563.274 570.154 894.618 324.151 36.069 345.388 552.387 218.004 898.023 33.992 896.871 164.121 191.614 870.54 213.365 437.771 840.808
866.175 943.4 562.091 720.379 433.837 138.94 982.993 355.144 103.724 73.994 268.95 624.302 934.752 1000000000.0 142.591 881.385 911.488 939.499 203.784 103.694 177.329 454.052 601.72 774.328 936.048 585.746 305.816 806.441 129.141 970.753 623.854 631.053 68.692 194.609 293.308 436.954 28.894 322.361 495.133 240.071 170.318 73.753 320.301 177.564 57.915 677.461 780.977 280.534 166.109 236.194 517.169 402.67 71.148 500.088 634.549 110.381 130.243 292.447 264.494 449.137 214.02 388.314 226.332 679.999 970.312 866.325 573.96 471.059 101.867 232.681 964.406 979.569 293.981 457.037 579.307 918.689 466.348 594.178 55.998 98.958 571.568 474.788 944.066 192.675 614.5 852.761 933.241 294.105 26.803 918.107 369.733 880.922 714.955 912.382 371.53 461.128 21.232 982.003 27.795 38.302
170.744 852.316 487.018 390.176 840.246 21.27 167.656 389.2 653.013 998.127 191.833 231.266 470.151 142.591 1000000000.0 871.832 8.967 126.414 27.193 996.032 629.015 357.57 946.08 54.757 561.382 404.369 169.379 921.825 743.538 347.822 985.34 480.775 351.601 194.273 806.493 484.674 21.609 882.547 928.711 905.798 10.891 717.245 934.986 599.115 893.203 811.253 431.637 557.369 669.294 268.033 510.57 608.3 258.279 717.913 21.704 485.483 682.525 534.687 818.212 911.189 667.632 423.013 213.857 688.034 838.225 688.551 400.628 830.47 375.007 177.015 155.602 989.409 917.85 672.692 763.964 311.185 333.604 404.889 393.847 739.329 188.896 143.338 609.483 85.742 702.223 429.669 115.158 573.183 741.058 264.858 959.824 558.669 659.948 19.259 91.433 386.259 48.991 308.426 696.075 380.758
78.506 501.451 265.087 949.128 282.97 746.568 676.151 506.227 737.013 429.15 140.399 588.789 774.882 881.385 871.832 1000000000.0 743.283 409.597 7.181 146.856 876.708 109.795 247.249 972.213 940.871 497.14 503.69 6.218 518.311 128.53 236.806 109.891 216.554 704.228 770.76 54.538 439.115 662.692 243.836 174.996 242.437 881.244 364.9 967.993 885.811 881.376 980.147 527.752 255.013 964.663 777.946 233.998 589.102 370.073 341.103 271.574 139.999 563.048 754.667 892.888 341.698 745.436 9.414 51.614 206.989 268.141 756.415 21.382 977.569 686.402 767.804 782.338 18.076 67.034 636.109 812.285 318.042 802.797 406.859 648.731 273.979 625.114 994.872 459.552 975.315 968.683 297.278 402.761 608.555 573.635 174.074 335.936 49.181 637.81 525.781 285.658 685.103 245.08 502.084 821.002
644.407 241.234 462.453 926.928 525.775 341.223 306.743 589.224 15.065 943.674 782.969 729.76 380.31 911.488 8.967 743.283 1000000000.0 469.132 377.11 135.191 772.492 310.419 880.303 770.529 898.572 441.365 828.166 860.78 483.235 546.796 647.585 272.954 587.12 770.372 241.626 145.553 968.653 426.39 793.524 807.321 86.463 17.831 301.595 2.917 33.01 497.838 572.434 610.376 916.568 336.9 987.943 194.18 684.904 29.875 541.948 138.987 259.237 190.323 79.293 180.314 130.236 492.941 325.974 328.45 704.622 286.742 781.196 361.002 43.67 491.342 598.437 986.103 901.979 340.341 71.679 540.711 628.424 976.874 347.873 147.567 915.867 608.415 277.174 49.587 285.657 903.436 645.735 99.692 845.356 748.831 893.759 935.493 572.749 961.21 138.746 885.291 179.953 156.309 233.178 993.387
780.979 296.968 618.544 589.31 843.308 575.614 990.918 910.925 54.157 833.69 623.249 191.793 591.729 939.499 126.414 409.597 469.132 1000000000.0 869.646 282.396 19.307 268.393 131.901 248.911 807.461 144.802 63.281 900.732 853.133 771.04 451.929 459.272 675.787 641.675 384.956 982.622 489.434 895.233 924.225 413.585 84.549 833.73 755.911 572.439 664.39 210.295 572.304 638.539 581.686 182.056 385.292 359.105 460.858 851.891 765.039 450.71 559.637 333.66 5.685 142.379 250.414 706.098 363.752 289.461 694.735 875.546 802.851 306.738 913.458 804.832 484.289 524.822 136.691 628.731 214.465 173.534 327.376 750.419 85.242 893.351 559.673 588.142 733.936 173.825 93.325 613.852 534.031 773.344 793.094 387.232 915.119 700.131 337.237 415.567 552.449 54.696 549.536 658.288 630.455 333.773
516.449 103.554 652.66 591.428 565.429 449.753 322.257 377.723 445.379 226.819 346.2 826.008 804.657 203.784 27.193 7.181 377.11 869.646 1000000000.0 607.565 903.404 403.07 533.495 978.712 895.791 764.335 939.82 484.204 611.57 620.054 486.693 577.103 22.261 362.34 112.174 578.04 885.02 231.456 415.66 464.301 683.038 885.703 112.53 824.193 402.144 386.858 818.722 853.964 793.39 506.587 181.593 995.521 670.743 87.424 928.898 281.339 744.509 965.038 118.689 627.917 482.609 806.463 535.593 121.362 449.222 636.191 245.113 670.212 277.236 872.141 531.13 663.617 977.265 561.392 114.453 809.837 246.855 237.032 321.676 502.973 578.686 634.97 898.498 143.485 902.924 302.787 125.25 875.985 686.418 158.633 929.655 263.314 413.954 150.224 421.859 624.124 25.541 109.401 392.748 354.54
104.18 292.28 728.809 831.339 431.196 232.433 314.255 875.688 692.634 301.834 741.576 985.767 435.02 103.694 996.032 146.856 135.191 282.396 607.565 1000000000.0 681.697 867.668 722.688 307.389 259.702 983.685 945.978 342.704 437.605 993.916 690.553 908.67 933.393 416.136 856.904 486.021 885.526 583.056 816.921 445.93 43.151 937.913 330.817 98.982 671.892 829.451 396.061 630.017 850.371 89.347 189.723 89.105 886.864 500.098 169.928 267.301 202.399 290.016 141.168 705.202 148.506 534.831 23.712 8.224 872.389 290.8 731.016 936.658 933.666 775.682 449.74 878.582 581.502 75.136 825.887 382.407 610.795 393.94 267.067 29.363 469.833 384.451 566.434 447.805 553.155 714.777 717.861 984.659 967.136 572.204 97.75 418.528 479.052 253.989 767.883 692.005 482.021 49.067 494.906 773.787
260.382 55.636 775.587 745.822 342.609 673.171 292.921 510.173 687.997 110.477 127.651 181.724 536.033 177.329 629.015 876.708 772.492 19.307 903.404 681.697 1000000000.0 306.766 841.171 410.862 854.752 53.349 582.217 236.666 128.168 492.007 84.509 612.018 923.657 24.199 908.169 205.969 47.944 557.544 444.463 684.425 700.644 516.329 267.314 281.699 250.045 742.636 81.246 211.505 441.867 303.249 560.559 292.557 329.28 50.396 838.802 250.202 143.91 386.205 224.392 82.645 60.303 863.249 143.602 972.825 776.422 613.52 518.026 293.508 293.793 652.967 868.21 4.54 22.411 253.456 23.534 361.316 429.038 302.46 132.116 246.176 188.614 891.996 44.711 818.745 219.074 465.013 68.041 682.783 812.761 367.399 874.552 391.006 647.731 133.994 100.762 916.53 665.836 589.366 505.302 81.194
814.368 567.935 23.535 547.648 904.771 864.785 550.318 753.87 826.589 177.199 279.958 808.927 660.369 454.052 357.57 109.795 310.419 268.393 403.07 867.668 306.766 1000000000.0 973.559 436.59 505.721 428.784 775.642 344.893 570.089 377.357 387.512 459.194 101.57 296.067 166.997 987.509 649.504 799.018 15.334 295.516 407.116 215.052 779.263 980.452 789.265 162.472 942.161 963.188 803.034 223.377 446.249 135.948 183.569 657.165 895.688 207.517 101.996 130.186 920.459 665.699 342.049 981.109 358.898 906.583 94.472 554.819 690.435 198.798 753.105 614.892 434.627 373.3 888.58 785.925 591.626 890.512 663.451 874.25 682.376 59.17 986.772 923.784 953.517 511.78 158.073 728.912 311.334 364.651 391.801 454.144 492.905 301.66 380.374 79.076 331.217 203.325 652.755 118.355 246.206 165.679
1.716 366.769 966.042 723.875 808.365 763.287 851.809 801.102 669.103 440.955 447.105 664.453 215.291 601.72 946.08 247.249 880.303 131.901 533.495 722.688 841.171 973.559 1000000000.0 934.034 247.66 136.64 531.682 230.503 477.609 580.161 31.37 676.325 288.34 581.329 201.672 368.469 450.899 663.492 697.547 428.715 331.405 836.189 68.618 344.301 790.568 805.96 19.532 305.439 743.262 269.805 735.083 136.526 333.891 267.992 168.381 149.211 616.064 712.913 70.331 597.258 220.868 331.112 406.428 273.352 635.392 632.294 369.439 996.59 122.677 625.198 36.297 678.655 549.098 843.25 280.976 305.228 824.174 519.351 683.645 435.005 249.832 801.615 190.939 262.004 584.551 499.85 790.074 92.021 399.235 735.176 57.89 869.664 450.599 902.351 103.303 697.691 30.814 570.114 143.272 502.042
626.224 831.724 676.6 462.216 909.016 64.606 444.344 962.273 315.355 42.922 368.622 899.308 299.076 774.328 54.757 972.213 770.529 248.911 978.712 307.389 410.862 436.59 934.034 1000000000.0 847.262 195.897 47.045 527.793 790.543 149.56 6.716 692.488 628.979 38.563 987.737 663.496 135.041 626.08 107.339 64.041 717.706 120.227 403.776 632.283 727.936 455.18 614.441 400.102 191.832 903.184 49.993 792.752 233.709 770.244 438.712 6.134 373.75 73.882 257.236 364.519 911.89 562.172 625.014 997.487 36.669 248.099 315.518 939.243 319.352 617.894 442.35 552.756 307.178 11.005 488.19 601.957 749.785 225.646 157.572 222.854 793.714 39.903 65.989 20.332 861.59 381.827 214.795 761.998 372.522 469.654 93.814 925.28 899.483 350.246 117.913 524.841 321.184 181.352 564.911 797.332
257.416 499.038 726.468 279.985 790.222 21.303 94.48 263.069 101.008 119.6 733.511 633.806 574.445 936.048 561.382 940.871 898.572 807.461 895.791 259.702 854.752 505.721 247.66 847.262 1000000000.0 194.597 776.273 981.485 701.841 774.486 578.898 953.787 899.42 384.707 733.79 760.102 595.993 80.255 526.595 564.9 476.371 65.621 853.619 40.133 462.229 301.081 610.626 923.389 857.524 726.869 233.461 530.637 183.418 615.485 16.881 736.449 786.81 299.289 445.473 836.998 598.724 877.759 925.041 633.085 325.585 127.049 278.471 201.668 4.486 84.645 174.77 667.732 222.397 850.917 394.182 848.258 99.708 922.374 182.651 277.154 234.215 940.147 446.412 457.044 644.007 591.241 3.436 516.249 524.947 658.0 819.681 801.409 1.931 192.799 136.267 411.096 189.877 153.353 19.26 81.259
373.9 41.22 548.052 521.215 844.581 691.962 464.94 229.48 513.775 887.277 890.98 765.587 884.889 585.746 404.369 497.14 441.365 144.802 764.335 983.685 53.349 428.784 136.64 195.897 194.597 1000000000.0 998.769 263.044 452.294 452.603 630.394 613.102 905.861 825.988 97.055 550.695 163.53 985.278 593.949 617.948 137.597 883.176 462.937 181.459 376.414 784.546 165.315 794.447 307.123 426.046 667.526 494.94 899.834 241.292 825.025 931.834 455.567 645.279 274.51 125.949 144.626 666.443 953.949 901.707 110.293 604.333 953.656 892.478 607.722 786.075 662.992 937.908 810.253 557.411 960.68 363.849 963.524 920.491 755.196 283.175 974.734 369.187 712.9 447.205 43.328 97.803 971.358 108.673 393.847 946.773 928.567 495.67 5.849 579.917 963.031 659.576 985.413 446.375 5.031 42.49
204.974 906.473 313.464 80.754 715.909 766.866 908.977 323.643 376.145 179.896 148.575 774.063 463.213 305.816 169.379 503.69 828.166 63.281 939.82 945.978 582.217 775.642 531.682 47.045 776.273 998.769 1000000000.0 744.296 709.556 520.546 174.676 114.527 455.753 492.052 652.894 979.99 696.895 407.398 429.683 480.869 92.638 895.624 935.457 477.507 365.707 438.657 309.808 48.577 601.583 529.893 934.149 840.976 754.905 405.042 511.13 545.699 16.215 850.477 137.955 773.225 186.529 818.578 375.269 59.182 273.502 738.42 368.022 113.565 310.361 604.982 73.169 933.439 582.077 248.996 58.318 600.905 110.644 903.893 53.065 948.027 74.243 384.805 938.037 311.452 52.684 556.253 31.33 110.83 313.186 607.89 327.644 980.96 912.41 428.337 792.921 50.018 754.339 280.294 484.469 248.946
59.937 416.72 601.7 72.678 550.83 669.509 493.984 656.437 325.251 975.617 586.703 133.539 762.039 806.441 921.825 6.218 860.78 900.732 484.204 342.704 236.666 344.893 230.503 527.793 981.485 263.044 744.296 1000000000.0 566.851 87.112 937.451 315.079 926.408 570.399 966.881 968.07 890.656 370.225 959.898 364.989 908.049 95.577 93.654 323.468 627.18 882.844 227.288 860.659 681.713 459.829 630.628 743.897 880.531 272.108 437.75 77.542 669.574 379.857 475.673 961.385 529.657 779.084 5.302 443.286 798.968 923.914 43.987 624.103 11.693 223.602 722.993 864.219 707.687 528.717 716.54 744.96 214.666 439.815 574.189 573.914 681.272 829.107 45.176 119.307 955.041 187.541 65.895 668.416 943.262 694.418 550.346 720.562 461.704 242.893 568.849 933.108 455.465 46.704 364.4 246.432
564.375 974.038 382.877 417.769 413.817 850.589 540.975 891.728 156.275 616.558 885.48 934.884 100.269 129.141 743.538 518.311 483.235 853.133 611.57 437.605 128.168 570.089 477.609 790.543 701.841 452.294 709.556 566.851 1000000000.0 857.989 907.097 8.242 546.163 505.218 896.02 564.236 930.515 248.965 837.08 464.756 380.566 26.113 300.805 730.751 446.604 370.746 885.152 956.428 128.953 195.966 886.808 725.155 334.042 519.456 9.763 12.884 743.674 797.05 325.888 803.034 187.83 592.339 520.756 520.744 568.473 952.116 793.973 549.165 435.684 371.426 2.186 554.23 553.163 254.478 621.191 519.216 70.42 680.087 302.63 927.134 706.783 851.28 884.921 64.032 222.562 83.846 850.983 288.772 514.439 874.344 226.607 499.541 883.052 347.741 558.104 361.939 138.645 904.154 421.332 147.477
587.511 689.413 957.774 87.863 913.083 260.677 785.715 721.498 766.934 111.781 228.576 945.787 214.495 970.753 347.822 128.53 546.796 771.04 620.054 993.916 492.007 377.357 580.161 149.56 774.486 452.603 520.546 87.112 857.989 1000000000.0 352.291 966.86 840.471 913.962 43.014 252.01 312.508 869.138 86.134 795.984 799.683 283.117 708.908 124.827 61.417 352.95 204.949 440.102 17.939 138.413 822.019 549.287 131.5 365.503 379.781 674.615 560.437 149.564 368.802 464.09 597.337 116.881 773.131 4.645 996.014 501.601 663.759 422.212 478.55 760.776 647.326 43.333 457.517 372.539 370.906 25.266 808.13 307.464 886.456 961.978 212.369 443.242 833.784 454.101 871.536 594.177 805.435 885.497 212.576 79.324 844.993 713.496 756.413 569.573 80.405 362.62 788.168 51.946 539.277 53.764
927.291 63.043 636.671 281.847 550.538 944.504 999.463 452.207 16.178 476.55 675.488 694.096 522.455 623.854 985.34 236.806 647.585 451.929 486.693 690.553 84.509 387.512 31.37 6.716 578.898 630.394 174.676 937.451 907.097 352.291 1000000000.0 184.676 111.23 453.531 52.413 27.759 387.235 145.178 843.555 751.65 663.959 13.45 685.706 199.413 975.959 899.056 667.118 79.912 676.904 590.664 161.702 2.812 503.729 31.566 486.397 799.881 625.497 640.485 172.781 535.274 891.285 137.241 835.656 846.274 271.39 850.674 640.559 138.583 469.79 408.212 463.456 194.183 680.099 876.311 845.325 846.529 896.903 146.058 491.477 244.252 432.465 398.945 466.971 162.204 600.122 821.936 146.832 389.206 416.54 371.776 259.871 226.232 388.106 970.266 510.949 135.724 811.819 966.273 305.666 83.577
845.114 215.571 282.213 837.712 732.427 739.955 659.523 760.171 450.132 293.8 541.7 523.232 357.268 631.053 480.775 109.891 272.954 459.272 577.103 908.67 612.018 459.194 676.325 692.488 953.787 613.102 114.527 315.079 8.242 966.86 184.676 1000000000.0 464.324 926.507 440.974 292.823 172.319 729.749 780.797 19.148 884.536 548.599 804.146 818.55 946.541 978.28 360.653 318.25 283.467 131.794 179.794 803.92 602.925 641.484 143.631 13.85 362.229 683.362 325.425 10.098 763.684 218.29 372.54 482.319 421.288 329.382 538.113 970.634 761.92 160.693 562.242 496.482 355.244 67.903 265.635 169.683 857.148 818.714 506.5 584.838 508.336 31.478 8.428 595.385 448.509 592.244 141.771 303.492 114.14 833.114 825.924 577.701 289.716 467.554 914.415 898.421 251.038 629.047 41.896 315.902
221.533 728.652 739.99 756.687 386.926 852.492 527.359 138.527 675.547 838.722 4.703 188.0 780.268 68.692 351.601 216.554 587.12 675.787 22.261 933.393 923.657 101.57 288.34 628.979 899.42 905.861 455.753 926.408 546.163 840.471 111.23 464.324 1000000000.0 693.259 12.127 962.664 584.207 933.901 430.599 124.873 48.149 238.205 417.698 501.026 826.903 144.119 166.698 759.144 850.658 661.511 286.036 587.732 809.699 651.986 167.574 145.323 381.232 649.115 324.624 429.698 885.637 807.113 592.562 463.967 65.717 672.127 815.787 464.509 557.858 970.447 349.926 145.738 904.239 728.832 140.89 37.356 114.482 213.935 165.191 651.24 780.386 378.203 415.097 442.078 789.803 221.123 977.092 537.682 684.802 50.606 320.363 437.909 673.114 960.161 708.799 841.863 530.01 402.302 153.463 545.592
724.775 102.565 622.363 995.475 609.607 867.227 293.68 115.777 899.933 551.646 200.115 701.541 428.295 194.609 194.273 704.228 770.372 641.675 362.34 416.136 24.199 296.067 581.329 38.563 384.707 825.988 492.052 570.399 505.218 913.962 453.531 926.507 693.259 1000000000.0 440.765 130.996 613.651 807.978 667.067 587.497 362.823 276.164 358.509 219.995 728.604 268.467 868.492 605.889 541.946 159.589 517.013 463.066 698.481 58.482 12.87 382.612 762.169 237.994 623.983 286.415 76.273 368.965 446.628 757.605 993.88 358.868 224.416 297.89 27.53 790.829 968.951 488.804 507.87 850.609 260.94 151.281 205.527 779.668 961.3 121.234 102.154 173.157 824.247 688.57 834.077 619.688 625.024 538.688 892.626 950.228 13.113 169.646 9.356 751.067 105.6 246.002 793.401 523.704 819.904 527.262
344.029 612.455 486.924 923.227 782.166 244.476 830.303 865.71 64.419 320.702 134.331 796.893 722.377 293.308 806.493 770.76 241.626 384.956 112.174 856.904 908.169 166.997 201.672 987.737 733.79 97.055 652.894 966.881 896.02 43.014 52.413 440.974 12.127 440.765 1000000000.0 956.311 162.596 255.505 640.29 832.042 781.801 202.122 686.324 469.154 631.844 528.422 202.194 537.78 625.906 146.097 481.18 8.365 871.874 339.711 357.839 476.766 90.779 875.804 556.915 891.116 302.388 422.242 305.737 846.208 250.994 190.323 17.327 538.282 76.98 502.811 293.478 109.028 545.989 817.347 51.27 583.854 843.681 51.243 43.581 882.309 59.195 271.921 652.047 785.643 258.803 980.525 815.822 300.952 414.935 70.746 211.507 435.254 874.737 763.236 105.665 441.846 604.0 67.569 698.76 704.385
703.902 99.622 411.415 127.652 829.233 821.481 543.964 562.908 809.925 740.255 237.569 297.173 416.147 436.954 484.674 54.538 145.553 982.622 578.04 486.021 205.969 987.509 368.469 663.496 760.102 550.695 979.99 968.07 564.236 252.01 27.759 292.823 962.664 130.996 956.311 1000000000.0 760.159 324.197 475.647 186.318 696.23 969.688 317.164 976.803 549.525 705.336 622.666 371.395 23.423 242.101 653.161 722.538 235.477 950.72 726.302 634.789 18.832 808.783 703.468 824.574 958.005 758.593 738.218 455.242 897.267 560.912 519.914 22.574 407.087 562.409 20.545 360.227 638.728 592.484 828.202 969.755 163.101 917.539 120.461 245.231 732.978 638.966 939.148 669.02 259.419 997.678 490.968 294.177 667.514 463.787 868.342 219.938 595.444 657.236 325.826 138.619 236.158 781.84 750.313 26.469
912.555 61.617 460.354 933.077 939.363 464.226 426.322 77.985 341.218 276.331 182.165 945.504 848.354 28.894 21.609 439.115 968.653 489.434 885.02 885.526 47.944 649.504 450.899 135.041 595.993 163.53 696.895 890.656 930.515 312.508 387.235 172.319 584.207 613.651 162.596 760.159 1000000000.0 81.136 409.022 138.267 542.447 966.4 352.35 622.959 773.232 445.426 469.681 483.109 332.274 498.25 91.986 289.708 976.203 592.668 9.383 900.589 132.342 114.162 17.573 316.384 458.99 323.539 934.399 190.753 945.472 294.718 294.533 143.753 25.974 198.097 793.248 170.962 953.354 565.309 876.059 577.215 783.094 427.454 209.206 885.819 995.462 539.249 784.608 619.762 87.175 23.065 777.672 268.242 176.581 44.135 763.704 543.72 318.475 524.794 251.898 661.194 485.777 846.237 563.566 81.87
108.41 455.451 714.086 865.105 855.029 988.004 864.351 379.328 826.333 865.089 936.293 845.0 627.762 322.361 882.547 662.692 426.39 895.233 231.456 583.056 557.544 799.018 663.492 626.08 80.255 985.278 407.398 370.225 248.965 869.138 145.178 729.749 933.901 807.978 255.505 324.197 81.136 1000000000.0 87.82 861.174 436.863 57.468 23.988 247.318 684.97 189.584 33.808 975.88 124.859 945.686 393.536 888.494 939.991 414.003 720.611 459.026 53.254 93.31 658.725 537.921 381.267 402.214 869.328 249.224 897.653 187.94 677.363 132.689 783.19 505.596 471.946 135.097 111.193 121.694 663.921 878.626 623.715 264.109 79.9 620.612 264.863 186.429 221.437 187.713 400.587 979.797 945.38 639.272 32.892 249.85 6.323 934.881 587.85 990.804 78.422 16.658 16.802 521.531 754.382 266.94
885.247 368.004 907.23 436.004 393.83 38.401 387.337 671.03 171.968 16.39 412.989 124.991 978.322 495.133 928.711 243.836 793.524 924.225 415.66 816.921 444.463 15.334 697.547 107.339 526.595 593.949 429.683 959.898 837.08 86.134 843.555 780.797 430.599 667.067 640.29 475.647 409.022 87.82 1000000000.0 105.342 50.676 610.576 502.991 289.269 712.524 684.354 886.342 181.497 976.955 600.221 247.627 984.61 938.142 151.661 361.533 963.315 949.621 195.496 552.381 248.106 246.038 71.63 425.563 642.108 356.23 564.213 520.531 231.022 992.281 430.042 820.375 513.929 87.323 41.043 214.693 178.065 100.68 414.156 285.603 239.598 185.546 711.394 670.019 168.569 163.855 171.385 148.297 770.794 668.329 40.748 93.282 419.604 676.485 716.089 544.532 535.171 752.815 657.928 963.449 605.17
291.913 30.793 930.749 283.831 988.435 967.56 344.707 533.839 791.121 3.909 467.087 581.469 278.535 240.071 905.798 174.996 807.321 413.585 464.301 445.93 684.425 295.516 428.715 64.041 564.9 617.948 480.869 364.989 464.756 795.984 751.65 19.148 124.873 587.497 832.042 186.318 138.267 861.174 105.342 1000000000.0 730.165 193.087 484.52 121.09 662.045 876.891 783.978 124.645 419.757 241.006 792.731 186.834 238.66 125.821 205.189 266.623 391.044 872.49 100.663 605.38 507.331 378.877 339.297 322.204 747.889 43.277 989.674 878.488 723.925 869.177 558.128 128.592 383.973 156.354 344.187 182.148 431.999 635.876 666.054 542.428 110.272 335.297 981.572 367.334 359.175 974.896 970.344 470.099 277.112 154.448 16.075 336.612 179.196 603.901 44.999 388.642 115.385 177.829 110.732 538.866
664.157 882.02 48.121 24.353 434.594 828.723 316.792 865.621 803.617 633.172 165.788 311.088 62.392 170.318 10.891 242.437 86.463 84.549 683.038 43.151 700.644 407.116 331.405 717.706 476.371 137.597 92.638 908.049 380.566 799.683 663.959 884.536 48.149 362.823 781.801 696.23 542.447 436.863 50.676 730.165 1000000000.0 687.787 874.803 192.506 451.732 162.822 380.274 126.368 904.835 56.763 101.133 462.573 656.078 410.049 994.377 505.928 190.871 726.505 226.609 492.671 881.799 133.234 950.217 891.63 419.867 46.432 522.476 862.28 975.022 771.953 552.845 124.653 647.771 653.25 651.455 427.328 775.956 161.17 106.055 247.968 373.58 945.677 641.226 885.271 748.323 937.524 561.016 451.734 785.413 998.587 900.488 55.247 519.714 804.304 74.202 363.406 959.519 663.468 464.572 142.739
455.423 756.429 609.943 837.118 30.596 75.534 108.636 802.935 4.734 814.73 135.085 176.509 114.327 73.753 717.245 881.244 17.831 833.73 885.703 937.913 516.329 215.052 836.189 120.227 65.621 883.176 895.624 95.577 26.113 283.117 13.45 548.599 238.205 276.164 202.122 969.688 966.4 57.468 610.576 193.087 687.787 1000000000.0 453.648 629.503 150.632 20.396 212.279 282.886 759.296 205.803 963.231 550.213 444.334 173.627 813.956 829.657 7.726 706.365 312.542 516.16 963.318 680.647 675.119 580.759 963.972 844.039 944.036 726.803 839.827 237.385 356.183 355.617 186.342 324.184 625.231 368.295 538.026 254.584 286.525 230.925 177.862 301.927 369.237 716.483 26.613 457.213 594.925 414.587 88.838 821.156 396.322 602.559 142.219 408.333 85.304 594.208 225.626 877.457 414.326 41.506
510.8 337.391 953.159 681.003 12.093 22.512 343.069 986.996 95.313 951.668 252.792 187.802 844.97 320.301 934.986 364.9 301.595 755.911 112.53 330.817 267.314 779.263 68.618 403.776 853.619 462.937 935.457 93.654 300.805 708.908 685.706 804.146 417.698 358.509 686.324 317.164 352.35 23.988 502.991 484.52 874.803 453.648 1000000000.0 31.511 241.168 284.47 970.578 896.453 620.675 893.209 603.777 260.981 237.399 935.922 794.483 420.664 948.424 302.758 763.745 605.282 594.888 390.805 450.614 250.253 946.972 349.653 206.344 906.195 255.92 831.663 782.929 449.506 560.696 546.722 962.599 327.169 656.347 727.425 472.937 534.627 929.954 578.104 451.839 1.058 735.819 667.436 793.075 549.206 255.514 408.443 635.427 500.073 358.348 601.49 501.542 302.611 763.158 581.945 987.834 47.756
92.23 791.065 157.983 809.366 256.116 518.51 294.156 93.815 431.019 950.662 930.881 140.524 812.129 177.564 599.115 967.993 2.917 572.439 824.193 98.982 281.699 980.452 344.301 632.283 40.133 181.459 477.507 323.468 730.751 124.827 199.413 818.55 501.026 219.995 469.154 976.803 622.959 247.318 289.269 121.09 192.506 629.503 31.511 1000000000.0 443.945 847.295 195.271 213.489 663.393 470.551 892.65 565.831 563.996 676.098 928.683 807.942 868.057 870.238 949.112 406.3 823.099 420.396 182.094 383.623 919.662 669.443 800.252 674.407 234.682 990.734 738.134 917.257 453.065 617.252 995.268 900.137 648.315 468.63 183.872 438.443 777.296 859.187 224.462 225.111 278.972 506.496 782.156 687.524 334.093 792.516 44.695 609.886 828.682 421.325 458.87 79.115 611.459 527.987 776.875 489.664
986.89 661.825 561.733 478.397 283.96 79.157 694.703 99.335 781.592 336.84 8.491 856.314 306.2 57.915 893.203 885.811 33.01 664.39 402.144 671.892 250.045 789.265 790.568 727.936 462.229 376.414 365.707 627.18 446.604 61.417 975.959 946.541 826.903 728.604 631.844 549.525 773.232 684.97 712.524 662.045 451.732 150.632 241.168 443.945 1000000000.0 186.761 859.146 218.05 142.17 454.12 140.942 628.314 493.867 331.562 42.66 993.363 412.691 503.173 441.154 199.695 270.5 845.942 813.745 381.192 470.654 33.064 997.341 942.54 139.279 108.836 211.557 711.829 526.1 453.957 256.442 518.549 427.567 310.733 46.133 29.087 967.099 873.972 233.383 274.49 151.036 59.383 479.977 528.867 181.818 734.052 99.735 98.245 722.522 562.538 779.16 781.781 305.736 610.018 982.972 566.422
249.619 26.92 154.896 858.463 219.63 730.856 419.001 182.751 611.056 137.052 284.104 750.527 279.625 677.461 811.253 881.376 497.838 210.295 386.858 829.451 742.636 162.472 805.96 455.18 301.081 784.546 438.657 882.844 370.746 352.95 899.056 978.28 144.119 268.467 528.422 705.336 445.426 189.584 684.354 876.891 162.822 20.396 284.47 847.295 186.761 1000000000.0 306.569 368.458 943.061 480.611 237.24 829.449 43.773 742.307 388.163 206.696 6.793 437.586 252.916 274.683 735.709 88.742 155.079 602.744 303.151 585.495 181.669 623.366 667.895 167.959 796.652 981.463 138.069 661.403 890.936 706.599 587.11 419.559 989.616 508.123 80.259 81.355 855.856 149.938 54.729 761.516 873.64 808.541 57.077 969.623 567.277 723.516 213.061 229.9 995.544 144.544 51.569 756.091 235.589 151.112
214.859 289.337 899.78 187.74 749.494 395.726 409.667 354.87 474.113 306.103 787.637 538.286 243.991 780.977 431.637 980.147 572.434 572.304 818.722 396.061 81.246 942.161 19.532 614.441 610.626 165.315 309.808 227.288 885.152 204.949 667.118 360.653 166.698 868.492 202.194 622.666 469.681 33.808 886.342 783.978 380.274 212.279 970.578 195.271 859.146 306.569 1000000000.0 96.599 969.249 707.869 863.443 639.476 78.975 480.482 546.409 260.042 725.088 607.773 271.385 173.963 449.431 701.906 242.642 223.21 844.244 121.611 781.242 944.462 576.98 433.651 119.133 20.15 499.401 635.456 235.644 494.333 189.406 100.146 23.537 679.913 70.617 462.683 368.231 683.719 872.407 189.398 160.881 560.48 734.896 607.763 196.69 878.735 879.256 307.679 792.011 884.32 669.729 889.77 261.791 698.34
790.352 385.544 218.444 660.75 19.56 660.525 374.927 742.649 761.186 100.233 378.114 197.708 64.641 280.534 557.369 527.752 610.376 638.539 853.964 630.017 211.505 963.188 305.439 400.102 923.389 794.447 48.577 860.659 956.428 440.102 79.912 318.25 759.144 605.889 537.78 371.395 483.109 975.88 181.497 124.645 126.368 282.886 896.453 213.489 218.05 368.458 96.599 1000000000.0 996.842 223.381 245.93 203.887 365.792 550.189 902.41 798.177 65.174 148.438 109.999 106.451 875.031 518.295 123.196 819.24 741.684 999.585 636.692 26.745 598.402 723.882 204.289 746.875 997.799 799.575 643.211 938.093 337.825 851.883 118.798 442.455 879.607 297.717 83.709 859.135 327.472 289.37 681.603 892.622 237.832 982.265 446.246 485.081 839.617 873.996 188.013 107.513 90.605 297.153 367.457 998.687
90.569 461.255 400.746 209.259 897.109 750.795 579.112 136.342 497.142 881.434 660.02 250.755 267.73 166.109 669.294 255.013 916.568 581.686 793.39 850.371 441.867 803.034 743.262 191.832 857.524 307.123 601.583 681.713 128.953 17.939 676.904 283.467 850.658 541.946 625.906 23.423 332.274 124.859 976.955 419.757 904.835 759.296 620.675 663.393 142.17 943.061 969.249 996.842 1000000000.0 116.83 288.752 827.649 796.716 3.702 989.068 515.177 190.483 184.473 946.527 997.11 826.464 369.883 816.423 305.921 52.876 531.737 105.564 29.802 502.364 556.342 218.657 395.146 343.07 204.738 921.685 708.45 693.327 912.418 418.54 963.942 212.329 973.362 200.286 611.71 750.064 406.366 142.881 877.859 632.553 624.577 117.962 647.897 333.143 105.807 766.127 835.754 126.548 207.272 847.565 498.732
66.405 821.804 845.987 548.31 114.989 813.043 958.681 109.677 180.154 504.756 142.696 358.073 470.847 236.194 268.033 964.663 336.9 182.056 506.587 89.347 303.249 223.377 269.805 903.184 726.869 426.046 529.893 459.829 195.966 138.413 590.664 131.794 661.511 159.589 146.097 242.101 498.25 945.686 600.221 241.006 56.763 205.803 893.209 470.551 454.12 480.611 707.869 223.381 116.83 1000000000.0 577.796 161.066 976.931 62.832 960.086 183.821 83.452 254.532 253.552 736.239 97.262 620.295 720.238 685.531 178.187 429.098 97.219 618.6 345.161 749.833 452.849 361.293 870.133 419.605 734.372 839.656 510.715 96.389 363.685 182.707 12.699 621.456 595.175 930.86 306.324 53.662 92.013 375.665 473.658 838.446 275.585 920.081 797.582 115.075 670.169 420.09 275.964 681.291 181.31 700.003
496.528 738.974 373.481 886.8 627.371 584.212 114.888 303.174 333.579 779.548 634.761 710.697 151.419 517.169 510.57 777.946 987.943 385.292 181.593 189.723 560.559 446.249 735.083 49.993 233.461 667.526 934.149 630.628 886.808 822.019 161.702 179.794 286.036 517.013 481.18 653.161 91.986 393.536 247.627 792.731 101.133 963.231 603.777 892.65 140.942 237.24 863.443 245.93 288.752 577.796 1000000000.0 765.393 569.268 637.237 234.164 588.662 555.807 420.034 853.432 389.584 369.308 159.101 187.667 113.827 92.553 469.84 10.54 334.573 308.188 165.178 633.66 769.508 461.716 42.053 865.527 232.404 558.677 657.838 535.322 884.794 429.382 281.067 314.806 493.899 581.615 118.179 33.309 636.067 466.889 667.317 248.136 891.582 622.697 990.499 961.025 141.702 740.693 695.097 747.383 367.079
