100
1000000000.0 435.356 117.965 795.315 711.209 353.673 812.215 968.792 57.582 482.69 605.722 329.12 495.959 269.35 531.351 950.75 691.827 329.832 764.569 622.919 285.24 350.385 365.973 113.045 280.544 949.564 295.69 763.329 285.994 806.854 972.22 373.51 999.422 991.835 328.14 182.056 934.936 264.346 162.088 264.641 147.996 577.335 655.793 421.446 299.432 297.828 416.276 163.981 990.447 376.984 344.895 998.07 358.345 527.57 765.074 186.721 470.38 678.576 89.572 797.11 306.331 652.639 31.628 836.222 941.037 826.468 150.558 934.157 762.558 111.44 160.856 44.484 412.155 492.36 491.759 225.785 227.285 164.513 930.542 909.752 290.152 102.328 802.491 226.344 765.471 445.946 40.484 106.074 431.375 521.276 726.168 12.014 518.957 764.932 852.586 95.945 411.885 231.083 208.374 128.453
435.356 1000000000.0 531.911 864.012 837.862 132.214 906.953 232.926 537.001 355.461 371.834 794.398 568.789 110.17 913.728 23.953 266.221 604.968 888.901 101.887 962.659 268.297 861.046 98.189 960.003 366.58 179.883 651.809 632.627 433.724 914.232 805.392 696.883 625.085 752.624 525.885 519.348 853.418 987.615 124.855 769.709 145.09 287.36 455.936 308.621 563.235 733.657 620.05 887.311 522.658 530.252 313.314 178.949 820.708 100.764 196.649 124.715 306.957 963.226 750.899 567.675 446.861 61.182 838.095 846.12 526.924 43.359 970.637 212.095 923.904 334.386 182.373 252.129 640.467 956.823 190.521 924.331 77.817 775.529 94.752 299.605 488.399 499.855 56.757 827.145 791.657 759.473 690.493 696.872 281.64 433.106 341.28 48.474 879.897 623.09 773.989 774.694 441.161 3.324 628.677
117.965 531.911 1000000000.0 54.774 350.865 770.951 600.415 128.389 450.013 312.761 646.554 864.028 922.227 313.511 534.366 607.436 160.826 886.229 594.233 828.07 198.252 427.25 799.796 670.199 566.702 477.075 627.275 668.79 485.014 368.119 38.829 502.699 522.469 164.52 592.084 566.409 463.945 113.385 292.276 341.695 485.885 615.34 375.167 102.035 63.569 552.616 866.905 43.612 443.676 307.049 25.983 754.307 220.74 36.301 598.328 522.397 150.101 849.556 123.51 812.24 204.815 888.279 534.791 955.89 446.63 638.962 951.164 820.036 825.057 905.98 203.057 238.642 271.431 281.947 547.903 240.373 142.926 700.915 906.349 104.763 861.661 425.695 659.205 23.347 288.425 37.514 62.025 682.648 703.803 179.467 107.452 908.936 966.77 735.018 594.275 546.708 921.883 698.282 597.388 732.78
795.315 864.012 54.774 1000000000.0 590.634 707.466 953.169 876.908 794.091 136.548 198.356 481.086 244.841 146.364 308.698 226.954 325.83 800.384 470.421 882.686 429.392 39.04 395.417 930.494 940.589 425.584 27.511 546.249 325.836 786.728 370.881 753.675 126.225 183.614 809.086 785.407 976.594 694.583 488.183 135.398 254.75 310.078 337.363 857.37 957.623 887.211 687.438 290.56 388.699 543.604 834.768 925.934 447.731 632.235 791.155 98.961 165.195 414.057 541.441 956.073 289.704 419.324 586.089 837.449 945.016 272.007 536.591 298.469 545.694 639.231 487.248 490.602 556.912 826.438 171.587 782.846 110.521 896.612 771.55 568.831 381.589 556.474 665.091 901.133 478.383 337.585 565.427 984.041 554.352 797.474 770.009 929.879 731.128 864.22 629.55 771.131 40.199 300.447 497.464 380.862
711.209 837.862 350.865 590.634 1000000000.0 529.358 460.446 247.426 625.354 607.229 365.698 349.961 118.767 332.371 87.206 325.304 136.487 1.037 337.931 586.49 582.433 232.529 386.856 720.833 79.355 870.379 323.522 248.541 422.846 401.333 800.915 592.835 184.056 730.47 747.331 127.191 334.255 468.591 308.629 328.917 967.805 753.062 309.24 281.885 272.874 344.981 772.014 155.923 696.499 136.998 119.927 625.074 193.738 812.055 645.402 246.458 824.016 107.611 439.255 248.81 304.288 878.498 297.372 266.741 619.721 775.749 438.9 808.133 430.56 583.514 989.49 671.079 405.957 299.863 411.983 392.847 967.331 736.317 604.032 762.413 337.338 708.095 895.525 852.432 65.263 246.604 927.458 101.182 783.756 673.815 819.857 280.246 794.316 672.342 928.454 986.735 456.741 77.198 345.452 933.822
353.673 132.214 770.951 707.466 529.358 1000000000.0 375.752 116.82 369.666 478.83 929.244 943.181 685.709 533.376 130.544 752.577 599.21 82.701 954.791 402.377 602.408 184.77 979.762 41.179 448.909 132.779 946.67 985.467 108.218 340.435 275.283 854.552 553.285 541.334 601.444 155.845 933.37 656.216 874.258 643.201 503.419 497.031 865.841 540.145 804.304 464.063 906.398 202.715 68.374 803.332 696.443 518.836 229.028 496.089 483.97 27.536 799.884 27.686 965.925 899.674 650.235 24.538 934.789 852.768 763.046 327.329 650.915 363.899 344.55 72.39 848.565 128.102 216.474 306.206 186.378 469.142 350.287 857.967 39.82 552.275 22.565 615.226 465.204 49.777 932.022 40.491 990.222 629.172 955.407 111.281 95.129 276.409 89.315 919.014 649.932 726.435 131.388 222.836 581.164 450.033
812.215 906.953 600.415 953.169 460.446 375.752 1000000000.0 632.599 938.866 369.661 543.495 521.929 2.713 610.967 55.771 829.347 177.678 238.454 705.456 846.458 496.167 287.559 188.555 220.855 216.26 54.453 44.336 350.524 54.768 309.48 719.619 350.25 564.274 662.134 961.633 19.291 273.922 715.374 642.856 535.581 811.412 814.446 597.978 474.411 890.327 220.325 22.921 383.288 277.218 555.054 49.469 430.656 446.678 252.731 671.189 108.058 336.054 678.708 21.907 598.302 100.093 944.015 346.887 455.711 772.195 150.014 730.758 663.122 881.969 848.334 786.123 908.131 940.856 231.405 101.631 721.877 520.128 908.871 948.322 822.457 503.088 10.078 933.789 905.096 2.658 711.819 229.111 885.646 11.812 679.258 18.355 560.123 82.895 764.382 928.58 539.228 39.542 405.631 516.502 13.321
968.792 232.926 128.389 876.908 247.426 116.82 632.599 1000000000.0 688.986 134.201 940.166 945.745 605.937 636.362 357.537 868.974 545.825 609.092 973.775 989.48 361.895 973.46 993.27 930.588 864.518 934.038 261.363 713.054 183.871 362.072 737.894 407.223 674.589 118.118 854.964 71.486 155.553 241.746 22.343 942.011 152.642 536.504 204.724 90.539 446.87 720.316 64.132 952.192 388.221 599.182 639.644 855.92 163.292 726.068 954.13 157.984 311.988 711.245 749.986 478.844 42.715 767.968 267.278 533.732 504.457 224.506 761.526 512.818 864.421 139.982 355.349 106.577 522.198 185.722 905.078 934.942 424.117 960.986 624.452 974.423 800.347 759.824 85.458 932.35 638.375 518.069 489.794 403.629 626.591 688.653 917.511 871.177 803.621 338.82 750.835 831.768 378.406 814.395 112.028 864.876
57.582 537.001 450.013 794.091 625.354 369.666 938.866 688.986 1000000000.0 543.733 787.283 865.691 393.816 165.843 415.647 961.706 73.955 663.964 331.344 200.756 435.31 105.187 430.746 496.02 87.387 238.684 361.464 698.001 841.08 849.696 285.561 582.535 400.151 951.236 416.148 766.887 229.389 31.284 998.001 412.079 321.029 475.135 195.01 261.565 485.276 145.396 675.898 157.819 670.528 488.093 953.643 708.566 1.199 279.807 915.149 840.643 333.654 359.721 106.326 807.698 615.635 837.27 423.067 63.755 576.789 187.506 798.362 259.074 325.886 543.472 739.212 909.621 827.046 954.955 639.219 613.086 613.815 595.669 973.742 588.723 678.291 686.891 779.184 352.267 279.437 517.309 900.494 439.789 763.771 213.103 959.253 168.375 810.246 967.487 982.531 94.728 63.086 615.888 115.653 727.914
482.69 355.461 312.761 136.548 607.229 478.83 369.661 134.201 543.733 1000000000.0 771.974 887.67 40.772 84.861 890.722 784.294 527.815 671.991 239.693 919.449 620.468 337.02 2.016 430.334 223.982 597.451 316.966 875.495 325.002 757.697 462.508 300.243 914.285 924.045 914.509 664.307 785.709 820.255 338.962 253.86 296.395 969.698 566.115 859.926 897.011 800.721 460.429 859.994 845.424 280.579 955.281 616.734 11.16 781.451 25.728 2.976 725.338 145.69 438.477 60.413 258.543 666.191 697.182 714.98 346.699 589.434 331.814 678.303 536.065 911.924 704.749 761.807 969.386 442.041 154.157 142.963 80.518 895.109 373.337 766.419 341.938 424.465 894.449 814.633 605.615 292.983 766.502 220.122 951.772 594.706 654.622 545.515 335.499 512.819 598.759 460.011 69.939 502.032 872.932 251.535
605.722 371.834 646.554 198.356 365.698 929.244 543.495 940.166 787.283 771.974 1000000000.0 35.432 198.546 663.332 734.639 562.252 54.867 382.287 972.847 23.778 468.124 472.522 277.385 542.594 675.778 445.608 868.009 827.534 629.263 13.274 61.111 710.175 6.323 15.95 774.669 508.04 274.56 820.207 144.448 396.703 816.28 832.632 438.145 273.788 526.539 847.675 956.553 57.051 49.387 242.437 846.262 616.388 236.941 910.208 850.378 104.778 916.669 633.396 13.407 843.385 349.208 113.368 642.623 564.733 194.58 528.784 544.438 307.951 557.281 532.998 504.601 656.759 915.904 194.236 312.577 641.917 154.711 293.261 185.15 917.478 537.721 61.215 401.926 903.064 15.502 728.205 947.913 441.16 848.586 553.4 641.542 701.164 838.731 703.024 450.484 60.008 227.051 811.46 685.04 829.57
329.12 794.398 864.028 481.086 349.961 943.181 521.929 945.745 865.691 887.67 35.432 1000000000.0 136.255 749.16 567.049 78.355 223.656 168.396 892.19 113.223 77.23 21.415 729.476 16.167 249.225 386.356 947.78 112.462 459.713 189.717 995.19 576.753 961.644 389.921 436.64 237.821 558.634 480.177 378.3 744.12 502.014 517.312 341.138 528.124 636.175 681.537 176.574 513.827 790.297 403.709 188.481 441.32 394.523 311.681 258.647 212.471 131.261 322.887 425.633 623.055 143.463 518.187 274.65 263.003 117.666 967.362 300.73 523.285 318.134 536.466 680.891 993.651 633.117 140.28 433.409 88.565 337.974 941.826 50.541 444.358 518.016 225.659 463.559 344.49 946.884 927.373 16.02 851.941 699.324 395.541 367.56 125.547 34.572 953.402 630.303 787.547 483.533 828.376 299.494 697.88
495.959 568.789 922.227 244.841 118.767 685.709 2.713 605.937 393.816 40.772 198.546 136.255 1000000000.0 744.185 638.261 81.034 588.558 654.778 733.251 192.151 558.462 280.841 944.131 547.036 538.515 821.012 389.692 946.523 145.795 987.325 121.589 671.026 316.703 639.286 295.979 489.798 656.971 756.35 362.654 330.066 55.431 572.578 265.572 627.414 800.169 690.265 435.461 848.137 246.344 563.969 944.259 906.863 200.157 619.914 308.537 565.053 336.842 116.687 608.803 142.708 759.722 195.756 113.309 65.551 97.066 226.523 245.293 418.668 874.082 448.24 532.755 818.538 487.466 827.405 544.419 552.47 248.463 261.459 93.546 877.488 792.678 74.521 374.752 716.542 713.106 198.378 716.504 934.238 14.807 291.257 404.721 966.976 125.574 99.91 839.999 136.815 409.694 882.626 637.03 600.324
269.35 110.17 313.511 146.364 332.371 533.376 610.967 636.362 165.843 84.861 663.332 749.16 744.185 1000000000.0 749.795 628.449 825.142 663.034 787.917 609.178 45.665 491.217 349.217 300.556 247.571 280.854 170.732 925.932 742.818 938.946 896.664 992.78 978.077 802.784 403.937 521.701 711.937 97.875 450.703 797.333 668.085 635.096 267.507 593.73 198.001 160.032 732.408 453.889 150.701 233.923 224.968 432.429 700.83 906.693 508.656 871.311 746.778 299.741 396.82 882.931 950.434 163.033 695.016 939.599 798.78 518.261 262.787 198.06 847.997 850.277 752.182 753.352 141.012 155.724 656.126 851.508 153.949 280.32 641.8 656.536 311.756 865.354 308.497 942.466 841.929 162.46 558.625 993.292 202.93 520.223 216.913 219.601 59.983 801.019 412.432 913.645 499.307 417.438 111.57 806.571
531.351 913.728 534.366 308.698 87.206 130.544 55.771 357.537 415.647 890.722 734.639 567.049 638.261 749.795 1000000000.0 218.909 329.743 783.264 859.384 234.644 704.477 149.066 172.203 847.289 751.506 215.064 571.767 938.751 985.338 317.935 775.571 650.669 317.378 948.273 851.715 472.633 247.053 318.064 232.312 253.148 289.204 765.25 521.338 424.256 565.495 548.333 838.671 753.644 476.195 371.712 322.141 66.622 20.704 160.422 621.776 183.775 510.22 168.656 634.599 931.185 860.296 15.5 912.229 109.167 405.444 425.758 553.28 336.153 638.498 53.642 53.577 209.924 392.432 107.738 170.82 196.509 415.702 422.029 218.256 502.791 183.19 54.834 800.327 460.85 211.352 570.655 149.926 842.634 279.696 470.914 456.527 336.123 643.605 985.17 704.601 117.964 290.819 816.313 512.782 670.231
950.75 23.953 607.436 226.954 325.304 752.577 829.347 868.974 961.706 784.294 562.252 78.355 81.034 628.449 218.909 1000000000.0 439.867 585.084 253.732 907.496 351.612 77.762 504.329 681.053 415.388 917.434 846.632 247.564 721.479 978.942 149.771 763.566 874.98 410.864 946.343 145.886 410.003 184.246 887.494 149.524 56.409 123.267 777.906 8.121 691.679 431.017 372.039 718.902 370.994 50.454 571.816 346.965 728.375 303.357 68.58 620.984 958.164 719.695 466.431 394.778 453.493 303.778 435.537 672.863 15.649 20.866 393.053 423.695 648.113 751.877 607.989 937.618 910.297 105.807 38.086 131.994 141.715 585.591 47.245 627.276 166.188 438.851 512.136 927.966 762.737 129.904 103.775 243.284 803.979 613.34 816.939 805.626 697.025 338.722 86.79 21.484 251.103 677.988 824.946 218.391
691.827 266.221 160.826 325.83 136.487 599.21 177.678 545.825 73.955 527.815 54.867 223.656 588.558 825.142 329.743 439.867 1000000000.0 229.353 703.236 152.581 613.152 90.903 343.222 49.032 845.937 718.682 78.038 173.43 586.975 612.278 616.086 924.339 197.817 12.275 522.989 684.504 509.67 221.197 618.102 552.632 990.394 273.64 230.339 696.01 995.581 622.415 497.851 6.884 619.142 863.67 702.101 180.821 675.82 615.994 975.031 671.107 922.032 432.379 194.869 871.396 858.177 718.313 521.177 991.357 462.183 236.587 436.213 216.399 644.725 792.776 139.178 624.998 221.365 606.748 800.698 908.898 983.633 721.176 151.23 116.728 440.107 461.828 7.113 843.85 414.45 470.385 574.809 563.106 691.539 993.347 958.684 606.294 48.471 154.846 58.434 93.63 90.396 677.572 232.495 157.328
329.832 604.968 886.229 800.384 1.037 82.701 238.454 609.092 663.964 671.991 382.287 168.396 654.778 663.034 783.264 585.084 229.353 1000000000.0 470.525 873.289 114.523 423.515 613.179 735.35 865.726 326.283 421.347 522.282 562.998 393.887 175.093 593.331 675.898 177.9 352.626 835.138 909.859 180.897 19.259 364.462 461.494 772.484 860.189 513.228 654.506 766.612 971.477 296.422 545.928 847.496 835.132 978.801 109.147 184.838 566.614 861.649 541.683 409.776 198.384 761.027 507.992 473.824 246.323 497.126 435.108 638.191 253.942 695.23 410.845 258.598 605.538 881.551 177.846 164.748 428.782 200.58 948.795 719.538 134.112 396.792 827.254 69.893 905.584 184.229 42.913 723.25 898.122 64.505 330.011 515.578 263.95 141.238 553.105 766.463 322.517 288.992 613.659 323.526 661.037 733.889
764.569 888.901 594.233 470.421 337.931 954.791 705.456 973.775 331.344 239.693 972.847 892.19 733.251 787.917 859.384 253.732 703.236 470.525 1000000000.0 691.139 385.85 214.369 558.58 681.265 720.549 320.112 460.38 274.725 765.145 742.98 552.169 563.642 8.426 805.737 850.365 888.556 184.362 831.001 579.551 397.774 968.651 58.43 718.105 691.04 542.154 825.761 857.78 405.615 264.334 759.501 993.077 941.012 639.394 790.735 870.111 558.749 990.736 487.449 285.7 149.256 629.367 12.666 157.745 852.535 373.012 370.18 778.704 160.521 315.137 338.083 120.934 247.41 294.367 115.58 708.568 448.712 466.345 947.146 407.277 644.861 598.491 203.983 113.374 579.79 446.782 53.371 399.282 230.07 394.455 946.343 526.491 264.03 932.518 396.636 366.844 799.668 450.77 799.844 113.076 972.268
622.919 101.887 828.07 882.686 586.49 402.377 846.458 989.48 200.756 919.449 23.778 113.223 192.151 609.178 234.644 907.496 152.581 873.289 691.139 1000000000.0 243.704 180.55 331.546 905.927 559.749 853.977 622.425 134.193 723.138 660.643 990.231 956.757 270.389 875.364 481.553 594.532 704.084 26.343 785.349 326.659 184.23 114.862 677.527 626.898 832.318 680.559 932.989 171.318 847.004 71.503 21.891 725.185 108.065 573.953 919.637 38.501 839.808 857.813 523.362 358.004 824.637 798.977 656.078 619.168 419.212 137.878 355.849 235.297 223.141 322.056 846.515 653.625 82.308 739.277 987.682 636.053 256.439 81.435 368.454 147.317 3.969 148.718 322.159 536.693 197.254 123.209 728.282 813.842 839.79 301.664 633.493 317.473 219.451 593.202 956.58 140.214 784.667 953.216 889.444 573.372
285.24 962.659 198.252 429.392 582.433 602.408 496.167 361.895 435.31 620.468 468.124 77.23 558.462 45.665 704.477 351.612 613.152 114.523 385.85 243.704 1000000000.0 759.056 587.149 817.985 446.618 894.249 670.746 800.756 347.163 988.078 795.239 25.288 644.081 340.246 865.623 200.073 875.984 306.196 972.979 928.899 975.551 826.253 752.71 900.418 966.19 237.782 888.074 593.13 347.776 830.991 268.033 303.291 286.122 151.306 985.077 568.713 926.126 585.644 3.33 786.038 101.558 735.189 787.718 63.019 185.726 947.752 422.607 852.902 769.849 332.94 865.395 19.755 599.804 272.519 436.45 237.222 875.722 983.142 383.308 305.04 331.542 359.614 386.715 968.62 191.949 851.616 964.162 891.328 361.155 552.314 694.24 174.144 278.938 901.911 623.39 431.754 249.131 48.579 393.165 139.308
350.385 268.297 427.25 39.04 232.529 184.77 287.559 973.46 105.187 337.02 472.522 21.415 280.841 491.217 149.066 77.762 90.903 423.515 214.369 180.55 759.056 1000000000.0 636.042 594.141 724.204 978.572 30.347 458.661 486.205 411.799 803.701 528.755 396.057 289.739 495.401 469.221 845.93 545.735 91.802 524.311 364.3 552.689 974.652 590.057 878.807 719.99 187.483 596.847 654.807 77.801 528.549 515.038 277.905 43.81 933.33 874.579 801.59 213.183 407.235 677.701 621.814 912.175 434.415 270.286 517.418 850.99 662.34 338.083 262.909 985.963 33.957 67.64 506.309 50.363 814.058 638.296 764.8 822.721 13.869 657.884 771.749 890.729 38.388 796.267 615.845 722.525 327.053 627.179 737.885 625.463 313.917 224.768 588.911 213.245 455.748 177.532 102.289 474.6 185.573 581.694
365.973 861.046 799.796 395.417 386.856 979.762 188.555 993.27 430.746 2.016 277.385 729.476 944.131 349.217 172.203 504.329 343.222 613.179 558.58 331.546 587.149 636.042 1000000000.0 935.103 107.666 874.098 813.207 43.224 336.207 697.594 943.271 692.818 536.597 328.318 804.829 761.612 398.333 82.888 614.61 69.848 363.539 410.167 89.087 571.432 686.907 5.294 816.972 295.975 565.07 160.127 774.544 823.608 737.013 614.316 118.696 472.971 992.973 47.238 282.627 888.81 749.465 705.696 282.513 310.094 752.533 996.458 34.53 575.659 810.727 663.904 543.077 523.07 689.906 499.229 311.313 23.941 798.656 903.106 580.83 777.339 577.131 710.999 101.732 492.289 809.37 509.092 685.954 580.187 643.293 815.761 895.058 616.262 278.323 980.184 756.366 986.457 721.754 972.823 745.186 699.505
113.045 98.189 670.199 930.494 720.833 41.179 220.855 930.588 496.02 430.334 542.594 16.167 547.036 300.556 847.289 681.053 49.032 735.35 681.265 905.927 817.985 594.141 935.103 1000000000.0 71.628 430.263 504.444 7.248 312.945 312.608 728.68 817.379 968.357 677.054 273.995 175.144 418.828 57.756 740.266 946.489 382.823 747.966 810.25 575.21 482.043 692.281 663.048 389.662 428.174 763.317 581.004 105.533 278.739 353.517 197.775 615.093 854.253 169.861 772.148 629.306 209.509 791.377 395.853 922.432 971.678 691.944 786.827 944.746 750.615 486.065 435.863 372.256 170.967 469.053 793.074 215.107 906.953 457.891 284.589 866.298 917.947 176.88 956.032 742.837 741.362 880.423 39.053 203.366 353.05 563.605 968.383 809.896 902.14 125.367 788.315 718.175 619.264 569.836 867.111 815.023
280.544 960.003 566.702 940.589 79.355 448.909 216.26 864.518 87.387 223.982 675.778 249.225 538.515 247.571 751.506 415.388 845.937 865.726 720.549 559.749 446.618 724.204 107.666 71.628 1000000000.0 841.154 950.684 34.868 244.98 913.999 412.633 354.884 920.186 80.147 631.619 664.675 970.631 353.251 384.974 500.15 260.619 575.304 500.068 468.079 354.435 760.672 82.94 77.545 147.965 400.63 470.55 775.258 997.299 494.113 290.545 138.04 338.171 572.763 147.388 967.096 404.664 926.513 530.73 505.472 676.906 833.53 838.644 753.688 593.461 722.806 599.491 633.84 863.75 845.3 274.747 149.411 558.919 121.413 938.578 360.044 737.826 554.053 472.211 44.73 18.609 223.57 146.831 892.339 347.047 938.664 982.383 426.804 798.667 487.973 46.084 465.772 70.34 21.869 81.386 766.496
949.564 366.58 477.075 425.584 870.379 132.779 54.453 934.038 238.684 597.451 445.608 386.356 821.012 280.854 215.064 917.434 718.682 326.283 320.112 853.977 894.249 978.572 874.098 430.263 841.154 1000000000.0 991.756 14.864 670.222 37.767 629.396 643.089 414.536 206.631 804.743 74.079 592.598 418.023 285.541 715.833 848.399 184.344 614.692 584.266 124.593 877.202 440.822 560.369 566.81 551.845 445.557 798.076 722.068 90.426 8.093 623.066 807.213 697.134 990.193 872.607 733.502 576.07 172.415 216.861 81.606 879.955 349.56 635.549 221.682 631.92 646.264 578.902 618.146 763.942 202.783 118.514 404.543 567.686 587.835 653.632 411.133 22.961 944.261 932.836 886.406 405.129 639.543 236.765 285.669 43.553 22.396 161.426 431.961 241.72 789.521 467.25 196.067 166.376 474.047 833.042
295.69 179.883 627.275 27.511 323.522 946.67 44.336 261.363 361.464 316.966 868.009 947.78 389.692 170.732 571.767 846.632 78.038 421.347 460.38 622.425 670.746 30.347 813.207 504.444 950.684 991.756 1000000000.0 35.556 223.744 565.461 483.363 766.644 975.593 142.511 310.963 346.867 934.263 228.864 312.583 542.199 804.719 45.208 639.848 659.023 424.33 766.773 350.135 177.356 770.945 305.087 653.059 86.404 924.075 99.547 409.647 233.577 324.191 946.402 523.271 637.268 441.972 717.139 468.361 758.561 560.309 401.673 641.355 164.022 268.074 513.846 469.438 170.981 386.754 991.038 923.515 866.492 584.684 910.281 435.871 81.575 439.39 864.425 354.913 792.773 196.177 741.013 960.784 229.267 814.457 244.161 660.299 593.462 730.731 616.55 600.321 807.529 714.623 192.465 490.32 206.889
763.329 651.809 668.79 546.249 248.541 985.467 350.524 713.054 698.001 875.495 827.534 112.462 946.523 925.932 938.751 247.564 173.43 522.282 274.725 134.193 800.756 458.661 43.224 7.248 34.868 14.864 35.556 1000000000.0 205.83 705.696 107.806 933.835 482.357 171.608 834.61 904.467 394.469 670.176 57.586 326.064 845.17 245.822 911.092 42.893 774.7 842.844 255.052 153.429 276.376 473.312 244.209 279.399 613.781 454.946 726.52 561.28 638.19 699.577 148.347 409.942 99.626 476.795 936.65 197.979 779.275 757.5 427.552 228.45 540.212 239.584 518.717 646.478 34.585 33.486 134.231 258.604 261.376 812.032 831.231 517.095 479.816 564.164 571.428 421.652 694.053 60.948 28.253 273.4 392.91 571.298 573.228 147.007 471.944 367.704 604.773 56.001 853.861 411.498 527.712 663.185
285.994 632.627 485.014 325.836 422.846 108.218 54.768 183.871 841.08 325.002 629.263 459.713 145.795 742.818 985.338 721.479 586.975 562.998 765.145 723.138 347.163 486.205 336.207 312.945 244.98 670.222 223.744 205.83 1000000000.0 248.262 648.152 285.453 547.756 524.577 188.083 40.524 703.973 636.08 212.497 911.626 984.229 478.827 923.435 254.077 38.663 480.689 330.92 966.207 577.261 218.927 3.022 144.482 820.816 151.455 964.283 558.262 952.459 741.141 799.477 22.18 998.062 719.835 147.462 811.619 90.324 992.937 261.163 217.875 576.292 669.633 775.509 46.984 917.32 778.206 567.81 312.05 307.938 390.288 12.501 274.972 818.457 570.39 683.078 571.79 629.346 880.758 160.358 960.06 279.668 361.422 725.057 845.019 441.369 975.503 403.334 51.228 556.955 382.67 352.753 383.539
806.854 433.724 368.119 786.728 401.333 340.435 309.48 362.072 849.696 757.697 13.274 189.717 987.325 938.946 317.935 978.942 612.278 393.887 742.98 660.643 988.078 411.799 697.594 312.608 913.999 37.767 565.461 705.696 248.262 1000000000.0 482.689 424.763 938.473 690.853 504.978 785.95 629.036 113.911 102.509 742.957 745.651 419.619 893.759 754.398 321.327 761.924 802.766 280.504 438.74 597.258 130.478 521.936 951.128 3.191 567.852 702.402 324.541 722.057 609.06 166.287 68.248 764.566 245.127 708.043 390.405 854.534 603.971 612.557 74.387 910.744 688.389 341.653 870.864 293.48 4.929 204.51 46.315 242.611 404.952 968.089 665.328 1.17 78.492 446.678 325.174 215.104 143.809 618.38 94.055 532.175 41.17 922.627 221.558 309.882 973.0 636.549 985.941 283.689 763.973 29.11
972.22 914.232 38.829 370.881 800.915 275.283 719.619 737.894 285.561 462.508 61.111 995.19 121.589 896.664 775.571 149.771 616.086 175.093 552.169 990.231 795.239 803.701 943.271 728.68 412.633 629.396 483.363 107.806 648.152 482.689 1000000000.0 844.489 935.762 353.715 538.252 7.328 7.819 146.439 658.435 683.753 804.49 193.905 364.467 106.895 884.977 77.707 854.366 209.688 909.817 919.919 413.651 74.253 692.351 511.782 37.114 12.755 173.661 683.558 764.887 4.335 593.435 145.203 771.129 135.663 88.655 91.227 691.882 12.348 884.74 822.835 849.296 271.552 180.021 49.508 305.481 581.172 174.267 485.424 905.765 648.83 208.202 371.845 683.141 995.651 563.928 165.431 732.775 537.095 957.302 373.462 75.87 622.84 641.398 640.944 876.261 198.513 759.17 593.213 220.318 768.637
373.51 805.392 502.699 753.675 592.835 854.552 350.25 407.223 582.535 300.243 710.175 576.753 671.026 992.78 650.669 763.566 924.339 593.331 563.642 956.757 25.288 528.755 692.818 817.379 354.884 643.089 766.644 933.835 285.453 424.763 844.489 1000000000.0 541.213 465.159 350.478 871.684 278.865 100.994 623.754 129.516 115.246 258.361 940.609 469.697 151.553 592.976 680.955 747.756 819.926 141.203 495.266 219.646 674.286 13.853 50.09 916.819 173.707 260.945 999.941 406.592 164.185 419.625 498.178 819.577 185.058 913.129 106.666 436.839 888.218 906.442 728.877 59.157 343.008 516.058 476.065 281.45 491.185 669.884 585.588 93.374 879.802 25.194 591.309 347.552 694.45 944.556 370.767 916.418 693.351 692.472 813.303 603.31 267.323 270.891 327.786 580.831 306.222 201.283 664.871 819.187
999.422 696.883 522.469 126.225 184.056 553.285 564.274 674.589 400.151 914.285 6.323 961.644 316.703 978.077 317.378 874.98 197.817 675.898 8.426 270.389 644.081 396.057 536.597 968.357 920.186 414.536 975.593 482.357 547.756 938.473 935.762 541.213 1000000000.0 510.23 246.773 798.059 90.945 233.59 760.25 260.612 599.925 109.012 778.597 674.412 287.266 564.341 996.218 624.818 784.63 659.59 701.619 141.49 503.499 252.783 377.366 259.504 741.58 217.936 983.592 360.419 625.977 85.894 998.752 205.539 5.01 297.609 330.481 577.278 434.458 908.462 746.863 468.764 940.914 73.912 521.982 437.722 751.991 531.963 387.313 839.791 378.957 35.103 229.265 427.888 294.416 431.024 435.928 303.452 721.609 817.108 487.798 978.7 868.799 898.865 386.741 155.649 233.592 659.198 672.397 826.388
991.835 625.085 164.52 183.614 730.47 541.334 662.134 118.118 951.236 924.045 15.95 389.921 639.286 802.784 948.273 410.864 12.275 177.9 805.737 875.364 340.246 289.739 328.318 677.054 80.147 206.631 142.511 171.608 524.577 690.853 353.715 465.159 510.23 1000000000.0 549.298 281.33 274.735 591.737 88.35 317.023 826.267 48.107 471.097 857.326 180.421 124.709 996.723 623.651 893.671 135.987 554.362 175.807 874.504 510.77 406.951 316.728 972.251 783.718 160.062 387.295 381.883 18.373 66.604 36.403 563.888 220.776 320.337 983.677 185.187 503.248 449.506 253.154 425.033 356.913 806.583 827.615 56.562 113.59 783.962 801.152 63.204 779.033 206.251 490.698 664.615 593.467 789.178 381.819 993.968 677.962 577.913 897.988 172.061 568.789 71.692 213.729 699.793 286.645 783.736 448.951
328.14 752.624 592.084 809.086 747.331 601.444 961.633 854.964 416.148 914.509 774.669 436.64 295.979 403.937 851.715 946.343 522.989 352.626 850.365 481.553 865.623 495.401 804.829 273.995 631.619 804.743 310.963 834.61 188.083 504.978 538.252 350.478 246.773 549.298 1000000000.0 472.525 229.24 239.664 319.378 859.017 515.267 153.25 560.11 338.227 615.755 740.802 119.627 687.767 180.269 731.543 211.808 911.599 995.184 638.802 757.125 748.767 479.618 332.39 801.412 306.461 163.811 316.417 885.889 650.085 483.001 838.594 926.25 608.868 394.818 333.415 622.28 994.258 662.168 43.527 816.847 811.664 850.857 655.444 936.247 276.025 483.954 622.72 974.78 177.349 654.832 915.574 65.435 897.358 174.337 94.052 425.095 296.277 74.873 21.235 410.983 712.137 787.812 980.303 188.334 812.483
182.056 525.885 566.409 785.407 127.191 155.845 19.291 71.486 766.887 664.307 508.04 237.821 489.798 521.701 472.633 145.886 684.504 835.138 888.556 594.532 200.073 469.221 761.612 175.144 664.675 74.079 346.867 904.467 40.524 785.95 7.328 871.684 798.059 281.33 472.525 1000000000.0 434.44 265.098 430.974 642.756 147.788 305.579 643.211 695.603 463.4 944.671 279.323 157.299 684.168 849.789 217.647 229.333 557.003 799.541 59.997 934.36 43.911 836.349 489.773 900.383 75.937 813.113 8.726 698.338 333.705 908.169 541.012 438.356 877.477 309.597 225.413 246.055 408.847 759.117 734.974 120.368 948.691 412.143 499.925 120.757 374.7 842.536 945.653 135.136 558.757 210.671 393.594 484.432 917.33 729.605 714.006 388.224 172.983 244.725 649.545 589.58 282.503 85.449 482.944 449.489
934.936 519.348 463.945 976.594 334.255 933.37 273.922 155.553 229.389 785.709 274.56 558.634 656.971 711.937 247.053 410.003 509.67 909.859 184.362 704.084 875.984 845.93 398.333 418.828 970.631 592.598 934.263 394.469 703.973 629.036 7.819 278.865 90.945 274.735 229.24 434.44 1000000000.0 951.663 681.391 450.177 277.158 158.136 955.125 983.854 559.38 341.656 866.491 355.622 580.708 181.455 819.222 298.078 43.834 522.298 652.263 989.874 494.156 621.798 53.114 234.564 75.948 290.054 275.765 439.966 206.525 509.963 823.722 316.19 779.057 714.709 575.762 647.966 890.862 620.09 65.065 749.995 933.828 916.264 424.617 658.178 50.263 324.944 442.137 942.348 422.176 755.018 580.521 364.127 792.5 92.295 373.595 859.896 850.089 391.983 153.254 428.497 630.235 520.695 701.03 213.161
264.346 853.418 113.385 694.583 468.591 656.216 715.374 241.746 31.284 820.255 820.207 480.177 756.35 97.875 318.064 184.246 221.197 180.897 831.001 26.343 306.196 545.735 82.888 57.756 353.251 418.023 228.864 670.176 636.08 113.911 146.439 100.994 233.59 591.737 239.664 265.098 951.663 1000000000.0 472.222 904.213 868.727 752.983 784.739 183.894 866.847 314.545 988.333 320.964 371.737 666.975 770.144 629.137 774.962 775.319 189.427 972.679 380.03 312.66 687.941 929.407 455.061 600.392 232.088 311.206 689.124 148.575 767.373 973.153 715.564 570.837 630.657 952.115 33.101 175.527 601.97 900.878 321.644 142.658 166.096 816.294 710.864 527.473 28.84 953.439 520.438 358.796 119.134 332.393 379.579 48.029 404.951 868.647 547.194 368.718 227.687 329.813 145.325 876.999 278.013 964.862
162.088 987.615 292.276 488.183 308.629 874.258 642.856 22.343 998.001 338.962 144.448 378.3 362.654 450.703 232.312 887.494 618.102 19.259 579.551 785.349 972.979 91.802 614.61 740.266 384.974 285.541 312.583 57.586 212.497 102.509 658.435 623.754 760.25 88.35 319.378 430.974 681.391 472.222 1000000000.0 408.683 973.584 560.595 793.638 633.877 993.414 230.784 504.048 214.247 406.197 21.284 312.568 826.144 598.602 156.747 558.43 201.066 774.494 457.529 14.425 817.323 448.198 52.266 218.53 135.807 647.187 330.796 619.522 649.439 820.592 245.468 229.379 414.455 627.253 606.499 496.836 699.677 449.013 97.174 804.139 742.741 73.255 840.86 994.196 55.287 494.345 647.088 922.27 49.894 148.421 923.691 356.409 88.885 59.094 500.234 651.124 415.629 636.095 599.06 743.661 610.92
264.641 124.855 341.695 135.398 328.917 643.201 535.581 942.011 412.079 253.86 396.703 744.12 330.066 797.333 253.148 149.524 552.632 364.462 397.774 326.659 928.899 524.311 69.848 946.489 500.15 715.833 542.199 326.064 911.626 742.957 683.753 129.516 260.612 317.023 859.017 642.756 450.177 904.213 408.683 1000000000.0 151.772 514.265 229.591 126.318 432.711 796.915 547.609 42.317 133.404 968.835 836.131 781.326 948.677 133.874 67.434 465.161 435.328 473.66 909.769 390.475 756.71 247.611 27.874 773.866 512.846 606.064 275.883 519.437 212.591 814.043 119.609 6.327 136.329 626.285 304.952 930.938 540.698 58.579 664.844 700.131 576.731 891.987 560.448 258.368 398.043 714.743 353.849 302.915 321.436 343.516 917.749 374.779 748.585 768.469 715.894 829.909 975.206 121.812 375.076 868.716
147.996 769.709 485.885 254.75 967.805 503.419 811.412 152.642 321.029 296.395 816.28 502.014 55.431 668.085 289.204 56.409 990.394 461.494 968.651 184.23 975.551 364.3 363.539 382.823 260.619 848.399 804.719 845.17 984.229 745.651 804.49 115.246 599.925 826.267 515.267 147.788 277.158 868.727 973.584 151.772 1000000000.0 930.676 650.837 45.798 853.753 624.223 961.706 687.227 907.499 94.068 14.724 446.857 692.894 81.221 895.473 500.609 121.093 981.405 464.175 707.843 603.201 177.313 420.254 81.47 670.245 369.934 112.225 368.94 98.028 465.731 629.981 163.018 241.587 551.415 932.822 215.35 556.312 417.478 46.413 380.144 308.65 642.665 545.456 820.908 443.395 957.392 6.967 530.458 761.819 48.42 293.039 671.957 322.419 688.167 221.987 745.801 767.086 901.726 145.606 876.755
577.335 145.09 615.34 310.078 753.062 497.031 814.446 536.504 475.135 969.698 832.632 517.312 572.578 635.096 765.25 123.267 273.64 772.484 58.43 114.862 826.253 552.689 410.167 747.966 575.304 184.344 45.208 245.822 478.827 419.619 193.905 258.361 109.012 48.107 153.25 305.579 158.136 752.983 560.595 514.265 930.676 1000000000.0 839.278 950.35 153.595 151.646 147.089 452.592 776.603 565.489 280.293 629.774 289.079 636.778 695.779 30.764 787.994 186.746 84.791 607.143 627.891 677.516 184.593 346.349 593.43 382.44 145.687 741.274 248.925 496.542 830.842 640.566 864.154 708.187 531.333 750.201 596.064 763.434 457.157 475.59 447.852 224.361 30.057 336.449 113.503 809.07 45.778 793.613 84.279 807.21 461.545 887.6 853.155 766.403 547.963 238.506 41.111 249.585 903.35 549.098
655.793 287.36 375.167 337.363 309.24 865.841 597.978 204.724 195.01 566.115 438.145 341.138 265.572 267.507 521.338 777.906 230.339 860.189 718.105 677.527 752.71 974.652 89.087 810.25 500.068 614.692 639.848 911.092 923.435 893.759 364.467 940.609 778.597 471.097 560.11 643.211 955.125 784.739 793.638 229.591 650.837 839.278 1000000000.0 933.987 655.941 11.313 422.748 23.179 298.885 903.715 437.794 863.257 396.091 526.277 494.053 626.666 485.175 20.083 884.328 674.635 109.583 267.895 415.876 285.56 257.935 954.717 261.641 34.294 517.879 81.695 29.904 562.993 107.301 405.455 276.436 911.312 440.093 885.039 268.389 447.696 901.973 584.899 46.201 647.295 929.172 138.909 471.049 570.696 20.195 315.472 460.157 459.057 376.097 724.119 411.892 671.674 363.39 496.678 510.045 307.52
421.446 455.936 102.035 857.37 281.885 540.145 474.411 90.539 261.565 859.926 273.788 528.124 627.414 593.73 424.256 8.121 696.01 513.228 691.04 626.898 900.418 590.057 571.432 575.21 468.079 584.266 659.023 42.893 254.077 754.398 106.895 469.697 674.412 857.326 338.227 695.603 983.854 183.894 633.877 126.318 45.798 950.35 933.987 1000000000.0 15.757 713.427 588.467 284.976 791.121 583.021 264.282 4.435 282.689 784.921 741.83 674.747 440.58 432.628 572.836 150.34 952.003 835.163 971.623 948.589 734.561 195.532 834.658 852.992 637.51 547.067 152.178 746.893 369.084 971.778 177.423 208.418 971.845 339.38 593.784 537.418 953.129 845.078 117.488 453.357 193.727 407.274 384.328 895.89 72.366 341.042 461.313 238.171 294.969 439.458 306.698 182.335 174.617 217.58 699.16 299.82
299.432 308.621 63.569 957.623 272.874 804.304 890.327 446.87 485.276 897.011 526.539 636.175 800.169 198.001 565.495 691.679 995.581 654.506 542.154 832.318 966.19 878.807 686.907 482.043 354.435 124.593 424.33 774.7 38.663 321.327 884.977 151.553 287.266 180.421 615.755 463.4 559.38 866.847 993.414 432.711 853.753 153.595 655.941 15.757 1000000000.0 263.932 422.044 297.268 417.455 691.534 218.155 493.203 434.813 991.967 229.395 157.937 614.585 73.131 154.561 928.273 988.72 969.657 924.733 298.86 358.339 751.174 776.916 259.776 639.772 108.373 677.773 623.878 414.196 713.787 704.718 483.266 101.5 912.562 34.405 624.368 643.863 964.823 952.761 996.883 545.347 266.777 718.392 366.629 866.446 469.928 145.932 146.219 895.756 663.948 308.193 10.563 156.93 219.382 666.04 417.119
297.828 563.235 552.616 887.211 344.981 464.063 220.325 720.316 145.396 800.721 847.675 681.537 690.265 160.032 548.333 431.017 622.415 766.612 825.761 680.559 237.782 719.99 5.294 692.281 760.672 877.202 766.773 842.844 480.689 761.924 77.707 592.976 564.341 124.709 740.802 944.671 341.656 314.545 230.784 796.915 624.223 151.646 11.313 713.427 263.932 1000000000.0 204.23 856.258 953.247 533.32 754.616 608.362 472.517 997.867 380.819 875.369 325.733 271.51 64.209 945.73 838.676 83.117 460.397 510.635 398.316 906.621 554.52 203.25 773.55 474.937 325.287 943.994 485.955 133.142 625.054 235.617 726.071 728.88 543.707 938.763 572.541 797.091 399.522 432.705 438.209 271.012 45.467 567.09 122.768 444.334 487.653 853.465 328.031 686.761 308.105 653.204 556.033 359.183 698.184 949.243
416.276 733.657 866.905 687.438 772.014 906.398 22.921 64.132 675.898 460.429 956.553 176.574 435.461 732.408 838.671 372.039 497.851 971.477 857.78 932.989 888.074 187.483 816.972 663.048 82.94 440.822 350.135 255.052 330.92 802.766 854.366 680.955 996.218 996.723 119.627 279.323 866.491 988.333 504.048 547.609 961.706 147.089 422.748 588.467 422.044 204.23 1000000000.0 415.12 19.754 159.395 656.843 790.603 539.095 780.55 366.305 637.918 102.193 42.089 162.021 993.631 288.748 714.8 626.898 132.122 668.971 325.989 407.175 89.411 13.988 247.748 471.724 432.224 938.265 353.673 277.007 107.057 647.963 500.707 954.882 279.31 276.812 731.671 432.958 591.331 243.307 220.162 199.954 993.711 477.244 426.976 801.148 415.208 897.457 843.14 864.028 749.197 122.608 688.708 10.685 32.563
163.981 620.05 43.612 290.56 155.923 202.715 383.288 952.192 157.819 859.994 57.051 513.827 848.137 453.889 753.644 718.902 6.884 296.422 405.615 171.318 593.13 596.847 295.975 389.662 77.545 560.369 177.356 153.429 966.207 280.504 209.688 747.756 624.818 623.651 687.767 157.299 355.622 320.964 214.247 42.317 687.227 452.592 23.179 284.976 297.268 856.258 415.12 1000000000.0 121.922 738.291 245.245 264.05 171.28 858.955 265.302 73.686 841.908 898.687 584.764 604.631 590.269 533.545 330.471 576.908 254.762 928.129 302.617 44.068 161.816 660.333 234.9 370.818 393.577 987.111 940.925 416.648 750.557 589.028 444.431 891.194 167.932 880.936 840.435 699.94 762.837 213.763 849.382 391.396 809.65 480.361 579.175 415.199 142.218 238.745 992.182 416.752 705.21 855.317 962.094 252.187
990.447 887.311 443.676 388.699 696.499 68.374 277.218 388.221 670.528 845.424 49.387 790.297 246.344 150.701 476.195 370.994 619.142 545.928 264.334 847.004 347.776 654.807 565.07 428.174 147.965 566.81 770.945 276.376 577.261 438.74 909.817 819.926 784.63 893.671 180.269 684.168 580.708 371.737 406.197 133.404 907.499 776.603 298.885 791.121 417.455 953.247 19.754 121.922 1000000000.0 911.223 636.48 731.09 537.774 751.42 227.231 54.344 152.654 139.659 975.287 909.213 639.197 228.468 206.693 642.53 661.557 867.52 549.223 15.923 641.354 740.934 315.809 558.311 723.443 594.498 629.326 396.302 626.579 787.972 116.826 133.814 978.063 18.716 962.005 358.607 784.848 857.458 977.794 46.837 139.262 415.195 798.07 365.535 393.29 399.833 476.06 179.314 186.325 359.468 498.293 488.216
376.984 522.658 307.049 543.604 136.998 803.332 555.054 599.182 488.093 280.579 242.437 403.709 563.969 233.923 371.712 50.454 863.67 847.496 759.501 71.503 830.991 77.801 160.127 763.317 400.63 551.845 305.087 473.312 218.927 597.258 919.919 141.203 659.59 135.987 731.543 849.789 181.455 666.975 21.284 968.835 94.068 565.489 903.715 583.021 691.534 533.32 159.395 738.291 911.223 1000000000.0 941.16 355.705 499.06 584.457 826.118 796.829 36.972 233.787 40.492 358.375 95.828 902.434 308.296 748.127 243.533 255.644 106.746 773.633 266.79 394.668 599.586 684.328 793.892 50.395 507.44 29.04 841.351 698.333 295.995 445.265 896.292 660.696 805.078 690.085 805.103 923.868 701.156 843.707 466.048 8.878 525.182 129.758 865.423 33.191 411.637 3.885 519.142 130.298 612.396 266.996
