10
1000000000.0 438.311 698.503 377.811 968.294 33.999 756.511 332.772 333.695 80.593
438.311 1000000000.0 758.77 391.564 626.824 623.664 341.442 764.881 565.214 513.849
698.503 758.77 1000000000.0 258.86 302.949 254.159 532.273 244.303 256.564 187.848
377.811 391.564 258.86 1000000000.0 192.878 345.067 410.091 646.661 823.208 741.499
968.294 626.824 302.949 192.878 1000000000.0 756.525 472.942 92.067 584.111 293.536
33.999 623.664 254.159 345.067 756.525 1000000000.0 671.18 163.088 307.645 953.045
756.511 341.442 532.273 410.091 472.942 671.18 1000000000.0 910.183 175.729 229.295
332.772 764.881 244.303 646.661 92.067 163.088 910.183 1000000000.0 679.784 998.407
333.695 565.214 256.564 823.208 584.111 307.645 175.729 679.784 1000000000.0 101.827
80.593 513.849 187.848 741.499 293.536 953.045 229.295 998.407 101.827 1000000000.0
