10
1000000000.0 787.558 883.616 98.704 506.136 595.152 612.753 774.866 816.133 756.092
787.558 1000000000.0 937.693 355.365 521.56 468.095 382.74 714.44 829.673 879.484
883.616 937.693 1000000000.0 803.811 15.915 715.104 86.802 852.97 505.537 618.892
98.704 355.365 803.811 1000000000.0 898.652 995.753 117.704 917.86 43.198 268.959
506.136 521.56 15.915 898.652 1000000000.0 346.873 355.118 278.501 716.634 184.562
595.152 468.095 715.104 995.753 346.873 1000000000.0 777.666 872.333 23.623 177.795
612.753 382.74 86.802 117.704 355.118 777.666 1000000000.0 237.214 725.477 672.589
774.866 714.44 852.97 917.86 278.501 872.333 237.214 1000000000.0 374.056 875.217
816.133 829.673 505.537 43.198 716.634 23.623 725.477 374.056 1000000000.0 540.608
756.092 879.484 618.892 268.959 184.562 177.795 672.589 875.217 540.608 1000000000.0
