10
1000000000.0 569.593 97.936 486.177 879.076 924.491 121.337 50.918 970.855 691.535
569.593 1000000000.0 761.672 455.043 814.8 755.473 692.528 660.972 399.687 935.764
97.936 761.672 1000000000.0 565.725 433.486 145.825 69.325 372.499 939.956 409.295
486.177 455.043 565.725 1000000000.0 828.671 861.784 416.239 629.142 887.257 949.251
879.076 814.8 433.486 828.671 1000000000.0 956.753 886.034 713.238 35.567 421.852
924.491 755.473 145.825 861.784 956.753 1000000000.0 514.685 121.461 938.792 548.234
121.337 692.528 69.325 416.239 886.034 514.685 1000000000.0 87.999 600.561 495.574
50.918 660.972 372.499 629.142 713.238 121.461 87.999 1000000000.0 328.253 950.609
970.855 399.687 939.956 887.257 35.567 938.792 600.561 328.253 1000000000.0 647.078
691.535 935.764 409.295 949.251 421.852 548.234 495.574 950.609 647.078 1000000000.0
