10
1000000000.0 870.226 782.715 162.542 300.317 919.157 549.47 685.434 438.153 729.455
870.226 1000000000.0 275.496 763.669 781.757 283.244 48.262 303.913 69.45 28.105
782.715 275.496 1000000000.0 58.822 406.386 821.687 914.344 592.558 366.068 322.829
162.542 763.669 58.822 1000000000.0 290.132 284.939 681.292 207.461 238.726 883.767
300.317 781.757 406.386 290.132 1000000000.0 314.28 645.008 565.876 627.2 53.555
919.157 283.244 821.687 284.939 314.28 1000000000.0 242.123 221.432 47.877 239.844
549.47 48.262 914.344 681.292 645.008 242.123 1000000000.0 985.595 885.969 170.562
685.434 303.913 592.558 207.461 565.876 221.432 985.595 1000000000.0 864.001 796.426
438.153 69.45 366.068 238.726 627.2 47.877 885.969 864.001 1000000000.0 686.514
729.455 28.105 322.829 883.767 53.555 239.844 170.562 796.426 686.514 1000000000.0
