10
1000000000.0 359.635 840.686 98.391 456.849 546.962 619.199 74.309 407.939 480.403
359.635 1000000000.0 606.431 804.836 776.636 683.392 526.207 387.688 216.216 8.207
840.686 606.431 1000000000.0 227.727 747.418 469.998 142.168 729.952 692.404 170.247
98.391 804.836 227.727 1000000000.0 577.924 425.08 305.301 986.341 438.185 128.285
456.849 776.636 747.418 577.924 1000000000.0 277.236 512.526 922.172 737.249 176.187
546.962 683.392 469.998 425.08 277.236 1000000000.0 170.523 28.002 945.313 820.18
619.199 526.207 142.168 305.301 512.526 170.523 1000000000.0 187.971 210.022 252.93
74.309 387.688 729.952 986.341 922.172 28.002 187.971 1000000000.0 903.859 708.721
407.939 216.216 692.404 438.185 737.249 945.313 210.022 903.859 1000000000.0 918.711
480.403 8.207 170.247 128.285 176.187 820.18 252.93 708.721 918.711 1000000000.0
