10
1000000000.0 259.007 976.053 317.101 870.459 946.915 515.231 120.089 279.758 128.66
259.007 1000000000.0 777.439 687.67 802.479 930.428 56.862 574.787 309.665 779.838
976.053 777.439 1000000000.0 113.117 812.885 41.176 407.566 235.491 343.864 132.984
317.101 687.67 113.117 1000000000.0 4.543 682.317 156.881 82.862 116.337 199.674
870.459 802.479 812.885 4.543 1000000000.0 682.77 814.154 644.456 189.54 959.475
946.915 930.428 41.176 682.317 682.77 1000000000.0 125.726 992.9 681.676 856.757
515.231 56.862 407.566 156.881 814.154 125.726 1000000000.0 564.632 267.806 670.68
120.089 574.787 235.491 82.862 644.456 992.9 564.632 1000000000.0 234.401 561.791
279.758 309.665 343.864 116.337 189.54 681.676 267.806 234.401 1000000000.0 671.695
128.66 779.838 132.984 199.674 959.475 856.757 670.68 561.791 671.695 1000000000.0
