10
1000000000.0 768.409 390.744 923.188 303.704 798.477 689.929 802.973 300.433 151.898
768.409 1000000000.0 507.197 281.717 502.866 384.272 308.524 525.692 408.302 549.411
390.744 507.197 1000000000.0 740.308 752.131 54.851 914.377 17.899 876.505 142.977
923.188 281.717 740.308 1000000000.0 467.552 591.834 845.991 159.123 889.915 483.178
303.704 502.866 752.131 467.552 1000000000.0 587.114 265.681 91.4 605.244 719.123
798.477 384.272 54.851 591.834 587.114 1000000000.0 968.972 771.208 628.632 623.525
689.929 308.524 914.377 845.991 265.681 968.972 1000000000.0 336.778 108.476 672.79
802.973 525.692 17.899 159.123 91.4 771.208 336.778 1000000000.0 264.419 992.327
300.433 408.302 876.505 889.915 605.244 628.632 108.476 264.419 1000000000.0 370.291
151.898 549.411 142.977 483.178 719.123 623.525 672.79 992.327 370.291 1000000000.0
