10
1000000000.0 723.29 418.446 72.721 936.23 559.541 20.387 839.558 986.746 168.065
723.29 1000000000.0 518.356 974.117 901.69 907.952 509.524 961.62 761.369 134.869
418.446 518.356 1000000000.0 133.339 416.762 88.372 6.745 645.123 575.712 878.69
72.721 974.117 133.339 1000000000.0 423.826 485.322 672.649 777.343 902.025 255.086
936.23 901.69 416.762 423.826 1000000000.0 26.64 375.433 535.924 333.719 215.198
559.541 907.952 88.372 485.322 26.64 1000000000.0 864.94 538.183 530.092 383.336
20.387 509.524 6.745 672.649 375.433 864.94 1000000000.0 266.052 374.536 344.786
839.558 961.62 645.123 777.343 535.924 538.183 266.052 1000000000.0 570.34 730.075
986.746 761.369 575.712 902.025 333.719 530.092 374.536 570.34 1000000000.0 620.501
168.065 134.869 878.69 255.086 215.198 383.336 344.786 730.075 620.501 1000000000.0
