10
1000000000.0 798.935 373.759 55.835 231.606 769.927 461.315 441.319 597.971 971.129
798.935 1000000000.0 99.091 24.716 294.975 294.131 103.049 698.477 644.756 2.618
373.759 99.091 1000000000.0 985.115 870.111 230.219 506.312 289.212 763.8 131.731
55.835 24.716 985.115 1000000000.0 333.061 653.92 62.899 232.053 555.767 15.585
231.606 294.975 870.111 333.061 1000000000.0 995.389 75.498 558.448 568.461 377.893
769.927 294.131 230.219 653.92 995.389 1000000000.0 861.228 988.972 583.139 316.483
461.315 103.049 506.312 62.899 75.498 861.228 1000000000.0 523.712 886.154 727.015
441.319 698.477 289.212 232.053 558.448 988.972 523.712 1000000000.0 350.067 148.121
597.971 644.756 763.8 555.767 568.461 583.139 886.154 350.067 1000000000.0 549.984
971.129 2.618 131.731 15.585 377.893 316.483 727.015 148.121 549.984 1000000000.0
