10
1000000000.0 579.71 871.775 894.641 973.307 762.142 892.336 4.61 225.317 732.399
579.71 1000000000.0 717.554 49.527 789.742 951.272 522.286 977.738 538.234 972.619
871.775 717.554 1000000000.0 542.336 472.582 564.234 820.991 75.344 176.558 134.359
894.641 49.527 542.336 1000000000.0 388.917 138.918 232.399 896.58 877.864 433.233
973.307 789.742 472.582 388.917 1000000000.0 808.294 205.954 608.898 534.649 190.357
762.142 951.272 564.234 138.918 808.294 1000000000.0 402.085 193.432 211.587 46.162
892.336 522.286 820.991 232.399 205.954 402.085 1000000000.0 163.485 493.145 122.371
4.61 977.738 75.344 896.58 608.898 193.432 163.485 1000000000.0 538.11 462.721
225.317 538.234 176.558 877.864 534.649 211.587 493.145 538.11 1000000000.0 470.904
732.399 972.619 134.359 433.233 190.357 46.162 122.371 462.721 470.904 1000000000.0
