10
1000000000.0 422.628 587.808 698.28 624.141 230.909 279.29 641.785 970.942 951.194
422.628 1000000000.0 537.716 207.036 38.031 117.975 834.248 38.633 159.886 768.868
587.808 537.716 1000000000.0 783.203 783.675 670.253 369.162 19.683 138.428 640.46
698.28 207.036 783.203 1000000000.0 836.84 134.381 643.051 932.431 233.801 988.589
624.141 38.031 783.675 836.84 1000000000.0 355.931 475.675 914.597 179.986 271.439
230.909 117.975 670.253 134.381 355.931 1000000000.0 227.926 627.863 390.219 906.255
279.29 834.248 369.162 643.051 475.675 227.926 1000000000.0 622.613 302.237 512.057
641.785 38.633 19.683 932.431 914.597 627.863 622.613 1000000000.0 29.465 769.006
970.942 159.886 138.428 233.801 179.986 390.219 302.237 29.465 1000000000.0 70.893
951.194 768.868 640.46 988.589 271.439 906.255 512.057 769.006 70.893 1000000000.0
