10
1000000000.0 304.285 493.676 905.891 281.365 370.522 978.622 548.017 763.37 14.085
304.285 1000000000.0 502.896 374.353 541.09 793.806 610.065 146.309 559.411 279.035
493.676 502.896 1000000000.0 32.857 96.978 964.389 660.045 764.135 83.412 318.271
905.891 374.353 32.857 1000000000.0 866.571 753.223 747.322 957.916 992.372 455.159
281.365 541.09 96.978 866.571 1000000000.0 585.845 395.358 996.025 547.689 899.152
370.522 793.806 964.389 753.223 585.845 1000000000.0 472.197 581.242 569.974 306.987
978.622 610.065 660.045 747.322 395.358 472.197 1000000000.0 154.862 615.994 804.524
548.017 146.309 764.135 957.916 996.025 581.242 154.862 1000000000.0 959.378 325.781
763.37 559.411 83.412 992.372 547.689 569.974 615.994 959.378 1000000000.0 617.074
14.085 279.035 318.271 455.159 899.152 306.987 804.524 325.781 617.074 1000000000.0
