10
1000000000.0 894.828 356.708 343.249 174.438 411.73 673.363 844.696 954.375 160.022
894.828 1000000000.0 40.479 546.79 336.598 702.622 772.712 936.614 933.886 266.073
356.708 40.479 1000000000.0 771.156 476.519 938.507 55.237 506.496 54.427 442.195
343.249 546.79 771.156 1000000000.0 739.876 595.785 633.52 449.065 341.269 369.098
174.438 336.598 476.519 739.876 1000000000.0 274.917 479.092 583.007 434.422 139.416
411.73 702.622 938.507 595.785 274.917 1000000000.0 357.821 733.45 289.825 413.205
673.363 772.712 55.237 633.52 479.092 357.821 1000000000.0 783.455 491.936 513.37
844.696 936.614 506.496 449.065 583.007 733.45 783.455 1000000000.0 711.391 851.533
954.375 933.886 54.427 341.269 434.422 289.825 491.936 711.391 1000000000.0 432.501
160.022 266.073 442.195 369.098 139.416 413.205 513.37 851.533 432.501 1000000000.0
