10
1000000000.0 794.397 988.269 579.476 446.972 471.821 422.492 140.502 257.612 89.429
794.397 1000000000.0 916.77 171.868 640.13 582.577 841.382 441.308 201.151 532.399
988.269 916.77 1000000000.0 192.247 752.282 970.113 717.054 683.683 288.782 106.838
579.476 171.868 192.247 1000000000.0 238.676 171.515 339.755 523.574 215.229 417.953
446.972 640.13 752.282 238.676 1000000000.0 231.913 876.354 920.549 616.734 271.256
471.821 582.577 970.113 171.515 231.913 1000000000.0 819.441 419.123 141.551 530.419
422.492 841.382 717.054 339.755 876.354 819.441 1000000000.0 950.164 144.311 755.361
140.502 441.308 683.683 523.574 920.549 419.123 950.164 1000000000.0 159.617 739.014
257.612 201.151 288.782 215.229 616.734 141.551 144.311 159.617 1000000000.0 865.548
89.429 532.399 106.838 417.953 271.256 530.419 755.361 739.014 865.548 1000000000.0
