10
1000000000.0 959.698 246.2 813.675 792.316 502.608 151.552 585.847 417.201 625.444
959.698 1000000000.0 512.312 392.753 833.425 498.961 40.953 881.708 787.253 416.548
246.2 512.312 1000000000.0 394.682 431.365 979.503 811.971 896.898 453.068 300.482
813.675 392.753 394.682 1000000000.0 367.902 766.975 64.356 244.311 339.129 724.647
792.316 833.425 431.365 367.902 1000000000.0 447.425 231.133 419.029 151.137 439.115
502.608 498.961 979.503 766.975 447.425 1000000000.0 257.687 734.683 77.049 389.482
151.552 40.953 811.971 64.356 231.133 257.687 1000000000.0 536.638 196.164 989.952
585.847 881.708 896.898 244.311 419.029 734.683 536.638 1000000000.0 239.383 370.491
417.201 787.253 453.068 339.129 151.137 77.049 196.164 239.383 1000000000.0 219.624
625.444 416.548 300.482 724.647 439.115 389.482 989.952 370.491 219.624 1000000000.0
