10
1000000000.0 877.429 771.631 671.602 573.215 608.79 734.883 769.424 19.91 789.398
877.429 1000000000.0 556.704 686.735 652.654 321.063 232.075 2.088 401.051 540.467
771.631 556.704 1000000000.0 303.782 180.333 848.847 971.093 999.546 444.274 979.566
671.602 686.735 303.782 1000000000.0 679.01 937.032 792.584 319.613 328.888 345.45
573.215 652.654 180.333 679.01 1000000000.0 744.708 854.356 485.023 670.766 763.288
608.79 321.063 848.847 937.032 744.708 1000000000.0 233.807 115.506 648.627 159.475
734.883 232.075 971.093 792.584 854.356 233.807 1000000000.0 338.667 293.135 526.061
769.424 2.088 999.546 319.613 485.023 115.506 338.667 1000000000.0 865.193 361.13
19.91 401.051 444.274 328.888 670.766 648.627 293.135 865.193 1000000000.0 710.824
789.398 540.467 979.566 345.45 763.288 159.475 526.061 361.13 710.824 1000000000.0
