10
1000000000.0 386.746 641.954 255.676 672.401 165.944 140.185 368.538 721.301 478.137
386.746 1000000000.0 206.865 561.76 715.609 370.511 497.475 109.624 822.294 425.626
641.954 206.865 1000000000.0 207.408 763.26 636.418 928.442 137.83 807.858 69.334
255.676 561.76 207.408 1000000000.0 132.989 857.222 321.736 332.902 765.484 57.58
672.401 715.609 763.26 132.989 1000000000.0 556.585 247.922 964.042 891.815 245.288
165.944 370.511 636.418 857.222 556.585 1000000000.0 711.218 359.055 339.697 738.857
140.185 497.475 928.442 321.736 247.922 711.218 1000000000.0 190.527 240.509 673.968
368.538 109.624 137.83 332.902 964.042 359.055 190.527 1000000000.0 232.693 674.066
721.301 822.294 807.858 765.484 891.815 339.697 240.509 232.693 1000000000.0 762.908
478.137 425.626 69.334 57.58 245.288 738.857 673.968 674.066 762.908 1000000000.0
