10
1000000000.0 311.195 254.078 788.892 863.481 931.005 915.903 389.157 907.794 890.011
311.195 1000000000.0 412.218 991.6 111.321 859.144 996.318 862.209 330.373 64.694
254.078 412.218 1000000000.0 942.534 741.689 341.197 390.636 166.748 475.222 23.485
788.892 991.6 942.534 1000000000.0 998.672 239.936 137.263 488.882 664.913 548.34
863.481 111.321 741.689 998.672 1000000000.0 971.313 739.745 10.743 988.032 122.865
931.005 859.144 341.197 239.936 971.313 1000000000.0 195.167 529.752 376.528 303.836
915.903 996.318 390.636 137.263 739.745 195.167 1000000000.0 980.484 618.933 850.355
389.157 862.209 166.748 488.882 10.743 529.752 980.484 1000000000.0 42.666 206.215
907.794 330.373 475.222 664.913 988.032 376.528 618.933 42.666 1000000000.0 995.725
890.011 64.694 23.485 548.34 122.865 303.836 850.355 206.215 995.725 1000000000.0
