10
1000000000.0 703.676 843.506 553.611 217.155 417.483 472.651 472.396 813.018 839.456
703.676 1000000000.0 169.031 977.088 762.419 492.749 420.625 994.81 208.441 28.972
843.506 169.031 1000000000.0 701.789 137.116 792.663 971.911 843.72 532.769 847.102
553.611 977.088 701.789 1000000000.0 808.301 987.949 201.244 553.358 422.544 166.417
217.155 762.419 137.116 808.301 1000000000.0 723.507 890.494 977.189 350.304 95.673
417.483 492.749 792.663 987.949 723.507 1000000000.0 31.187 689.031 312.157 413.767
472.651 420.625 971.911 201.244 890.494 31.187 1000000000.0 363.11 883.911 412.625
472.396 994.81 843.72 553.358 977.189 689.031 363.11 1000000000.0 448.486 949.985
813.018 208.441 532.769 422.544 350.304 312.157 883.911 448.486 1000000000.0 31.762
839.456 28.972 847.102 166.417 95.673 413.767 412.625 949.985 31.762 1000000000.0
