10
1000000000.0 770.221 202.329 497.107 171.232 897.191 377.522 938.592 814.199 724.464
770.221 1000000000.0 808.414 715.041 413.708 150.261 480.488 910.393 926.218 320.155
202.329 808.414 1000000000.0 674.863 945.74 706.811 262.053 374.291 502.748 93.863
497.107 715.041 674.863 1000000000.0 53.805 624.269 554.082 86.776 296.877 78.863
171.232 413.708 945.74 53.805 1000000000.0 931.325 554.289 480.191 89.754 646.022
897.191 150.261 706.811 624.269 931.325 1000000000.0 849.703 189.609 255.752 780.933
377.522 480.488 262.053 554.082 554.289 849.703 1000000000.0 286.101 278.956 82.389
938.592 910.393 374.291 86.776 480.191 189.609 286.101 1000000000.0 830.484 470.832
814.199 926.218 502.748 296.877 89.754 255.752 278.956 830.484 1000000000.0 567.229
724.464 320.155 93.863 78.863 646.022 780.933 82.389 470.832 567.229 1000000000.0
