10
1000000000.0 226.99 157.271 108.848 879.516 649.701 786.544 301.15 561.66 82.836
226.99 1000000000.0 19.988 451.547 699.291 591.353 161.37 152.641 481.894 221.937
157.271 19.988 1000000000.0 559.736 297.738 229.859 879.875 82.928 625.334 78.038
108.848 451.547 559.736 1000000000.0 521.66 336.629 395.154 958.767 397.769 642.413
879.516 699.291 297.738 521.66 1000000000.0 201.618 116.318 601.767 161.318 114.442
649.701 591.353 229.859 336.629 201.618 1000000000.0 684.756 372.474 604.754 688.709
786.544 161.37 879.875 395.154 116.318 684.756 1000000000.0 528.42 486.442 323.677
301.15 152.641 82.928 958.767 601.767 372.474 528.42 1000000000.0 17.121 417.916
561.66 481.894 625.334 397.769 161.318 604.754 486.442 17.121 1000000000.0 642.29
82.836 221.937 78.038 642.413 114.442 688.709 323.677 417.916 642.29 1000000000.0
