200
1000000000.0 935.103 858.321 356.33 36.648 559.722 38.188 744.385 664.445 72.822 721.909 766.825 537.539 862.123 339.591 263.258 979.324 392.296 784.182 137.337 612.383 985.772 282.289 524.868 627.859 405.978 583.349 441.529 4.618 902.55 762.128 291.034 673.649 923.556 513.89 333.092 302.128 488.624 13.055 949.429 747.355 573.209 992.087 892.043 288.06 916.232 860.691 12.367 294.221 736.832 361.008 832.252 203.307 632.612 856.457 486.222 220.285 367.173 475.621 922.73 471.02 840.225 900.596 843.066 740.157 158.377 162.55 478.032 942.267 208.305 494.622 748.339 623.864 641.261 444.686 43.163 579.097 999.438 764.856 395.118 120.711 5.26 828.131 237.503 432.249 236.314 964.629 74.411 841.071 269.625 463.825 404.09 234.995 836.953 858.753 170.431 214.428 995.877 27.878 241.185 843.796 104.966 445.679 431.664 455.044 97.624 104.994 786.423 923.273 761.172 6.323 815.249 702.967 205.615 103.197 334.938 127.739 603.786 616.456 202.89 284.319 831.964 826.886 69.861 242.55 463.34 416.421 985.556 221.547 716.016 527.9 725.869 87.331 542.867 681.579 322.464 460.286 511.262 859.265 29.385 40.083 825.096 955.067 238.901 940.865 512.476 44.597 281.865 520.05 520.537 757.794 912.764 374.223 191.246 790.707 326.633 678.25 332.285 390.268 876.969 37.314 424.911 44.449 843.607 102.787 1.197 264.66 834.671 394.931 885.773 697.861 358.939 121.151 62.204 734.4 134.418 255.727 667.059 842.991 213.245 355.169 320.008 162.35 665.928 203.202 956.493 841.414 47.008 676.603 628.937 869.233 332.248 382.44 592.369 178.483 181.677 421.841 382.28 488.112 41.154
935.103 1000000000.0 464.197 919.518 691.055 633.643 463.85 44.376 500.547 925.36 599.698 646.734 984.972 285.466 290.206 615.572 297.429 804.778 879.213 729.115 143.687 408.051 636.966 286.9 303.498 862.4 782.726 103.988 192.626 773.303 111.869 230.231 401.667 335.591 763.311 725.708 964.355 213.677 579.669 59.741 917.654 992.387 59.788 801.604 950.48 409.492 806.397 323.757 433.934 750.495 685.76 992.528 784.111 579.137 82.223 682.911 372.608 483.248 166.301 778.809 660.966 160.326 134.466 672.609 65.872 533.064 507.892 239.341 148.134 10.701 587.199 460.867 19.484 693.677 351.912 439.95 729.105 143.502 509.924 428.13 605.592 415.038 517.437 432.523 413.865 440.482 679.016 45.066 830.77 992.158 481.02 728.835 72.725 964.992 633.033 233.79 522.587 407.01 83.23 110.896 331.955 227.99 650.234 120.264 707.635 476.075 20.257 20.545 243.534 804.249 556.258 164.313 779.846 612.065 66.254 914.891 814.855 684.421 940.542 778.507 390.245 416.787 838.027 31.871 572.058 428.685 801.892 659.529 668.775 78.939 269.27 501.808 201.392 846.99 985.021 345.429 79.223 937.587 989.075 158.269 842.892 757.76 406.094 365.992 321.551 855.578 548.519 721.927 646.213 122.653 968.583 685.311 271.348 688.023 329.834 67.22 217.011 635.338 109.801 543.324 422.232 550.064 932.85 641.624 402.874 404.287 489.828 421.69 338.669 631.177 14.729 998.475 240.312 929.334 678.795 621.393 192.685 154.205 326.961 417.318 736.335 986.003 745.357 927.863 526.539 32.869 588.495 60.177 672.41 560.656 396.666 378.696 612.374 373.412 38.653 847.962 207.918 676.372 149.631 584.654
858.321 464.197 1000000000.0 71.837 123.054 128.522 213.899 731.345 132.486 927.721 763.998 318.315 548.185 798.833 814.715 798.204 251.292 825.631 781.538 526.35 145.021 103.732 868.554 929.372 793.671 523.808 877.313 8.036 491.164 287.08 752.534 247.604 310.329 665.537 489.701 708.991 966.083 178.404 980.12 265.875 775.834 173.143 601.839 765.596 642.442 933.141 47.17 896.114 646.933 677.305 313.115 690.077 412.45 507.026 934.861 309.661 340.194 680.38 840.614 700.675 375.969 926.192 364.829 772.161 151.964 77.231 523.374 820.309 106.686 892.857 6.374 606.223 599.518 700.679 816.255 269.028 604.547 319.943 137.435 669.471 797.226 485.96 519.415 620.394 804.71 524.847 175.44 965.386 812.248 386.793 883.416 617.25 188.811 4.078 368.132 91.079 182.441 802.25 883.537 171.641 552.287 402.0 714.056 305.539 465.911 325.263 795.031 541.994 898.48 561.034 624.605 719.121 426.555 91.175 608.319 340.176 105.388 558.508 358.75 641.513 75.57 514.686 470.402 964.572 681.45 409.189 646.052 816.859 144.118 287.963 845.256 555.297 387.078 419.49 571.155 254.064 353.973 950.076 32.242 831.925 415.735 655.182 495.287 891.791 542.593 202.563 32.849 657.697 992.017 560.562 134.01 948.346 946.255 573.031 292.678 132.19 332.4 188.594 549.149 30.15 943.326 645.479 961.41 190.048 645.479 295.413 801.08 665.571 844.262 381.346 478.116 187.956 64.749 593.09 385.112 743.087 327.865 831.869 422.83 86.839 529.572 712.133 15.906 396.822 385.902 637.705 604.778 210.107 751.267 602.311 66.414 196.1 324.857 766.664 160.448 130.325 699.928 494.811 391.405 962.132
356.33 919.518 71.837 1000000000.0 922.774 41.466 209.673 17.361 666.706 184.34 7.441 875.152 510.195 591.443 292.363 85.835 981.255 976.052 693.933 645.035 135.792 807.572 132.01 698.502 121.53 89.708 445.795 916.251 394.802 473.675 819.145 308.362 402.166 30.01 464.437 937.205 682.434 41.9 177.248 158.397 639.456 7.837 320.143 61.406 45.741 895.84 410.395 92.242 515.14 360.774 380.29 981.096 482.369 500.134 487.031 745.484 967.065 634.569 538.494 965.313 97.165 213.83 801.465 269.119 360.285 130.022 758.57 992.028 130.314 20.147 50.743 590.01 489.338 513.852 634.137 115.066 961.008 848.344 856.892 75.677 744.424 996.816 676.335 105.099 734.296 385.961 302.935 401.317 732.44 890.909 174.736 525.988 720.142 244.322 401.035 11.855 847.044 949.309 496.993 300.614 712.604 632.522 290.905 669.355 782.398 776.391 851.354 903.764 916.764 857.997 846.896 683.183 784.907 219.325 762.176 469.94 523.039 766.137 978.677 303.468 641.464 50.942 843.002 275.878 895.595 558.829 204.406 833.137 874.322 25.851 133.685 656.299 792.588 541.642 281.142 549.391 769.919 217.221 458.374 953.992 80.516 24.176 305.449 543.456 999.476 329.821 959.548 983.568 68.248 688.063 754.367 817.714 538.805 891.478 612.541 952.765 481.71 320.269 511.841 518.012 339.245 766.23 441.923 943.813 114.913 542.492 483.834 81.511 487.61 341.884 250.04 722.962 370.132 509.739 273.474 136.671 866.427 999.578 899.398 903.429 94.076 641.435 462.092 878.634 415.836 551.935 623.953 133.424 147.385 521.971 61.283 316.766 174.58 861.808 738.252 301.85 875.656 253.534 989.454 903.517
36.648 691.055 123.054 922.774 1000000000.0 66.561 11.933 674.919 59.608 584.215 689.305 841.635 256.925 709.859 501.856 410.434 122.318 389.074 393.453 99.153 733.327 362.579 715.052 611.417 496.868 140.508 203.792 193.462 173.402 506.024 112.002 666.998 700.648 843.644 129.069 653.981 646.843 337.93 395.222 687.775 733.418 546.036 877.122 7.566 18.741 182.879 353.635 936.487 591.753 768.348 84.409 361.385 7.456 166.032 167.818 783.679 277.693 277.261 667.501 306.021 688.973 622.634 369.103 538.523 189.431 53.484 327.113 723.384 744.288 833.854 869.72 792.406 635.284 66.482 728.232 519.35 887.778 49.237 811.914 953.524 396.032 262.649 692.136 80.554 389.459 529.868 646.091 672.262 434.109 989.838 165.034 96.776 556.995 956.431 203.51 573.338 865.882 817.611 434.245 237.951 358.837 693.328 634.428 787.315 75.431 767.454 757.122 236.0 219.49 878.902 889.756 708.6 598.487 408.403 420.981 541.084 735.083 133.767 479.236 586.542 492.477 841.358 198.551 384.419 733.076 782.687 526.662 214.684 531.259 463.237 883.701 897.002 931.598 258.461 415.154 321.825 431.911 505.899 852.9 392.883 744.38 376.276 494.779 855.727 285.947 526.207 119.584 989.831 834.641 646.701 810.182 232.415 105.351 239.86 669.171 200.715 922.778 453.319 898.457 941.397 94.314 246.552 264.759 873.245 701.183 142.217 154.811 213.86 770.335 864.561 48.406 985.492 202.739 358.979 467.476 27.65 339.097 893.039 55.445 117.149 33.883 295.766 92.157 220.221 975.959 447.05 506.174 460.255 770.925 379.955 968.526 231.045 645.754 10.699 640.28 829.776 92.446 126.078 21.278 275.586
559.722 633.643 128.522 41.466 66.561 1000000000.0 450.207 516.148 596.125 268.779 788.984 975.328 257.176 874.238 512.287 895.149 871.245 951.681 893.297 334.003 532.359 969.47 505.528 874.563 696.117 124.673 648.474 921.384 723.358 524.783 62.853 258.967 579.129 753.184 879.19 126.68 668.384 784.937 17.081 447.768 236.493 626.139 517.072 550.938 865.524 857.519 481.225 382.977 77.499 854.99 832.674 367.383 186.56 12.643 876.539 528.169 390.207 588.368 536.958 879.515 819.925 27.427 242.266 584.135 541.268 589.812 752.54 765.729 39.589 387.223 711.529 699.894 103.064 427.685 945.025 2.77 944.798 485.243 746.107 32.067 88.892 848.687 86.84 339.066 226.145 59.701 737.97 114.678 871.063 931.388 694.095 793.809 675.886 271.907 3.305 652.994 956.822 743.654 825.829 573.892 330.799 402.042 992.269 527.441 665.126 8.866 512.909 43.666 516.581 755.387 438.662 697.617 484.563 668.789 276.789 582.768 651.021 68.585 509.295 283.585 927.889 99.846 329.273 642.439 504.971 872.747 460.26 158.58 340.969 113.422 790.293 431.941 518.231 267.436 855.853 409.38 245.545 299.485 691.328 667.387 750.597 17.38 347.311 461.918 395.051 10.512 501.478 993.915 690.516 610.885 791.845 448.694 986.6 411.5 266.179 670.915 652.866 932.35 889.237 95.717 421.164 782.646 306.291 810.698 677.065 720.88 696.641 319.478 689.684 296.672 118.742 994.106 45.697 409.741 899.17 589.281 912.258 31.541 158.494 653.381 679.492 522.381 322.827 562.472 306.384 661.997 463.757 848.076 504.193 923.607 221.175 512.636 357.81 780.782 267.253 698.735 532.408 506.369 941.145 426.471
38.188 463.85 213.899 209.673 11.933 450.207 1000000000.0 728.88 968.632 986.653 627.295 106.042 416.554 760.625 640.285 250.779 107.981 62.097 257.311 454.314 925.213 731.749 249.805 528.421 107.782 411.551 318.791 852.003 860.01 405.058 775.906 332.393 675.097 535.235 972.199 812.619 296.132 574.287 929.774 114.947 126.931 765.28 143.617 901.692 159.95 948.823 291.522 872.588 983.666 344.207 407.095 484.028 802.042 902.332 316.052 719.593 816.591 567.156 588.116 979.573 767.794 7.107 90.296 492.489 24.185 771.116 669.577 811.456 695.446 859.861 619.997 66.78 472.234 911.501 968.504 448.966 610.116 128.366 470.92 710.165 602.763 493.807 802.637 156.666 109.895 536.146 408.761 150.908 881.262 214.989 708.724 992.746 595.354 421.397 785.835 809.012 451.606 371.957 220.261 581.025 41.415 459.422 411.587 855.145 56.139 567.179 827.061 814.276 112.929 107.77 130.541 423.701 291.123 70.011 8.873 161.486 424.017 950.627 677.014 45.047 118.969 477.514 104.042 911.145 178.687 496.589 285.486 327.356 149.306 50.573 813.49 159.802 573.994 631.222 736.808 439.942 287.349 347.749 212.322 411.389 135.302 640.105 713.772 302.669 397.824 629.884 509.611 352.745 588.241 126.385 849.348 663.547 410.274 847.825 490.021 220.99 642.623 40.537 574.722 766.506 808.932 715.787 159.069 119.692 39.651 105.831 954.692 334.548 913.277 899.479 385.24 164.519 419.642 835.47 765.312 15.434 150.921 919.721 318.701 482.157 195.507 918.029 545.496 40.566 273.055 257.276 13.257 988.397 151.849 378.975 196.369 849.329 525.149 937.967 884.503 364.647 58.153 83.895 224.767 30.772
744.385 44.376 731.345 17.361 674.919 516.148 728.88 1000000000.0 569.364 195.88 790.289 922.203 721.805 168.157 655.754 821.888 836.656 719.724 812.294 787.573 255.6 711.379 708.356 645.852 483.7 820.35 216.677 25.512 825.871 52.981 252.334 533.16 541.356 297.381 292.376 661.645 970.53 836.445 634.079 67.383 501.683 726.763 689.535 426.686 217.798 80.555 31.072 797.771 224.531 712.95 741.749 810.189 108.47 362.242 186.391 766.554 167.059 999.984 306.734 304.639 267.067 415.251 413.264 954.888 16.46 32.755 397.893 33.951 462.695 26.029 918.283 394.275 375.203 236.801 970.992 538.293 959.518 544.213 676.325 385.217 52.866 596.947 44.427 959.324 836.684 354.144 666.306 243.147 417.194 392.245 849.365 32.4 406.996 449.583 303.949 539.608 376.088 3.35 800.237 547.985 988.436 297.998 693.359 35.146 448.292 174.921 788.037 91.629 881.43 397.715 861.869 420.119 94.536 744.977 768.056 366.339 873.423 981.11 320.292 548.422 501.205 253.192 501.988 858.381 325.954 186.868 716.119 677.167 468.066 347.103 241.343 120.861 392.322 367.119 260.926 476.448 508.276 49.883 7.876 454.91 852.409 736.492 908.795 796.964 507.051 211.962 695.466 169.746 441.672 64.627 164.979 250.644 814.393 151.196 149.921 91.223 827.998 199.111 415.328 657.599 835.972 803.834 586.227 539.8 202.355 157.321 712.571 567.406 515.755 878.048 728.504 881.64 183.896 639.01 303.868 922.446 79.494 21.073 174.498 595.682 976.611 238.304 535.836 2.605 290.426 680.829 181.267 512.611 184.987 705.505 876.178 895.457 888.551 269.193 814.277 41.951 294.982 63.242 222.351 75.254
664.445 500.547 132.486 666.706 59.608 596.125 968.632 569.364 1000000000.0 536.206 303.009 812.151 886.496 560.205 623.771 435.165 534.293 209.522 517.226 328.854 202.305 584.365 993.496 241.484 347.686 767.72 158.559 480.424 413.676 388.043 961.794 113.707 824.558 725.959 811.763 347.881 378.652 292.209 872.263 711.489 253.825 807.962 434.3 892.089 89.068 329.019 137.039 200.308 102.739 403.458 283.601 230.476 403.653 207.995 451.022 944.913 633.506 932.154 557.215 805.572 510.434 213.923 998.121 31.446 521.294 713.656 880.059 541.856 673.272 996.391 105.903 630.333 770.77 311.483 226.689 789.953 851.484 166.734 61.698 24.629 254.814 771.094 430.185 321.594 996.69 703.848 397.854 630.733 551.166 872.11 339.011 579.741 875.59 249.458 512.658 909.916 224.184 547.91 624.087 165.304 993.322 497.06 798.259 28.103 239.819 758.08 978.363 778.118 189.276 259.214 884.515 909.371 99.338 167.281 693.962 337.991 888.044 754.083 671.655 226.399 436.759 271.541 356.497 703.482 729.693 467.743 928.997 228.506 507.71 387.669 628.1 79.238 376.588 286.167 690.08 831.479 660.75 465.67 896.267 884.082 680.535 884.503 964.567 462.104 57.853 10.275 773.247 559.114 383.563 93.338 25.374 849.932 676.049 561.582 940.368 668.474 300.885 554.337 992.406 90.208 370.273 190.52 996.907 480.894 37.272 688.837 160.426 3.344 688.043 785.367 758.58 915.984 934.696 42.813 118.191 549.873 782.477 873.595 102.78 302.452 944.009 788.19 653.221 827.095 474.944 287.894 440.656 14.23 397.696 83.79 771.606 364.887 182.793 820.577 200.997 43.873 639.328 77.328 354.035 59.582
72.822 925.36 927.721 184.34 584.215 268.779 986.653 195.88 536.206 1000000000.0 423.402 20.012 809.621 912.771 364.015 951.287 628.071 288.327 20.225 951.584 788.29 231.141 500.002 424.58 666.244 572.346 882.273 114.741 188.137 507.571 647.404 672.22 697.624 194.681 119.282 14.612 740.571 937.701 510.204 981.605 808.673 179.903 751.131 243.449 622.416 58.948 54.047 955.312 869.192 467.502 746.35 33.988 609.167 951.007 791.001 546.516 343.747 353.658 159.964 156.975 650.912 416.036 235.475 137.981 277.986 883.192 846.808 16.522 967.691 314.415 133.701 849.699 135.843 875.351 726.23 587.539 636.55 705.557 927.962 282.853 558.573 68.716 835.523 789.89 891.882 710.26 986.339 694.516 714.204 683.312 239.731 668.018 500.237 895.754 595.338 967.043 374.862 363.8 454.766 549.466 850.87 332.401 311.776 459.365 562.975 99.521 501.53 893.986 278.763 221.671 725.196 527.886 604.905 281.869 243.9 920.088 272.979 330.775 878.694 349.686 757.185 824.822 458.58 154.209 639.192 317.992 493.569 79.578 740.497 301.8 140.315 751.427 621.658 90.108 365.905 630.196 232.382 174.523 911.421 681.291 377.736 609.828 680.313 88.213 340.078 405.314 790.379 822.659 905.592 519.595 910.054 911.015 2.15 514.838 613.903 216.208 892.58 991.809 555.322 982.696 374.35 536.118 752.146 576.878 818.029 15.873 896.218 496.52 711.543 506.66 253.327 902.197 495.866 587.215 726.805 872.83 977.435 888.639 293.826 515.797 829.421 784.958 50.674 597.628 353.572 867.95 195.717 274.525 797.861 73.475 115.623 372.956 716.753 152.936 643.15 270.758 690.54 868.979 491.837 64.752
721.909 599.698 763.998 7.441 689.305 788.984 627.295 790.289 303.009 423.402 1000000000.0 504.536 139.105 636.967 508.468 302.398 434.827 454.621 685.196 802.341 630.697 668.549 361.894 138.748 366.059 438.707 412.975 868.871 38.031 97.708 418.724 553.491 819.368 487.582 600.852 885.4 231.698 630.357 313.907 949.858 443.803 546.012 238.121 758.756 787.059 136.137 419.525 511.078 493.812 89.291 860.078 596.875 561.168 466.376 606.609 52.576 334.706 404.846 704.146 673.331 849.611 172.756 507.106 225.7 669.168 445.566 979.699 584.191 385.552 500.094 734.818 768.96 347.069 271.518 546.617 257.39 160.988 417.392 343.991 41.657 700.794 685.119 814.337 764.029 823.581 353.984 196.299 293.012 822.618 173.865 601.376 336.319 652.26 590.251 473.49 946.76 485.591 207.05 641.7 365.776 752.339 504.425 317.214 156.835 224.314 72.028 898.516 51.181 295.901 507.726 72.203 952.851 969.722 25.089 515.77 711.682 798.02 83.609 632.687 611.078 342.795 735.538 712.749 641.457 732.743 34.302 494.666 719.224 230.297 744.376 140.396 220.212 709.389 583.155 147.714 38.908 456.038 393.603 228.328 149.261 15.156 550.027 187.876 746.771 372.002 762.59 315.425 820.293 986.27 793.258 53.244 234.298 890.887 15.296 840.946 475.249 809.072 812.371 276.872 297.286 721.398 219.591 976.186 727.817 977.151 839.542 421.28 590.907 314.935 858.326 185.856 884.377 487.461 140.416 826.227 530.001 118.19 660.258 240.562 905.869 465.76 775.703 227.285 738.517 110.463 789.505 386.091 895.269 126.748 875.742 392.874 552.168 634.733 758.286 521.709 459.707 938.005 86.975 240.827 398.694
766.825 646.734 318.315 875.152 841.635 975.328 106.042 922.203 812.151 20.012 504.536 1000000000.0 992.666 255.374 317.434 458.88 676.605 383.601 889.443 239.52 644.888 575.733 465.07 321.055 623.973 849.437 788.56 605.435 248.54 495.294 403.726 905.455 442.521 559.083 183.167 35.891 995.73 477.874 771.527 536.805 358.139 765.022 247.208 62.57 428.203 102.669 547.694 574.031 230.493 941.804 495.768 724.399 548.394 546.979 557.708 164.197 664.685 880.487 736.36 388.186 492.484 172.479 643.665 523.486 562.368 523.575 933.4 323.183 767.539 151.486 192.836 619.805 707.939 366.893 89.793 242.916 68.305 686.638 376.009 338.641 598.655 530.109 942.278 691.918 888.564 127.144 470.042 759.969 479.337 328.915 19.128 987.318 52.421 123.428 351.585 865.003 975.72 999.886 600.276 453.525 742.556 489.887 578.974 674.753 557.831 935.855 200.278 74.917 883.104 261.685 933.804 669.572 499.771 429.781 165.534 59.961 54.042 494.701 630.862 562.573 123.565 940.37 13.044 501.616 596.229 460.965 916.986 56.625 479.245 126.873 657.777 732.523 23.323 656.642 231.434 516.468 120.872 497.528 847.913 651.95 833.655 159.206 212.669 876.973 306.515 87.169 466.41 325.005 104.684 221.32 950.471 80.964 27.635 197.752 23.766 916.622 816.424 117.0 14.886 772.128 153.074 310.085 475.99 78.528 959.514 503.722 807.162 126.589 59.884 820.019 460.07 413.503 471.379 846.453 688.185 889.991 605.305 78.855 978.702 249.37 998.21 213.301 597.781 574.618 50.24 295.437 521.216 466.04 389.015 54.807 840.079 101.755 680.526 38.962 721.405 502.401 932.506 379.282 714.33 464.17
537.539 984.972 548.185 510.195 256.925 257.176 416.554 721.805 886.496 809.621 139.105 992.666 1000000000.0 672.796 343.783 290.96 22.344 882.843 2.631 154.21 264.754 102.473 444.956 932.557 291.676 638.384 980.229 51.964 572.083 904.001 284.786 790.8 345.362 585.543 301.715 65.721 105.923 652.431 228.668 572.771 89.809 624.507 54.444 605.698 79.614 148.523 676.977 558.318 848.494 896.433 555.416 816.932 449.455 282.654 358.284 303.774 579.346 26.305 731.669 709.029 536.999 688.651 730.582 439.965 912.884 262.082 58.358 208.292 402.241 611.988 375.968 377.628 434.275 713.13 590.811 221.72 490.259 304.196 952.397 893.168 805.339 207.202 421.027 134.797 258.134 944.094 833.23 636.706 817.892 283.376 878.295 430.646 757.282 145.656 99.651 886.619 992.92 292.403 330.18 362.114 455.869 714.696 950.509 424.766 663.761 342.623 42.388 275.784 110.785 486.788 594.441 116.478 867.821 890.026 588.518 29.383 998.743 960.363 177.492 822.701 942.531 74.362 541.358 650.777 471.029 230.336 723.202 185.839 185.824 393.064 829.29 743.679 976.08 719.056 736.872 859.816 704.526 665.056 297.411 51.334 170.416 169.514 336.026 741.909 978.285 460.311 353.043 852.498 69.731 346.405 807.789 326.223 549.333 419.616 648.32 341.016 102.312 524.122 892.925 512.091 602.201 999.027 941.642 916.037 901.868 53.257 318.413 882.279 164.798 631.226 433.305 378.757 81.827 995.889 652.902 863.96 742.289 672.747 769.072 584.901 90.72 385.94 156.282 129.527 287.528 606.839 266.524 380.424 320.115 749.284 496.955 394.101 526.14 500.701 485.322 365.233 716.251 773.639 152.524 12.235
862.123 285.466 798.833 591.443 709.859 874.238 760.625 168.157 560.205 912.771 636.967 255.374 672.796 1000000000.0 220.043 816.984 574.682 919.157 473.187 472.294 576.119 526.743 572.271 416.177 778.852 647.927 528.205 643.333 717.676 392.52 537.294 342.271 134.367 962.321 266.787 262.539 88.667 685.935 762.055 849.422 832.16 876.445 256.821 850.916 639.397 255.092 120.564 260.939 4.973 128.503 68.293 717.167 423.22 631.178 969.423 700.488 642.366 330.023 847.513 131.984 584.554 326.197 977.785 580.715 111.161 804.438 652.404 680.98 687.535 600.849 127.449 32.766 411.758 224.666 816.377 372.034 772.666 756.529 5.206 690.569 633.661 697.244 537.066 28.564 448.487 623.49 371.174 761.441 484.407 502.73 924.63 81.527 112.028 587.52 791.885 644.528 610.235 883.987 682.892 436.825 84.515 933.734 44.701 81.976 18.636 270.573 846.81 943.202 640.211 393.081 209.633 386.725 619.489 832.48 91.065 774.401 103.021 146.229 65.473 622.59 409.566 439.883 607.869 351.722 243.898 361.229 895.563 954.131 318.926 858.226 374.658 330.527 51.826 343.129 775.043 683.98 745.381 987.892 456.262 992.021 969.783 769.198 509.596 495.103 20.526 63.308 237.971 296.073 526.731 612.92 604.66 908.846 635.688 821.319 587.383 470.249 392.06 305.68 423.74 870.263 907.11 993.625 156.301 140.566 642.185 69.236 926.238 513.277 116.148 201.207 236.846 332.259 754.323 853.231 103.86 81.122 17.267 488.891 269.688 963.602 315.257 881.293 419.664 551.596 136.977 464.93 802.842 527.525 476.267 298.006 665.709 824.743 451.731 172.998 600.819 383.655 462.233 84.517 767.205 189.621
339.591 290.206 814.715 292.363 501.856 512.287 640.285 655.754 623.771 364.015 508.468 317.434 343.783 220.043 1000000000.0 608.218 86.409 930.773 477.062 542.662 536.041 718.318 460.485 623.941 454.819 435.493 149.646 814.769 587.334 106.064 40.481 489.865 903.661 706.319 719.173 401.592 127.315 506.301 255.896 864.605 165.77 316.926 927.201 352.072 234.459 392.126 882.056 55.441 6.089 503.675 205.655 241.387 487.229 792.811 287.319 490.857 756.718 709.803 889.767 214.36 302.754 852.803 612.638 686.65 686.052 328.428 529.944 200.454 402.341 629.033 143.572 72.954 14.766 903.539 810.233 109.619 244.771 445.706 21.267 775.389 40.182 712.799 91.97 355.625 212.506 36.48 276.88 536.922 229.879 342.361 356.985 964.095 683.969 702.803 391.014 826.555 688.529 176.939 54.173 591.719 502.374 480.415 105.922 825.804 547.336 612.962 511.811 16.283 310.51 469.509 300.204 929.145 273.748 89.919 362.92 710.693 557.032 456.161 957.878 402.35 366.667 448.341 895.719 304.52 825.616 368.713 351.358 248.66 278.576 972.741 990.745 510.427 159.129 419.502 282.633 250.418 41.693 378.053 687.729 699.589 109.874 765.256 561.035 603.802 632.289 801.405 824.13 85.501 386.674 99.018 294.211 695.349 423.646 349.614 808.565 448.152 787.765 100.075 220.737 360.074 600.449 480.796 420.128 403.836 426.213 845.465 674.17 91.227 715.31 475.665 382.541 226.345 826.169 361.339 388.153 483.616 296.576 222.269 266.369 949.02 252.408 500.295 30.274 126.077 319.781 621.878 755.883 416.545 899.63 791.198 320.138 514.23 324.642 920.292 503.71 475.977 498.28 812.724 80.147 951.186
263.258 615.572 798.204 85.835 410.434 895.149 250.779 821.888 435.165 951.287 302.398 458.88 290.96 816.984 608.218 1000000000.0 611.59 320.786 970.744 805.683 418.074 90.938 685.035 248.087 636.005 861.798 456.374 453.552 432.915 447.528 316.579 398.654 86.454 243.328 550.934 348.36 164.678 7.556 269.512 874.369 483.01 189.755 390.188 663.921 134.265 908.391 190.6 107.242 370.788 278.997 427.575 934.228 803.945 378.875 838.785 997.774 915.601 768.652 471.549 992.243 168.081 547.46 615.534 527.529 701.949 857.569 921.521 906.762 800.205 492.645 777.573 69.987 77.556 736.671 597.295 150.894 665.617 288.713 19.036 852.464 39.906 65.948 47.054 360.751 53.301 310.424 652.7 577.435 197.014 826.529 665.877 2.279 582.707 404.518 133.049 471.68 530.014 198.879 94.707 645.397 415.076 974.477 225.382 955.207 102.017 750.708 937.169 270.064 85.553 836.612 780.864 34.894 466.904 229.422 525.437 898.692 369.101 975.242 444.959 434.969 795.544 324.824 165.475 391.073 404.082 219.258 446.201 395.152 854.073 188.087 260.011 804.354 857.952 832.349 905.943 35.075 24.491 948.608 456.58 222.992 260.439 362.36 332.232 649.909 93.497 467.252 238.312 879.553 521.056 778.886 440.499 635.062 264.758 996.863 584.643 823.713 287.272 434.924 42.406 887.766 718.178 963.54 871.328 375.237 781.351 570.887 964.181 289.29 716.861 805.162 743.149 69.249 63.989 115.371 825.502 571.054 478.418 377.679 927.466 791.278 755.017 188.036 407.124 279.315 609.203 697.26 10.259 49.217 718.931 838.147 270.787 253.803 86.254 823.527 772.54 483.198 321.913 918.704 134.637 391.208
979.324 297.429 251.292 981.255 122.318 871.245 107.981 836.656 534.293 628.071 434.827 676.605 22.344 574.682 86.409 611.59 1000000000.0 983.814 837.587 831.394 852.125 395.028 925.354 35.7 363.296 482.704 757.703 58.587 242.002 294.957 754.091 713.382 783.604 836.705 725.021 897.814 114.608 139.264 482.508 286.041 919.782 799.307 299.863 878.456 773.663 641.183 928.692 684.465 970.865 588.22 949.401 863.662 425.018 703.229 700.514 728.955 242.408 585.048 445.84 205.43 914.508 513.725 292.149 916.551 298.764 521.212 193.804 184.105 748.278 606.321 153.111 721.013 79.072 898.293 95.043 115.224 455.973 73.739 644.377 749.738 561.892 979.076 67.859 699.63 530.101 1.564 53.276 398.327 825.728 652.731 629.911 38.925 890.981 825.792 997.731 88.615 572.708 250.271 750.281 596.449 74.035 786.95 89.896 597.003 185.574 573.935 147.496 371.506 150.858 972.403 500.238 841.962 708.452 749.25 219.846 572.959 288.029 867.321 328.074 54.489 263.567 109.734 621.937 427.991 891.098 505.199 577.235 442.345 187.418 327.179 177.695 939.991 469.495 314.999 309.032 724.076 561.525 127.258 691.808 458.97 763.729 156.204 354.229 888.2 408.98 693.742 22.082 117.482 476.243 852.244 195.723 348.198 415.862 299.842 673.831 987.597 256.31 838.014 593.796 117.265 71.475 552.537 231.975 756.158 259.615 333.982 1.519 157.781 225.038 742.196 331.331 301.406 694.959 10.372 832.576 614.891 956.792 870.991 798.054 212.616 443.898 643.525 715.247 150.611 198.48 47.623 49.716 536.086 911.119 594.26 442.537 918.077 560.188 537.735 884.749 996.842 17.829 34.881 159.708 520.302
392.296 804.778 825.631 976.052 389.074 951.681 62.097 719.724 209.522 288.327 454.621 383.601 882.843 919.157 930.773 320.786 983.814 1000000000.0 91.736 859.509 745.262 832.97 623.845 34.431 979.895 598.006 125.671 236.124 466.037 968.404 557.205 198.58 35.529 450.683 532.02 559.027 709.419 877.386 571.79 166.679 155.255 5.547 142.311 210.228 114.217 838.705 263.985 621.225 59.66 997.16 253.844 710.584 367.38 670.267 321.396 463.751 614.225 957.26 424.772 54.902 477.81 235.774 471.61 244.781 49.158 93.693 75.263 290.549 49.756 607.585 756.062 609.951 295.82 489.237 477.116 694.533 95.627 601.44 188.121 36.516 659.118 831.183 616.235 848.316 93.353 441.424 360.335 968.495 528.43 925.462 283.35 160.554 272.232 651.485 801.156 978.743 570.681 723.576 738.46 146.329 767.454 523.177 186.299 524.655 163.834 352.225 448.567 735.325 282.65 613.974 298.724 717.115 795.255 227.175 149.616 317.889 593.36 884.953 964.339 234.358 143.528 226.059 134.712 313.519 333.065 874.673 509.366 137.102 881.962 606.152 618.867 413.54 187.164 632.913 53.183 535.128 658.347 149.342 612.493 900.397 297.095 534.721 263.486 330.071 295.656 384.354 414.792 873.853 516.66 751.58 838.244 52.901 491.227 105.28 172.259 944.622 285.852 230.166 427.361 555.985 589.109 795.291 780.729 36.623 422.853 768.185 92.963 127.801 714.695 419.728 233.115 540.043 378.413 479.601 592.651 790.591 472.764 779.509 805.931 739.685 465.784 314.538 140.359 992.899 638.526 695.8 305.67 423.954 645.754 624.679 149.296 908.507 971.305 964.556 488.414 654.438 589.209 295.271 918.496 572.193
784.182 879.213 781.538 693.933 393.453 893.297 257.311 812.294 517.226 20.225 685.196 889.443 2.631 473.187 477.062 970.744 837.587 91.736 1000000000.0 592.834 75.426 320.014 242.96 253.232 152.258 971.713 146.649 566.412 927.368 551.309 499.236 108.622 753.83 383.366 628.864 805.754 728.363 184.958 80.28 80.228 750.176 947.603 15.43 123.567 432.666 559.046 350.728 522.827 833.797 513.795 103.853 44.567 405.031 118.08 724.601 23.091 397.706 466.582 121.236 678.236 324.689 113.029 616.975 91.258 982.961 801.725 18.218 621.875 428.796 905.595 654.051 715.78 133.975 422.674 759.845 543.241 406.436 287.176 233.961 839.933 247.337 592.476 666.742 931.792 569.005 96.456 655.126 580.613 535.074 155.343 440.981 455.736 34.17 416.693 579.472 245.764 589.813 758.29 767.291 156.359 337.711 234.518 301.629 566.767 128.213 231.78 361.81 712.934 173.195 122.282 465.162 839.644 415.92 757.844 114.932 271.834 470.491 378.173 457.704 496.222 219.959 878.088 591.193 525.787 721.286 510.407 946.253 201.635 459.08 840.379 996.272 315.128 953.106 904.712 609.574 436.469 456.907 795.543 580.213 721.989 876.969 204.066 183.497 453.847 378.81 290.951 633.488 881.048 365.866 535.851 716.002 725.032 403.961 153.389 333.963 938.695 778.39 163.346 78.387 814.754 513.077 517.948 648.323 981.19 297.609 740.296 882.678 696.743 83.938 319.83 811.111 823.499 253.082 598.313 765.32 881.175 761.407 275.888 740.734 120.245 181.57 949.938 244.214 949.217 409.195 874.294 282.955 978.761 489.049 468.501 573.2 544.5 270.805 228.547 774.072 204.631 616.302 650.142 150.774 869.782
137.337 729.115 526.35 645.035 99.153 334.003 454.314 787.573 328.854 951.584 802.341 239.52 154.21 472.294 542.662 805.683 831.394 859.509 592.834 1000000000.0 695.206 691.208 271.115 819.95 600.4 49.123 708.021 515.402 380.135 139.837 699.225 793.963 936.759 155.571 171.249 999.459 193.172 151.119 633.98 700.284 749.639 149.924 422.298 928.754 381.173 786.488 570.998 777.259 216.733 740.022 511.432 508.345 146.958 781.323 652.348 974.018 494.322 908.558 218.628 971.2 785.426 73.502 3.768 649.362 219.788 311.228 795.093 220.827 925.096 234.263 263.934 528.964 966.607 870.232 923.155 989.11 849.395 921.615 124.142 354.873 240.093 851.47 685.385 514.5 48.471 782.807 279.682 171.057 210.097 583.709 713.147 190.348 257.597 303.245 925.724 500.039 854.793 462.846 787.867 542.887 905.336 370.619 244.609 599.958 43.769 381.153 766.644 231.417 758.386 982.853 762.163 803.309 879.231 585.419 6.738 580.717 582.651 737.562 909.969 721.209 431.034 660.621 590.383 207.815 137.312 610.75 697.167 526.853 996.36 766.542 241.428 658.046 134.516 364.228 986.091 579.512 304.618 621.106 194.165 102.78 744.272 955.041 747.23 56.285 938.173 781.63 681.187 755.96 176.644 853.814 341.113 117.965 744.141 883.208 862.158 40.188 473.415 739.676 847.053 167.528 758.355 160.667 382.151 621.23 809.161 713.776 57.744 300.715 277.224 493.957 69.947 261.61 656.558 512.175 76.378 488.114 795.259 411.999 557.151 160.239 364.048 730.205 556.362 225.561 639.338 102.262 391.47 33.408 88.605 327.984 974.295 925.94 15.214 933.464 639.018 404.924 334.111 853.858 196.428 999.286
612.383 143.687 145.021 135.792 733.327 532.359 925.213 255.6 202.305 788.29 630.697 644.888 264.754 576.119 536.041 418.074 852.125 745.262 75.426 695.206 1000000000.0 774.368 993.682 982.429 678.496 218.435 85.307 341.499 476.001 853.964 88.055 202.082 128.351 823.179 726.631 432.68 527.253 47.409 898.313 203.294 435.571 746.61 529.501 772.855 182.26 936.437 159.041 571.17 20.293 534.374 346.839 307.264 535.462 817.799 101.106 473.129 233.195 899.1 282.781 139.348 486.27 485.462 416.663 943.759 924.92 579.799 180.888 181.613 779.294 923.337 56.953 851.714 267.373 610.412 213.867 410.88 141.972 537.565 511.777 244.314 248.615 398.722 517.752 232.352 457.173 791.552 190.08 587.579 946.053 964.293 82.167 291.434 635.964 67.825 729.888 668.435 574.536 155.009 817.72 923.149 880.649 982.119 528.381 675.156 451.104 520.62 474.897 208.123 879.907 761.228 776.341 68.205 741.016 672.172 440.315 113.477 303.904 316.398 287.128 810.799 882.507 617.826 997.548 822.787 559.566 494.557 493.479 700.366 527.121 819.532 44.61 322.239 419.428 690.887 763.34 963.025 454.66 347.042 432.496 115.031 863.464 226.554 764.976 274.891 437.971 983.263 222.902 754.65 304.097 920.954 658.284 366.647 135.149 58.88 501.936 907.422 885.512 653.631 414.748 840.221 999.0 194.589 424.153 679.521 177.092 193.897 733.777 602.478 488.539 690.664 437.762 313.651 173.371 455.118 793.739 701.17 448.594 975.53 352.289 339.583 312.056 562.562 944.513 302.121 492.261 551.152 97.195 508.64 706.941 518.699 351.348 478.772 989.114 142.809 253.335 237.155 461.988 924.787 340.115 470.108
985.772 408.051 103.732 807.572 362.579 969.47 731.749 711.379 584.365 231.141 668.549 575.733 102.473 526.743 718.318 90.938 395.028 832.97 320.014 691.208 774.368 1000000000.0 167.132 655.158 572.3 136.345 256.354 715.289 366.104 962.408 489.286 163.52 530.544 231.33 725.247 464.495 562.235 640.723 562.07 699.729 297.829 279.853 284.188 353.319 987.259 194.867 346.536 256.312 154.414 286.095 98.538 24.386 358.437 459.332 245.048 669.648 8.07 953.751 774.07 869.98 216.724 711.625 814.005 937.186 435.283 424.202 56.734 154.531 690.093 716.523 580.499 309.972 679.262 740.535 379.148 559.806 146.886 824.385 984.064 129.372 635.241 686.926 82.267 871.485 256.097 598.508 82.323 645.571 462.049 556.716 17.075 190.88 51.262 163.958 228.77 832.632 948.342 240.283 314.174 106.57 494.254 397.102 718.599 788.065 680.446 110.895 213.87 665.634 247.137 623.884 976.49 684.243 523.017 215.053 112.978 673.63 3.543 525.234 679.518 997.63 538.868 834.205 591.925 835.585 758.978 313.847 431.412 36.351 322.115 258.285 754.939 715.859 666.487 714.811 27.374 913.815 181.196 125.952 478.342 762.584 924.202 543.458 535.401 67.429 472.849 222.735 440.392 686.305 418.642 502.577 644.481 387.493 721.487 981.699 7.777 55.717 933.956 576.17 584.414 848.849 331.09 836.525 803.514 294.281 215.564 349.229 875.726 877.761 23.668 823.695 506.93 818.221 978.453 271.616 803.851 952.457 991.076 237.029 291.539 21.489 524.704 807.952 164.226 96.726 706.373 778.044 267.237 669.901 917.437 954.56 527.897 329.199 399.551 907.015 825.165 557.826 727.412 692.093 854.739 509.154
282.289 636.966 868.554 132.01 715.052 505.528 249.805 708.356 993.496 500.002 361.894 465.07 444.956 572.271 460.485 685.035 925.354 623.845 242.96 271.115 993.682 167.132 1000000000.0 128.822 116.874 320.399 359.369 861.78 7.707 651.75 93.358 476.105 132.745 429.74 777.43 683.32 495.356 43.521 979.637 852.997 535.808 619.314 922.858 296.224 995.571 444.57 428.051 937.031 918.524 561.164 249.241 942.397 282.983 199.682 150.456 439.195 288.554 745.657 581.845 844.788 761.337 176.687 948.8 284.599 967.7 9.273 323.429 13.63 642.183 870.162 625.557 272.517 482.979 306.195 976.622 133.071 169.388 864.786 335.444 692.974 686.452 925.102 356.211 411.892 473.184 658.478 983.784 277.374 607.879 52.382 291.939 520.168 234.381 414.439 230.21 333.764 759.143 602.116 54.963 670.833 907.59 154.945 602.942 490.435 354.63 498.821 671.454 559.74 623.474 223.26 610.826 863.083 342.806 531.028 613.401 826.658 200.855 145.433 161.296 736.897 653.678 838.268 951.253 952.285 50.483 605.424 34.326 712.734 787.311 57.81 846.038 657.996 466.889 367.892 258.551 857.054 978.613 590.012 473.763 753.451 960.947 703.384 928.891 568.447 531.533 395.317 653.057 564.287 167.876 700.442 860.51 165.745 734.39 348.021 442.618 663.514 568.225 507.666 928.326 780.676 774.231 602.141 158.546 269.855 982.168 76.245 839.015 484.643 301.858 552.974 338.071 61.641 666.257 878.474 217.063 195.342 386.927 872.182 384.581 206.333 171.043 281.113 414.2 807.999 721.153 944.305 633.236 216.162 332.75 859.239 196.306 333.187 245.233 55.879 978.941 841.53 393.322 728.717 446.496 719.882
524.868 286.9 929.372 698.502 611.417 874.563 528.421 645.852 241.484 424.58 138.748 321.055 932.557 416.177 623.941 248.087 35.7 34.431 253.232 819.95 982.429 655.158 128.822 1000000000.0 352.573 660.209 352.425 827.663 640.922 229.487 19.014 236.821 504.197 666.269 497.869 494.73 354.033 741.352 631.995 43.965 801.805 346.849 101.812 89.445 715.602 590.174 696.126 794.092 661.281 510.14 989.694 281.788 664.72 932.28 536.863 564.621 775.247 683.834 434.153 891.409 679.143 606.63 458.594 69.722 255.224 342.487 784.632 995.313 261.425 238.579 469.635 338.484 160.273 219.636 777.989 306.97 864.087 711.921 364.141 684.985 160.003 777.589 556.669 739.512 362.33 639.744 822.046 112.345 30.978 897.893 215.474 985.012 215.119 7.453 791.992 826.358 97.819 400.572 53.118 283.116 34.866 718.108 577.42 657.055 914.275 838.246 506.699 254.418 181.065 581.92 387.538 495.472 142.121 63.259 551.51 769.469 757.772 153.859 70.692 924.693 424.93 198.594 626.319 437.862 836.047 13.667 586.105 524.518 34.516 912.808 556.429 734.032 898.653 524.429 628.573 971.759 119.659 524.282 723.738 300.204 900.886 764.879 898.747 60.559 168.687 995.928 168.772 816.436 470.596 559.737 890.132 237.767 563.0 164.778 576.764 740.127 721.664 800.032 355.548 247.257 120.914 844.169 877.442 589.152 925.419 286.592 417.347 407.593 348.339 963.503 53.45 515.405 73.139 767.102 852.445 607.317 66.927 959.318 618.626 679.428 318.704 995.368 160.889 519.098 393.834 305.579 60.053 837.718 446.178 286.729 424.079 469.654 659.404 658.413 937.463 512.251 698.438 304.04 84.11 810.647
627.859 303.498 793.671 121.53 496.868 696.117 107.782 483.7 347.686 666.244 366.059 623.973 291.676 778.852 454.819 636.005 363.296 979.895 152.258 600.4 678.496 572.3 116.874 352.573 1000000000.0 26.393 437.149 789.129 922.684 978.016 205.839 476.47 580.85 636.429 199.896 141.22 576.77 890.454 818.769 742.566 115.149 826.436 729.234 104.769 916.746 508.544 363.247 899.816 675.509 206.528 195.243 551.191 927.042 813.47 897.248 288.666 825.048 851.108 145.393 662.013 905.827 812.683 853.802 7.71 218.167 472.393 936.762 324.771 768.965 278.013 812.735 30.468 924.429 425.923 987.873 648.071 125.855 670.117 51.017 681.894 337.804 985.122 340.035 550.102 506.81 7.8 692.999 905.915 491.674 710.186 940.089 197.451 469.383 844.723 514.473 99.51 302.113 473.294 412.028 411.448 874.967 49.758 186.155 939.398 582.988 980.89 521.663 687.918 248.857 424.079 485.489 659.512 899.115 981.044 150.079 980.174 199.356 665.056 692.391 372.446 4.096 540.089 373.383 58.567 84.877 662.929 58.464 721.7 803.399 947.193 257.596 781.486 135.961 444.977 849.226 922.221 73.9 750.113 382.544 86.511 704.832 483.66 825.813 895.306 529.186 55.404 427.795 612.972 239.499 908.509 124.424 412.823 449.771 317.1 991.397 222.086 613.071 4.111 283.891 897.2 584.136 874.657 406.878 841.79 483.154 838.554 794.976 897.969 884.235 892.685 671.73 64.762 825.626 361.038 383.968 833.562 837.639 997.604 789.171 604.181 611.543 110.426 781.617 957.448 966.008 824.504 793.538 244.015 54.615 309.53 249.214 997.965 480.478 18.99 787.255 901.642 396.477 175.362 907.702 9.83
