200
1000000000.0 453.093 479.622 270.453 723.65 368.566 656.084 368.72 262.066 193.168 29.472 164.04 657.147 273.526 805.416 318.023 602.256 448.73 378.241 266.549 923.831 108.3 927.185 262.559 370.882 263.456 235.027 134.456 854.565 111.187 542.218 545.251 283.338 716.854 378.305 369.311 272.86 643.186 135.187 145.278 854.663 413.434 697.556 63.254 121.404 847.908 432.505 730.024 215.826 983.661 525.57 256.294 980.799 911.442 487.084 361.622 100.671 386.82 390.945 530.335 346.291 919.993 214.471 135.346 298.287 540.254 962.516 353.395 266.626 869.89 649.831 371.353 875.126 770.822 970.319 378.19 468.66 659.503 395.698 858.51 868.653 245.406 174.934 264.097 915.373 900.993 490.861 544.327 740.346 991.141 525.301 808.25 302.057 130.552 860.85 60.317 263.048 8.279 436.506 43.143 505.312 672.707 670.784 593.123 945.637 224.306 484.977 658.267 364.93 464.707 572.881 772.788 894.806 906.462 665.688 348.236 793.712 977.815 905.23 645.791 568.93 245.562 985.641 985.442 400.748 796.34 749.33 622.688 912.57 868.777 360.302 599.339 920.817 658.755 282.017 487.484 641.532 605.836 283.032 371.777 686.842 122.346 253.398 481.059 23.146 137.655 711.364 506.385 868.744 627.411 477.976 810.332 222.441 19.135 772.262 8.203 156.875 968.976 764.968 146.645 325.017 992.445 486.282 680.848 132.305 10.061 192.969 516.401 165.316 124.33 962.469 107.983 375.242 522.677 667.671 462.046 66.378 675.422 24.338 72.604 23.754 880.565 58.326 939.788 974.643 680.937 942.606 746.07 672.129 552.047 78.637 428.361 480.61 393.154 229.774 435.466 70.177 215.177 549.208 312.162
453.093 1000000000.0 530.441 559.537 757.092 520.135 227.33 181.755 380.374 720.955 374.399 905.205 233.184 390.049 671.188 320.637 724.818 377.847 572.652 588.053 541.306 50.812 34.867 533.176 744.093 260.049 669.908 453.93 466.967 456.471 181.857 144.173 602.069 165.151 862.08 532.407 818.649 721.355 225.764 61.86 1.085 940.827 970.758 476.78 663.673 41.237 566.963 794.94 365.473 357.121 555.188 356.081 664.122 350.351 315.552 931.108 136.786 870.476 895.274 108.629 522.104 532.847 18.565 914.827 117.064 634.195 327.419 363.058 310.57 229.295 106.766 39.857 86.924 870.345 368.013 137.527 972.736 653.84 927.968 872.58 428.242 893.506 996.438 105.05 186.438 373.098 443.315 695.07 586.431 492.724 860.904 393.578 869.493 453.038 95.857 238.779 153.218 845.518 64.091 157.128 244.39 558.182 860.852 919.713 791.578 282.685 107.982 549.197 135.618 791.502 495.598 175.944 620.304 542.359 851.349 58.089 621.111 312.81 93.08 180.099 57.491 488.634 626.541 170.303 927.198 318.352 942.243 823.053 621.227 313.76 685.728 661.031 650.411 439.515 645.116 652.516 860.461 533.43 998.779 551.39 75.271 562.706 43.628 810.236 460.313 896.618 965.384 469.553 760.918 778.862 397.367 923.601 211.955 437.073 517.907 135.55 506.966 615.029 74.439 983.201 363.054 26.793 935.437 206.631 71.553 802.728 778.407 553.927 951.463 156.913 64.357 598.324 938.912 956.212 98.335 924.135 661.627 287.174 270.533 601.208 255.117 404.686 432.922 905.062 695.394 234.361 930.419 285.364 109.218 696.896 488.889 828.125 247.499 832.051 486.903 819.261 260.266 288.97 990.292 271.265
479.622 530.441 1000000000.0 163.272 327.186 412.019 532.02 573.76 845.169 44.846 32.182 890.541 331.005 723.706 777.358 384.209 161.86 411.299 111.917 681.115 986.792 961.988 227.928 446.742 481.397 75.944 333.272 886.83 722.076 271.918 679.211 297.497 920.235 724.348 3.755 52.64 571.674 581.249 947.244 498.99 49.361 380.996 10.495 118.709 947.635 447.65 862.473 879.142 220.403 159.509 154.911 617.906 493.428 761.352 158.822 564.796 574.911 57.383 999.743 668.447 732.107 82.464 980.155 736.37 322.211 970.171 233.226 612.814 404.825 823.204 90.163 428.159 254.832 719.648 296.575 777.639 61.335 104.441 498.337 250.946 31.318 880.25 419.575 811.189 202.708 815.958 157.746 193.82 709.984 728.182 354.218 131.308 754.412 203.243 647.409 296.978 44.033 577.157 12.735 588.641 675.72 652.794 670.897 158.555 661.228 101.285 928.955 440.306 817.569 873.015 797.031 886.703 830.404 439.936 182.226 494.26 716.005 731.776 390.056 723.41 513.758 130.105 195.426 610.997 543.24 688.016 631.88 832.537 729.199 734.569 773.744 455.255 315.567 161.716 333.407 275.328 331.382 979.274 741.956 563.263 432.094 876.828 205.262 258.802 701.331 30.652 936.617 554.374 707.959 659.532 566.65 691.301 612.034 571.3 568.859 488.751 680.536 610.707 909.517 259.338 234.367 704.319 200.15 823.329 77.981 126.153 224.017 377.855 117.018 173.427 330.128 121.245 841.76 789.625 877.658 911.0 67.72 695.492 738.786 557.426 255.151 132.874 565.114 916.356 774.237 519.921 988.533 447.028 737.068 321.034 989.719 915.992 708.384 993.532 818.798 685.356 238.437 13.816 584.363 161.493
270.453 559.537 163.272 1000000000.0 328.253 683.039 689.416 341.969 93.833 259.636 199.408 668.843 208.872 501.836 683.458 297.682 381.293 97.332 694.014 255.538 673.596 926.48 652.381 606.059 47.019 764.4 297.248 107.553 57.397 610.89 199.96 538.665 397.598 477.156 105.975 117.139 602.458 504.623 823.267 128.892 135.631 496.874 784.102 953.686 852.301 958.488 839.502 414.959 390.197 45.213 412.059 756.721 275.588 144.766 293.558 612.015 192.132 752.342 679.473 692.427 952.883 126.825 453.73 841.714 81.518 631.36 676.151 671.304 336.423 113.544 8.755 811.195 906.589 137.849 574.801 995.772 681.116 835.859 743.61 530.538 166.402 750.333 295.084 971.991 450.004 656.498 425.829 436.821 94.941 863.672 824.886 255.776 845.677 398.616 487.978 485.392 461.639 401.472 617.974 559.15 601.964 493.337 614.844 65.395 870.494 548.067 847.42 387.181 712.858 244.505 893.162 460.622 502.366 3.632 949.058 254.934 356.367 257.644 482.63 354.62 749.943 627.915 674.118 193.554 967.209 320.946 697.804 787.843 690.461 654.732 15.355 408.958 727.24 449.859 697.881 669.04 334.112 953.706 429.607 643.684 751.87 481.971 347.492 527.078 758.59 597.124 221.903 452.107 259.853 996.372 344.529 71.079 735.339 423.844 761.779 613.256 106.889 790.614 838.733 5.475 185.976 692.231 424.777 878.435 127.341 872.258 796.848 156.054 923.557 273.337 555.242 549.621 266.684 691.598 15.42 514.801 146.768 163.682 159.316 547.152 100.713 101.368 518.008 46.691 978.269 997.409 234.644 580.297 364.955 38.257 535.147 708.374 158.782 952.069 303.686 970.99 960.11 182.464 436.867 912.61
723.65 757.092 327.186 328.253 1000000000.0 447.384 868.02 477.723 371.811 432.019 327.565 659.604 340.195 257.339 850.029 489.735 80.673 756.235 490.82 352.102 651.051 864.701 499.419 323.846 459.011 471.853 985.811 552.663 6.21 930.751 825.879 845.113 64.399 870.083 886.966 298.711 973.767 367.342 523.019 680.455 167.332 523.742 771.231 816.718 887.683 234.66 679.791 864.878 68.861 140.681 561.138 642.195 360.048 777.885 228.6 478.062 344.64 952.401 615.634 313.703 32.687 564.429 574.18 799.391 464.298 617.005 455.162 301.72 129.919 203.654 588.708 631.284 958.499 416.116 289.92 998.908 154.819 648.49 325.901 57.301 737.121 327.943 784.383 588.379 477.661 618.562 524.412 663.993 437.743 664.75 25.324 567.763 127.977 302.303 582.558 501.924 619.441 681.403 275.296 523.372 679.414 246.305 238.668 665.71 194.066 540.559 979.282 647.201 366.964 256.929 101.826 653.234 610.625 344.409 561.266 46.0 884.674 294.48 210.794 284.667 684.741 523.671 7.215 259.24 405.773 754.289 750.446 374.188 315.385 164.585 112.286 714.163 907.511 371.429 446.5 570.711 657.401 491.194 463.554 291.253 52.106 6.709 89.102 502.78 661.707 637.514 44.76 74.933 588.393 645.616 854.76 518.296 242.17 811.031 721.643 283.554 40.003 491.04 496.2 232.973 792.457 994.22 852.193 69.178 6.421 413.336 751.752 963.214 53.09 227.952 606.501 590.999 54.499 593.291 505.668 491.208 815.311 600.237 618.434 125.95 19.137 70.031 368.185 455.9 845.54 808.943 76.302 103.253 978.912 755.364 667.477 173.04 534.764 788.707 659.119 807.969 841.67 885.61 242.03 473.268
368.566 520.135 412.019 683.039 447.384 1000000000.0 341.757 911.21 569.665 398.478 439.566 432.223 90.576 200.292 752.844 52.145 714.603 622.953 831.146 224.683 133.185 234.539 738.356 758.469 799.146 510.386 253.428 280.237 289.464 325.91 807.706 197.643 57.363 962.83 237.432 328.463 801.864 395.36 513.314 93.822 897.454 673.072 929.699 778.415 916.328 637.272 615.833 165.719 310.519 106.968 585.041 842.569 235.53 255.202 879.412 260.469 623.06 644.892 479.845 807.867 20.77 417.5 612.015 862.711 500.883 217.617 499.249 516.333 714.38 835.037 786.259 647.603 146.538 646.097 281.34 71.938 550.459 614.955 512.05 939.877 325.483 896.226 136.895 813.382 362.779 916.929 729.058 29.595 689.41 285.408 210.173 554.219 557.726 442.561 588.8 251.25 714.93 540.337 839.772 70.778 430.025 327.651 5.933 59.299 310.945 694.007 623.904 207.583 359.44 262.911 762.167 361.678 359.599 651.545 74.847 553.617 415.719 255.553 191.217 893.028 105.792 463.862 126.175 197.559 729.122 668.801 44.423 206.638 767.269 740.035 212.866 552.887 661.863 608.617 267.578 769.726 190.443 633.451 743.399 269.127 30.367 490.053 722.757 281.073 87.598 549.293 676.617 698.07 327.664 225.178 699.762 308.321 515.02 672.416 234.107 468.545 289.8 151.426 731.65 893.937 68.544 455.559 963.879 835.22 712.481 586.121 661.885 765.645 527.168 535.139 54.119 739.646 728.024 433.471 180.229 787.799 934.528 67.169 835.766 351.746 526.375 989.188 772.185 328.697 248.482 295.74 864.138 811.551 621.088 285.902 5.075 830.118 806.151 895.073 304.4 557.508 526.562 465.993 342.146 305.872
656.084 227.33 532.02 689.416 868.02 341.757 1000000000.0 890.745 991.179 532.338 461.193 66.573 496.219 174.912 907.158 708.05 856.434 462.254 140.182 219.424 31.488 570.213 504.229 801.78 853.261 755.521 58.311 405.103 267.095 609.087 832.994 102.593 179.837 506.781 648.671 321.983 951.612 538.135 363.382 258.516 348.683 831.509 394.986 858.779 632.974 700.447 797.33 578.125 235.397 604.284 588.57 21.177 233.516 922.134 471.807 202.73 156.617 463.447 821.45 806.566 758.761 740.659 105.652 677.755 557.923 546.705 408.56 797.666 605.641 691.27 666.621 338.011 183.845 664.445 827.032 248.696 22.009 13.075 98.276 563.519 350.166 441.947 5.698 543.504 31.595 986.245 102.57 920.801 994.445 957.68 86.295 43.193 976.839 399.795 429.704 919.438 76.65 765.781 999.059 55.366 297.391 215.023 942.895 436.058 979.462 26.294 163.567 471.414 678.921 763.497 999.736 116.923 52.34 266.478 700.385 293.668 150.343 271.691 151.939 947.172 32.987 125.652 870.721 652.654 423.854 671.583 381.162 18.42 835.052 335.832 817.954 55.951 358.072 484.85 610.944 718.734 91.58 955.537 357.086 596.22 785.815 212.594 208.109 835.536 323.614 363.945 1.284 586.173 989.926 334.501 16.853 202.007 833.218 159.697 727.222 760.658 865.61 552.855 661.303 800.293 774.949 213.419 904.14 332.222 744.057 244.198 489.07 467.088 982.413 482.867 102.685 838.468 218.98 57.508 598.553 93.503 275.462 322.048 387.388 161.93 952.852 882.974 738.034 628.54 365.259 899.985 429.501 545.729 562.55 447.394 475.469 450.782 963.592 352.951 820.821 719.255 4.764 339.227 775.949 594.224
368.72 181.755 573.76 341.969 477.723 911.21 890.745 1000000000.0 103.373 248.596 65.891 255.86 549.31 3.978 742.522 499.52 555.889 682.144 110.111 701.288 349.112 890.075 315.983 694.706 227.012 909.17 959.537 78.115 227.006 63.511 726.969 298.095 465.518 417.992 941.33 779.122 422.822 221.435 515.721 553.057 205.702 933.051 666.518 276.269 68.335 114.739 881.231 633.243 253.515 370.334 415.545 194.453 134.128 628.214 58.177 885.552 8.15 765.286 840.604 15.157 122.965 792.227 209.052 711.014 135.551 888.691 644.522 224.317 796.865 89.778 58.15 928.013 806.095 526.254 861.502 840.628 913.176 121.192 12.798 960.794 750.438 300.438 711.749 825.797 954.393 32.269 704.064 441.552 73.287 948.425 952.726 974.93 268.971 49.663 456.011 940.258 415.749 613.097 268.946 688.64 656.983 220.149 950.128 477.067 663.349 213.252 150.136 139.642 573.807 311.144 631.181 240.359 726.711 618.837 54.984 886.231 990.521 467.395 770.712 178.901 3.845 936.927 110.662 468.519 628.559 201.945 59.66 766.89 782.781 252.838 362.708 973.89 842.97 982.211 664.052 795.451 135.379 825.64 901.12 262.995 384.187 238.02 617.743 258.3 278.832 184.883 885.717 827.359 866.395 461.924 970.412 385.265 99.624 928.27 932.294 254.444 694.668 384.107 362.199 855.446 396.862 824.618 44.813 594.056 518.429 834.532 464.51 383.426 712.675 568.105 954.288 568.721 859.057 608.808 133.47 333.618 897.101 501.928 165.777 764.025 718.632 902.046 713.21 671.396 909.467 517.224 730.529 560.951 355.035 9.661 758.667 296.762 781.442 68.138 843.524 661.526 457.552 905.974 628.744 26.624
262.066 380.374 845.169 93.833 371.811 569.665 991.179 103.373 1000000000.0 665.35 300.598 118.805 724.915 898.108 723.844 530.088 294.817 177.021 482.245 945.2 440.144 198.283 201.832 405.993 488.207 981.329 190.949 576.142 466.266 875.976 636.557 630.377 306.824 250.065 170.609 321.987 527.109 586.02 753.505 703.682 186.571 517.33 422.544 336.741 13.664 543.367 378.759 890.022 151.593 348.23 573.341 538.562 81.949 827.733 7.668 360.071 879.36 143.541 113.656 107.184 585.51 547.747 314.28 529.24 934.651 502.113 920.449 649.345 697.947 381.817 378.941 651.402 850.206 135.751 407.146 111.635 469.948 334.325 507.868 880.491 640.467 741.936 693.004 172.142 671.481 206.754 896.736 487.192 254.291 404.479 899.361 968.175 789.071 358.077 759.303 297.972 683.979 137.019 923.103 943.963 175.657 444.912 372.085 789.624 749.805 826.799 972.812 445.198 841.099 373.352 566.637 470.224 411.082 358.315 751.845 778.739 617.843 647.421 156.895 294.116 912.088 226.557 918.355 391.783 840.046 132.235 963.259 398.74 606.525 663.97 642.26 307.368 231.528 879.396 811.582 226.243 795.507 416.428 710.203 46.203 572.955 242.301 710.053 375.231 257.681 9.831 976.653 820.428 387.92 707.502 555.529 483.959 640.941 486.838 805.631 111.555 590.504 93.319 911.624 95.046 719.897 501.871 920.714 897.329 466.963 441.809 254.496 77.065 210.51 960.766 314.847 834.556 241.057 552.912 630.151 984.197 56.408 813.458 430.456 433.889 318.883 685.233 457.378 800.182 336.828 648.485 441.453 803.433 909.562 685.902 821.718 380.864 810.17 960.281 997.807 43.271 824.044 133.576 808.625 632.068
193.168 720.955 44.846 259.636 432.019 398.478 532.338 248.596 665.35 1000000000.0 400.197 559.909 96.682 980.133 129.376 652.425 163.497 184.109 808.543 385.085 54.252 26.09 418.817 774.696 568.345 406.399 968.45 486.709 519.029 987.225 447.349 188.038 970.688 287.84 187.813 70.693 428.069 329.093 409.721 8.801 53.15 980.367 161.995 559.469 998.058 695.96 660.454 727.352 285.775 26.161 735.176 70.297 725.509 774.142 645.8 356.556 594.162 203.753 91.148 529.15 631.592 301.461 257.494 313.973 743.053 86.966 700.372 541.803 588.095 513.05 84.978 82.649 46.14 122.17 415.405 88.133 165.558 181.859 486.895 266.762 932.018 663.142 330.599 455.704 109.177 483.169 593.627 348.598 181.703 69.287 670.295 22.943 328.832 169.999 728.463 243.514 411.084 669.589 17.92 193.842 128.141 585.315 265.714 641.311 230.467 71.739 577.719 880.211 931.207 621.947 570.449 897.362 180.885 697.57 687.081 557.49 790.766 973.83 978.926 650.979 322.232 862.925 210.77 308.909 805.811 762.429 2.551 399.871 404.31 321.204 293.709 523.983 996.512 100.65 221.712 156.22 548.063 989.671 604.054 817.529 585.59 284.515 144.124 509.308 884.393 922.083 720.723 561.701 765.337 397.275 977.934 222.656 368.31 4.269 278.995 654.43 912.399 982.088 706.976 479.769 527.206 743.393 520.168 232.282 51.415 442.252 764.121 12.665 567.083 508.173 845.044 261.68 254.405 209.596 397.03 976.945 34.863 679.604 619.388 893.044 242.496 438.232 722.836 824.498 389.176 867.37 924.783 957.888 287.558 700.483 540.444 860.238 813.439 246.931 273.317 820.222 296.369 748.776 787.227 152.51
29.472 374.399 32.182 199.408 327.565 439.566 461.193 65.891 300.598 400.197 1000000000.0 516.52 370.949 897.931 467.381 962.071 840.44 115.849 368.079 898.136 371.42 141.412 529.96 516.499 90.891 507.001 842.084 771.783 657.515 48.338 986.806 701.288 726.763 850.799 538.673 799.708 480.829 893.55 12.666 571.266 320.32 976.429 981.199 241.535 927.349 864.019 519.467 756.821 369.153 199.743 362.771 303.431 425.056 852.91 947.754 36.146 498.614 220.989 656.487 591.766 917.839 491.613 893.43 973.56 137.246 480.75 282.578 554.671 197.959 836.852 990.477 157.285 53.436 380.798 639.97 300.633 609.477 865.271 322.769 791.247 833.927 832.08 62.123 409.228 397.324 797.015 9.654 255.373 334.459 920.993 785.193 663.513 184.923 154.616 609.539 312.166 262.755 157.086 315.424 496.206 470.229 163.115 315.501 785.544 159.962 966.335 649.419 273.598 731.267 15.646 365.278 683.049 112.518 986.985 863.434 305.551 945.969 523.571 199.467 691.46 850.994 859.862 130.914 272.488 314.308 104.883 533.697 131.548 622.627 953.228 28.46 446.629 625.465 624.592 976.855 949.667 845.547 960.382 36.764 874.611 834.377 767.104 326.995 437.63 173.211 894.823 921.256 619.551 65.35 261.085 758.582 516.124 302.151 461.821 164.699 262.55 725.535 329.738 394.673 783.444 448.64 418.743 965.555 397.289 927.354 411.198 881.922 382.174 616.925 729.881 241.543 22.458 822.52 347.211 133.528 943.088 515.304 35.474 780.467 576.023 188.253 230.178 695.251 856.654 222.939 309.474 155.349 123.667 817.694 434.561 856.797 13.353 496.215 459.073 501.157 395.889 966.06 577.72 138.741 415.783
164.04 905.205 890.541 668.843 659.604 432.223 66.573 255.86 118.805 559.909 516.52 1000000000.0 419.299 391.713 282.733 345.792 735.654 439.904 255.553 229.186 626.319 576.905 206.712 108.95 511.991 968.829 821.893 755.555 581.589 496.67 243.004 397.989 614.296 597.133 535.743 810.699 536.581 666.527 994.876 506.973 813.282 752.834 777.535 890.886 538.401 561.061 7.759 284.636 573.055 283.343 330.63 317.172 944.768 577.738 558.487 826.271 266.339 894.34 887.827 96.261 730.212 90.538 683.307 157.231 344.858 91.986 537.067 681.291 353.012 590.685 533.651 173.062 213.444 912.182 446.079 173.215 343.597 913.659 384.198 611.077 678.545 589.459 358.546 331.626 195.318 11.793 900.874 15.121 658.397 61.016 565.327 601.611 839.292 843.717 274.102 15.188 970.347 41.501 437.62 799.304 284.725 828.762 473.389 355.696 887.082 921.693 748.935 324.254 953.636 567.151 542.183 547.077 413.935 676.877 632.498 989.412 960.995 990.258 377.982 432.733 878.25 811.385 697.565 393.447 654.523 353.479 810.323 358.94 842.733 807.416 490.713 445.33 838.73 439.105 218.764 918.789 465.532 305.655 965.562 914.778 378.243 403.119 408.219 165.487 910.761 789.345 671.602 679.885 268.435 149.858 521.321 141.098 562.972 476.434 917.935 942.42 415.657 888.829 420.938 798.326 937.225 856.357 753.374 301.573 117.017 380.317 706.665 813.382 847.967 501.173 734.781 972.964 915.73 458.009 313.12 921.66 470.12 396.825 550.333 534.665 3.926 833.048 58.835 640.538 25.547 829.618 507.501 519.841 554.161 675.325 212.768 741.894 12.707 980.498 422.055 775.905 524.229 252.582 939.03 876.962
657.147 233.184 331.005 208.872 340.195 90.576 496.219 549.31 724.915 96.682 370.949 419.299 1000000000.0 745.026 215.273 329.142 113.728 926.01 505.492 91.787 94.831 878.27 32.694 952.174 143.085 210.294 61.53 576.419 615.494 460.801 747.436 548.678 314.417 546.404 364.04 289.957 714.844 643.529 939.78 851.741 103.195 685.582 681.637 294.677 890.251 402.01 801.285 228.283 745.429 980.825 745.113 417.383 719.418 579.3 778.826 311.255 970.264 210.824 351.508 838.133 507.032 136.589 110.622 884.113 16.38 906.254 737.818 903.284 154.993 630.922 962.301 512.529 188.308 265.609 754.196 49.402 396.579 723.95 465.895 140.147 139.754 663.98 223.116 49.702 566.814 323.973 774.763 111.436 308.755 351.303 649.007 758.87 913.401 109.779 947.97 92.226 225.617 949.227 445.879 850.873 659.714 134.731 605.206 394.818 485.426 519.622 354.254 423.871 498.544 394.279 188.946 375.255 929.952 787.476 375.853 946.261 824.162 104.743 656.393 347.505 32.894 99.305 891.31 644.123 482.424 342.305 777.334 646.298 468.519 351.455 101.703 110.94 7.774 384.63 990.409 345.521 990.054 728.258 656.384 195.979 636.434 723.014 59.314 836.508 120.876 555.822 752.126 843.088 887.251 972.025 960.78 975.799 603.542 288.852 333.27 777.204 409.953 419.145 702.106 590.279 982.685 531.132 124.848 476.358 70.723 161.329 23.568 725.503 30.184 677.748 839.991 961.706 947.161 882.895 263.132 39.943 752.178 708.693 302.03 11.208 185.688 973.413 445.591 521.868 928.306 856.594 587.143 361.615 918.798 520.194 493.705 190.138 566.03 831.597 681.221 21.449 564.916 70.375 272.371 382.576
273.526 390.049 723.706 501.836 257.339 200.292 174.912 3.978 898.108 980.133 897.931 391.713 745.026 1000000000.0 612.222 338.934 98.341 151.969 910.384 491.006 360.724 289.118 471.516 387.774 18.245 762.643 429.877 193.19 158.561 576.212 10.576 229.967 281.199 440.948 616.394 225.092 655.095 54.418 630.223 482.463 761.612 126.238 252.076 638.434 851.004 644.46 827.97 312.949 405.076 184.609 296.418 972.215 843.283 397.776 884.132 602.592 354.764 786.657 911.868 101.661 910.292 718.836 575.122 972.071 211.53 230.244 261.914 214.594 853.326 871.641 395.635 611.805 974.381 266.723 908.325 576.704 438.693 832.552 634.671 977.687 559.166 238.614 661.185 731.674 263.819 327.339 67.39 369.057 146.858 681.625 940.288 195.007 554.86 637.463 680.955 762.924 893.922 706.219 406.283 336.849 991.149 348.719 720.188 214.111 415.335 873.545 589.433 706.473 935.231 468.175 79.144 687.135 459.904 990.555 853.671 117.956 652.303 888.558 735.608 596.63 414.375 639.209 743.731 858.989 837.946 600.332 223.106 29.771 938.455 320.742 500.424 884.12 428.679 350.068 788.494 434.886 411.262 444.357 58.099 61.302 875.973 287.912 635.651 978.499 449.419 503.941 357.765 492.28 689.988 584.047 836.328 32.364 575.579 486.79 145.616 987.822 871.438 569.218 883.615 974.999 755.492 448.475 195.107 848.369 321.161 604.886 174.546 776.274 301.388 869.552 529.305 939.008 101.069 4.62 409.283 638.606 544.55 286.679 294.237 72.471 712.324 837.104 391.564 927.609 817.257 784.735 757.358 431.763 550.502 100.433 447.012 4.957 82.873 644.98 21.711 997.068 1.25 650.795 681.486 456.851
805.416 671.188 777.358 683.458 850.029 752.844 907.158 742.522 723.844 129.376 467.381 282.733 215.273 612.222 1000000000.0 85.454 391.729 72.175 442.567 328.89 383.655 401.242 623.476 385.109 636.909 961.755 907.987 577.651 100.722 943.256 521.472 433.426 585.169 69.506 45.083 505.029 704.144 281.227 706.261 962.589 633.331 93.774 526.08 182.308 136.064 772.731 698.616 522.029 288.117 954.628 62.164 625.888 134.163 725.669 878.066 675.606 498.205 409.584 686.541 905.803 613.36 852.441 744.623 508.176 38.847 914.169 2.304 559.378 427.43 383.102 887.055 318.773 196.723 759.528 241.443 328.318 186.079 620.843 842.157 74.307 365.965 561.453 122.157 334.091 383.126 672.635 87.027 257.375 396.738 248.295 32.24 397.354 398.582 723.539 258.275 350.762 175.321 95.367 826.795 398.629 84.258 631.592 81.565 551.129 271.601 398.746 260.857 474.924 71.957 886.793 827.11 886.541 607.227 754.136 559.6 539.138 370.298 723.07 377.663 516.553 978.953 252.197 355.398 42.875 807.84 810.396 937.987 693.548 501.736 907.187 296.925 224.04 561.341 477.724 230.856 486.563 388.086 124.284 188.851 141.064 90.927 741.151 539.043 326.314 127.322 462.954 601.585 908.107 947.929 673.767 724.467 167.123 61.968 841.338 880.859 17.218 222.144 412.626 745.172 464.248 742.283 550.117 695.385 7.316 609.095 477.02 987.937 629.617 301.067 35.953 604.726 36.138 829.472 581.471 913.536 260.157 202.867 169.203 700.637 74.271 668.262 633.089 607.219 706.514 47.557 145.707 84.459 344.505 977.539 580.049 351.681 667.096 189.31 512.004 784.908 976.282 979.201 845.543 433.533 956.136
318.023 320.637 384.209 297.682 489.735 52.145 708.05 499.52 530.088 652.425 962.071 345.792 329.142 338.934 85.454 1000000000.0 379.407 490.265 794.326 579.791 54.558 370.016 703.747 40.754 108.441 903.193 185.28 289.04 247.548 778.833 370.703 414.502 463.401 191.376 380.545 734.695 760.182 259.553 463.221 666.573 467.733 28.596 403.498 354.084 475.82 103.069 89.221 637.928 766.351 840.026 566.635 227.37 6.643 601.066 537.869 545.718 621.421 970.671 709.204 560.369 210.711 655.817 46.822 307.171 423.721 361.606 26.935 630.603 100.233 518.478 761.269 555.942 713.231 940.392 559.42 735.069 725.141 649.227 164.198 53.761 233.395 39.894 241.646 372.598 147.947 878.347 594.55 184.155 76.302 466.131 309.54 531.476 229.096 927.175 166.631 53.266 538.918 79.401 26.16 512.676 877.246 290.905 297.788 631.699 255.279 893.828 264.144 271.937 495.742 792.642 479.25 878.002 757.559 660.668 64.558 330.042 247.057 862.09 571.058 837.246 648.278 117.07 482.774 405.282 83.74 749.149 721.531 437.06 181.351 745.069 623.176 556.837 157.438 92.34 810.035 870.313 681.379 496.118 165.836 936.629 268.393 13.16 865.272 975.196 100.439 8.694 994.156 342.533 789.356 619.786 904.751 806.673 130.582 766.769 223.424 324.649 785.405 580.255 482.761 802.463 383.585 365.14 276.693 548.203 10.454 894.627 804.014 175.366 887.515 456.272 385.38 833.754 516.483 675.584 837.922 345.525 265.898 710.407 91.81 947.177 658.586 827.938 922.188 266.301 531.135 536.628 414.611 799.602 461.213 256.537 499.588 662.626 428.1 412.223 21.161 601.166 594.997 23.39 85.429 707.1
602.256 724.818 161.86 381.293 80.673 714.603 856.434 555.889 294.817 163.497 840.44 735.654 113.728 98.341 391.729 379.407 1000000000.0 705.931 389.704 164.346 286.835 392.187 444.457 403.483 677.172 515.452 911.677 261.788 523.75 521.606 863.684 251.13 859.99 473.924 233.827 603.612 826.432 544.738 783.339 305.667 561.865 144.922 593.079 801.114 279.938 491.549 151.794 399.968 799.204 682.248 214.084 927.121 698.425 883.313 424.65 955.041 569.932 750.333 53.333 700.159 227.898 467.311 561.468 220.684 992.491 973.206 499.003 845.681 749.405 781.057 946.556 91.094 978.544 753.408 124.406 784.638 418.816 522.026 777.689 366.225 535.884 414.096 995.756 151.234 307.31 547.563 417.909 341.19 503.506 828.297 115.478 3.913 310.717 131.141 62.318 967.154 64.733 901.66 285.984 170.871 367.27 513.333 437.484 141.688 613.49 332.43 563.368 716.516 408.612 758.073 953.059 497.11 634.804 112.292 237.572 762.566 620.24 541.667 784.713 311.257 858.057 613.726 442.244 513.493 662.411 761.739 782.577 771.468 948.047 95.879 246.247 323.644 444.342 8.733 391.632 342.065 43.95 969.632 573.178 367.074 117.037 142.031 274.648 810.103 421.439 625.355 120.107 813.356 313.402 548.484 428.013 607.715 270.311 79.446 788.154 803.601 972.374 63.022 194.262 679.996 20.184 480.429 920.271 262.699 646.942 727.924 105.745 596.083 514.792 501.743 804.567 271.657 985.294 958.747 662.774 880.625 197.262 182.806 389.061 808.714 31.187 413.842 668.348 7.829 370.338 911.351 88.803 864.75 512.127 944.604 869.796 394.594 814.671 528.065 620.628 378.772 986.898 818.114 843.159 405.191
448.73 377.847 411.299 97.332 756.235 622.953 462.254 682.144 177.021 184.109 115.849 439.904 926.01 151.969 72.175 490.265 705.931 1000000000.0 742.995 304.232 769.669 59.869 769.839 728.157 663.997 679.258 855.189 720.522 927.424 985.16 7.509 795.836 707.536 464.716 335.071 240.334 992.482 626.431 993.997 422.893 796.388 253.655 332.371 469.125 938.556 106.999 363.644 537.503 490.967 811.429 986.479 201.078 405.648 655.468 536.862 675.042 680.972 670.342 407.808 794.716 61.51 74.914 52.966 823.48 742.678 336.657 880.737 539.919 192.408 446.538 57.815 134.143 220.458 206.789 402.982 198.168 964.626 58.887 558.99 724.839 773.911 292.002 14.17 9.479 331.645 432.622 555.694 715.799 224.725 404.852 960.77 447.999 476.985 281.41 850.299 379.616 939.675 943.914 162.794 219.493 965.018 284.222 832.306 442.053 546.274 642.195 285.991 792.129 620.141 582.99 227.29 577.688 74.116 566.884 415.276 470.032 509.09 339.572 23.272 104.332 449.933 166.746 244.848 46.026 849.057 7.303 224.564 746.738 745.841 271.994 196.297 771.532 244.438 857.733 992.564 904.007 656.222 13.892 101.045 827.763 258.445 305.496 262.794 662.873 261.073 347.735 773.421 210.484 774.494 861.745 376.046 167.981 304.128 500.492 892.246 414.368 673.864 609.179 972.449 42.56 589.771 485.478 598.029 160.555 292.767 682.889 660.475 545.244 578.389 60.988 692.779 746.409 245.641 567.736 737.817 77.881 313.895 500.954 32.051 492.469 56.52 371.075 365.183 285.158 383.237 44.982 338.112 867.461 738.839 257.676 638.26 407.202 387.311 172.105 458.252 702.434 100.937 878.108 452.045 125.183
378.241 572.652 111.917 694.014 490.82 831.146 140.182 110.111 482.245 808.543 368.079 255.553 505.492 910.384 442.567 794.326 389.704 742.995 1000000000.0 498.985 493.043 145.863 875.954 165.75 621.152 755.344 984.628 522.876 153.569 912.951 399.653 384.754 596.131 826.67 496.895 735.825 655.294 984.551 571.071 463.175 149.712 312.853 829.935 401.444 75.776 97.792 722.007 809.341 133.487 596.572 220.142 758.915 825.435 812.286 774.61 326.082 31.937 821.865 750.741 340.989 183.806 830.957 161.906 2.228 54.352 44.774 559.067 720.695 971.698 723.955 474.514 515.786 840.458 824.955 251.303 200.251 531.217 769.521 94.106 167.968 77.026 612.251 328.371 92.948 87.338 556.193 64.139 508.775 185.96 164.272 217.159 683.704 244.818 160.261 847.205 827.218 814.108 113.051 821.311 2.639 525.592 940.053 293.909 37.905 17.146 23.016 224.982 601.018 460.894 390.185 306.732 89.555 719.402 886.921 653.227 894.033 846.653 628.503 686.656 771.721 830.312 12.028 702.562 625.54 259.331 981.803 115.716 62.443 875.114 374.149 338.043 389.783 202.873 60.281 525.731 221.914 193.979 211.175 838.905 264.761 2.356 222.116 863.785 846.344 104.531 786.885 98.008 449.421 969.229 413.872 570.673 501.178 203.568 940.82 831.91 857.163 333.719 714.438 525.251 920.989 687.022 697.565 189.437 371.092 862.784 665.358 747.03 895.616 502.572 738.37 699.78 676.95 337.86 253.2 791.164 35.345 698.561 951.776 498.109 114.184 646.61 274.893 405.63 754.702 565.71 482.729 415.377 258.228 653.386 907.196 230.872 490.735 576.034 338.988 123.458 780.7 777.059 283.37 531.583 537.691
266.549 588.053 681.115 255.538 352.102 224.683 219.424 701.288 945.2 385.085 898.136 229.186 91.787 491.006 328.89 579.791 164.346 304.232 498.985 1000000000.0 591.531 354.279 233.006 410.779 356.666 429.203 55.269 971.774 223.77 827.051 998.267 182.717 66.96 433.343 11.453 386.836 457.511 395.924 887.454 669.477 775.505 718.976 807.744 790.122 434.404 413.477 674.986 35.639 415.106 440.281 565.697 645.907 610.121 724.43 509.794 34.675 520.576 998.195 201.941 293.107 642.46 268.281 371.921 210.916 476.395 364.135 50.272 160.144 801.02 439.879 534.704 181.02 189.925 646.288 141.562 413.27 474.864 747.904 458.384 757.804 791.347 231.038 294.851 490.889 303.002 204.147 125.833 482.855 799.93 513.642 870.016 736.854 482.168 128.672 282.513 648.618 979.573 437.47 107.116 719.042 168.059 139.28 500.171 303.178 442.641 751.447 510.475 527.401 505.05 383.149 249.458 290.901 429.042 488.238 667.704 381.675 30.641 456.158 180.951 995.72 600.295 156.041 846.144 51.964 788.528 300.322 324.918 397.599 287.832 270.539 308.395 839.087 267.899 814.459 368.563 226.148 211.865 836.142 261.516 821.819 651.416 196.547 779.02 391.85 366.097 507.027 407.373 385.88 86.648 458.39 111.827 777.293 884.667 971.222 483.0 781.358 342.183 972.632 279.945 980.408 791.024 447.255 466.908 666.042 921.25 630.938 914.856 948.838 83.241 837.3 875.311 176.665 816.117 907.741 1.087 254.453 233.61 841.201 711.958 173.492 636.151 956.542 530.628 473.922 405.789 8.132 807.071 485.809 315.778 681.826 27.751 3.442 417.028 296.106 469.439 263.597 351.883 20.344 770.948 794.032
923.831 541.306 986.792 673.596 651.051 133.185 31.488 349.112 440.144 54.252 371.42 626.319 94.831 360.724 383.655 54.558 286.835 769.669 493.043 591.531 1000000000.0 143.837 503.103 769.775 598.053 379.066 50.888 271.181 127.632 929.044 447.847 309.957 52.659 452.574 965.287 678.247 22.556 231.18 471.009 204.119 487.985 69.492 3.353 357.167 39.028 277.533 738.768 884.665 347.916 349.042 312.311 824.698 808.809 29.025 217.951 942.628 209.326 123.107 259.033 319.947 242.793 192.208 458.641 138.413 147.71 864.057 711.308 811.301 4.738 922.982 974.538 427.403 772.654 948.568 688.318 231.169 80.899 202.811 287.274 968.725 443.005 84.772 467.246 421.927 192.498 625.761 939.009 430.911 873.837 909.948 7.219 20.167 123.238 724.272 323.48 284.062 642.283 924.684 188.641 930.601 170.933 844.748 250.918 994.239 978.997 125.459 887.873 729.957 150.692 705.247 952.308 467.184 958.961 146.225 36.339 718.196 282.842 49.476 615.564 120.279 151.078 12.372 979.7 676.643 439.901 920.998 419.96 676.293 766.239 904.936 241.509 367.595 180.063 109.81 570.151 52.402 615.833 836.364 449.578 885.791 145.45 876.716 623.565 733.896 468.602 611.002 963.101 366.113 959.865 702.413 114.721 649.856 841.334 142.079 838.492 471.777 214.47 305.463 870.11 191.355 381.984 731.211 572.086 841.026 15.57 163.366 297.358 783.117 864.083 484.613 377.912 359.48 127.497 711.21 395.506 753.633 365.883 164.573 176.07 404.723 712.163 228.231 306.05 847.445 804.217 404.489 558.103 240.613 64.843 167.941 854.659 567.94 742.087 669.502 948.125 521.207 861.644 771.443 249.248 475.511
108.3 50.812 961.988 926.48 864.701 234.539 570.213 890.075 198.283 26.09 141.412 576.905 878.27 289.118 401.242 370.016 392.187 59.869 145.863 354.279 143.837 1000000000.0 798.192 905.21 386.288 523.502 797.171 858.08 996.184 801.242 266.461 566.108 18.004 964.466 783.237 249.778 478.195 575.492 975.73 231.364 880.344 195.824 306.638 157.372 521.158 958.522 197.299 441.54 965.799 328.852 416.09 977.121 570.909 701.209 980.655 16.243 568.503 250.236 679.162 681.7 292.076 753.453 171.207 509.55 949.622 801.254 688.869 945.178 652.94 346.183 940.519 422.6 677.355 284.275 442.04 2.041 252.858 926.779 880.678 740.219 89.674 658.474 108.911 742.093 993.143 943.079 353.481 443.67 307.783 211.469 678.911 738.576 411.415 619.08 832.488 60.49 110.673 174.592 419.739 468.008 12.437 782.601 709.533 908.686 397.321 624.099 750.805 189.781 666.149 765.308 822.345 316.334 553.153 223.988 798.893 744.113 787.231 742.821 468.556 223.274 189.009 777.08 721.914 768.566 529.957 62.869 749.223 537.071 213.669 670.814 393.16 406.198 232.407 722.559 826.369 744.897 705.616 560.709 74.495 22.856 438.19 197.783 542.84 407.624 148.227 983.485 274.588 478.564 9.195 445.306 424.282 421.253 189.069 659.157 487.13 897.973 508.041 673.213 440.751 795.53 821.312 765.994 868.518 371.877 72.86 804.611 308.87 439.644 867.23 584.854 281.705 262.839 698.343 390.094 391.953 117.142 238.002 832.701 658.173 11.856 604.873 56.674 725.597 636.573 223.612 206.228 268.193 201.043 658.7 704.63 333.68 266.243 392.255 150.035 639.359 251.976 335.252 246.496 229.724 779.098
927.185 34.867 227.928 652.381 499.419 738.356 504.229 315.983 201.832 418.817 529.96 206.712 32.694 471.516 623.476 703.747 444.457 769.839 875.954 233.006 503.103 798.192 1000000000.0 32.732 830.47 457.68 322.063 747.736 199.387 804.488 279.109 227.568 558.767 462.635 692.876 636.158 582.766 37.346 28.984 138.818 134.768 846.207 954.579 733.082 476.601 652.761 194.185 277.925 128.202 774.093 564.803 677.705 948.668 693.276 794.352 787.381 583.326 64.753 596.036 242.139 190.058 180.98 570.459 826.567 751.693 770.19 230.128 460.02 631.74 746.866 750.713 408.322 30.577 566.762 445.892 129.223 929.072 841.917 98.376 308.33 241.198 764.943 381.826 508.463 453.706 169.729 584.09 914.419 739.696 579.603 23.79 193.099 319.583 454.387 456.957 539.311 360.374 869.358 53.592 977.642 450.616 662.131 126.919 266.556 175.245 691.287 697.788 252.256 413.712 286.374 674.52 473.647 145.382 658.723 811.068 487.769 120.245 420.363 92.616 396.868 597.793 557.577 573.111 350.118 362.625 512.474 583.334 761.857 997.163 897.919 583.524 571.945 970.276 669.209 179.576 302.954 659.797 192.692 870.373 63.531 221.567 751.156 804.781 741.511 104.486 367.151 699.781 441.472 835.937 321.79 117.076 137.864 247.697 84.774 598.058 900.476 933.713 21.135 978.561 365.547 303.879 877.455 516.942 115.629 32.154 513.767 960.78 258.974 363.587 382.989 376.579 177.943 606.441 568.219 681.103 152.893 965.144 738.397 813.424 602.142 885.929 682.739 396.277 915.629 872.78 471.02 20.868 140.909 818.282 50.588 220.649 399.311 104.831 868.868 840.47 160.134 517.978 240.576 50.632 55.075
262.559 533.176 446.742 606.059 323.846 758.469 801.78 694.706 405.993 774.696 516.499 108.95 952.174 387.774 385.109 40.754 403.483 728.157 165.75 410.779 769.775 905.21 32.732 1000000000.0 501.541 561.151 335.646 380.033 823.85 98.715 633.499 192.438 487.675 658.431 971.04 880.055 60.571 102.969 162.428 271.495 328.876 811.538 573.86 787.965 860.756 40.715 371.322 620.118 316.923 752.764 370.675 876.717 918.539 942.692 998.289 447.808 954.181 368.542 868.391 613.658 828.507 420.338 980.744 174.119 484.247 381.071 258.317 289.218 394.084 903.83 633.115 316.88 696.409 56.968 197.756 302.111 779.322 131.181 122.008 916.953 105.236 28.061 385.297 386.89 469.229 599.342 645.147 823.811 377.28 517.062 542.009 238.656 923.417 143.601 250.002 114.884 596.349 837.337 121.208 442.91 333.395 518.924 492.158 282.076 456.246 339.141 114.754 868.096 130.119 563.93 107.925 232.276 73.836 37.155 643.478 76.375 717.021 696.881 837.316 43.418 158.434 36.542 621.901 107.036 79.363 374.338 258.08 476.663 289.424 109.403 694.264 304.888 937.258 976.139 308.201 407.154 228.206 527.553 939.901 995.559 85.07 176.125 505.309 532.955 360.424 72.58 703.843 218.467 236.592 846.238 240.207 867.96 444.605 494.796 148.299 208.865 524.735 238.313 584.395 913.839 470.963 237.595 370.882 20.184 433.915 929.502 861.179 168.209 355.873 208.422 443.398 895.144 578.124 297.197 703.837 714.314 482.228 765.091 220.017 76.339 951.034 498.683 667.775 505.284 835.804 547.097 271.721 48.093 663.224 81.136 982.668 317.113 692.207 983.869 246.501 376.651 305.982 358.158 148.515 283.321
370.882 744.093 481.397 47.019 459.011 799.146 853.261 227.012 488.207 568.345 90.891 511.991 143.085 18.245 636.909 108.441 677.172 663.997 621.152 356.666 598.053 386.288 830.47 501.541 1000000000.0 576.327 451.576 180.883 389.23 249.741 672.345 822.369 708.405 389.853 846.079 952.168 225.677 601.365 605.588 542.046 307.673 66.193 138.645 251.369 901.526 871.631 827.459 200.992 993.231 692.413 824.223 803.664 991.897 241.465 986.579 827.545 768.635 471.432 193.671 437.139 120.369 265.202 418.624 425.776 499.295 892.963 780.158 959.835 968.21 955.909 638.624 609.784 604.85 156.754 855.375 671.031 205.648 636.191 720.599 212.727 473.303 124.593 990.651 831.936 943.447 713.782 980.988 184.091 653.514 431.623 339.808 881.62 595.01 213.904 707.644 454.334 290.805 636.706 118.945 358.307 620.236 579.057 512.102 513.748 350.625 150.675 744.178 957.405 626.959 983.278 645.075 201.792 812.78 949.834 407.767 210.171 235.676 404.467 398.72 701.822 781.461 401.923 353.223 563.455 887.144 933.612 694.354 973.196 86.088 219.513 346.329 988.851 513.771 303.15 166.721 792.204 826.846 440.53 641.505 255.389 878.442 480.829 671.157 72.295 377.429 245.468 776.325 233.755 493.93 365.314 688.713 581.877 270.51 645.613 487.353 319.397 391.804 573.445 388.248 80.902 12.659 641.879 459.531 498.02 417.458 895.141 82.26 930.199 744.111 664.715 894.151 905.426 854.382 393.918 659.555 952.043 493.098 784.925 285.536 707.531 872.135 205.807 72.118 454.252 185.373 480.463 347.464 726.011 826.062 930.648 202.43 241.783 143.418 390.372 473.435 474.064 923.397 300.767 701.161 787.258
