200
1000000000.0 638.929 550.022 101.733 906.919 982.514 171.114 208.968 816.061 976.624 964.943 704.634 55.991 646.668 729.261 830.214 482.652 431.282 585.343 733.143 637.043 751.43 913.731 941.888 458.876 828.266 743.141 183.374 558.989 238.759 165.403 974.53 422.826 58.214 603.869 48.133 272.286 637.059 357.516 354.031 978.956 330.699 348.667 825.685 853.932 381.961 511.626 756.896 126.223 803.127 71.388 890.494 703.425 917.435 802.253 824.324 848.286 689.767 186.041 442.197 102.285 628.764 446.502 966.26 382.563 830.256 646.486 327.775 342.104 222.896 732.235 696.344 143.195 428.082 158.959 240.104 573.309 131.172 231.176 837.811 228.13 855.012 908.572 498.424 835.387 183.75 176.422 622.673 926.503 966.685 564.749 534.506 333.229 710.947 691.026 834.259 686.2 305.935 603.89 204.228 988.691 740.504 954.188 489.379 299.394 350.57 657.835 975.424 127.778 741.185 31.102 346.754 6.789 492.869 927.443 540.41 829.324 689.977 758.122 451.515 461.069 661.771 318.115 272.199 302.393 876.354 46.108 979.001 90.532 821.253 185.971 924.823 456.031 225.276 934.899 295.955 224.111 15.953 648.601 718.683 291.845 348.945 795.076 608.839 743.61 647.418 633.39 626.212 636.554 879.511 956.477 992.681 461.746 635.323 948.358 568.563 341.994 932.801 5.855 652.791 980.613 199.924 682.964 899.401 912.647 924.98 287.636 532.889 43.947 54.48 267.507 405.208 763.317 633.241 445.601 296.221 463.201 541.185 779.402 682.892 183.321 539.511 848.689 975.099 653.618 498.922 295.519 778.517 189.427 737.634 914.874 138.299 597.577 92.409 60.975 174.913 804.506 537.308 400.752 603.377
638.929 1000000000.0 887.025 985.01 54.15 55.254 727.064 860.289 829.178 302.458 850.117 807.902 597.961 463.599 527.262 489.18 807.694 205.926 605.286 946.195 606.022 56.666 756.128 606.085 931.326 623.347 185.347 669.303 821.145 733.981 96.877 656.759 601.802 455.411 138.533 312.791 77.834 77.726 554.045 702.891 206.745 272.426 758.704 565.883 607.648 843.342 110.702 475.427 246.516 940.107 946.372 30.407 875.997 203.762 423.552 321.773 275.45 437.012 891.14 674.844 825.015 369.09 754.528 180.514 424.365 223.796 671.73 211.48 153.361 545.03 400.624 609.298 746.108 340.668 241.398 34.041 725.763 984.544 895.753 373.487 449.944 107.301 934.75 577.477 67.06 78.533 808.626 45.146 179.019 249.15 707.467 413.079 766.545 422.996 269.661 218.68 536.457 617.425 985.477 214.922 860.697 409.275 472.679 587.323 38.974 451.335 113.484 564.237 660.531 321.601 125.632 185.713 85.97 536.249 752.883 954.905 78.293 908.901 883.868 875.063 533.012 221.186 952.968 633.103 706.221 60.799 52.106 834.031 598.563 436.439 915.05 183.105 916.652 412.522 137.388 368.912 550.955 832.425 908.957 209.962 451.084 791.816 685.374 18.026 822.055 165.46 37.815 803.588 264.956 93.987 135.064 287.64 253.075 383.957 780.202 92.661 351.464 29.971 867.005 971.805 762.122 916.468 825.383 612.815 605.977 163.838 966.605 831.502 461.279 2.071 309.585 287.742 445.51 412.167 928.409 333.832 946.057 989.531 991.112 879.174 79.525 530.974 874.026 649.437 152.257 481.952 574.23 340.894 435.601 749.01 686.79 819.137 599.946 249.88 48.908 45.091 951.027 698.169 307.835 863.011
550.022 887.025 1000000000.0 568.551 578.422 11.596 836.311 171.157 885.314 180.878 649.75 552.055 659.942 893.082 755.482 68.474 550.614 995.067 159.865 767.685 823.468 884.465 13.762 664.498 717.74 992.418 585.287 596.101 107.851 332.445 364.963 670.009 845.727 335.292 329.411 395.079 835.938 665.087 955.202 547.418 51.737 807.903 531.178 247.555 665.911 582.519 395.501 405.24 13.964 894.781 950.115 342.006 303.743 445.176 534.031 98.908 861.453 502.662 628.442 409.065 247.868 982.625 92.658 564.594 131.826 551.535 19.31 519.369 51.366 347.335 492.939 138.269 903.914 613.585 319.219 96.581 89.597 22.648 170.891 65.637 311.51 637.002 932.016 161.866 923.955 218.337 668.06 758.913 744.968 770.211 107.524 980.643 990.055 677.706 226.018 705.504 904.71 931.405 297.211 283.456 160.276 939.44 725.657 139.291 951.479 584.917 911.451 994.706 682.479 27.716 850.388 270.511 355.446 741.969 508.157 876.429 420.45 371.754 373.456 471.839 689.814 390.571 996.939 46.058 314.998 292.804 660.265 180.75 887.752 548.201 601.953 100.348 250.395 833.123 406.115 657.711 782.063 756.563 351.277 857.747 504.847 725.728 164.063 476.814 919.831 751.745 541.127 768.439 180.917 35.176 257.294 247.953 993.358 242.556 601.343 269.042 71.226 564.188 162.731 12.698 784.462 220.824 119.992 132.711 773.913 845.228 491.645 431.488 39.812 425.503 187.557 526.519 844.375 142.019 862.331 159.547 224.084 805.894 495.903 507.601 812.095 330.381 946.926 869.459 468.151 446.322 40.802 251.285 389.19 68.98 831.845 267.185 886.32 639.728 40.42 729.332 189.756 613.63 773.745 791.56
101.733 985.01 568.551 1000000000.0 973.686 312.527 348.05 688.662 787.749 733.016 716.268 276.292 969.734 152.474 945.043 134.445 849.572 603.926 360.459 649.426 422.356 805.673 205.39 491.533 122.045 149.714 370.393 676.71 962.236 470.838 1.952 804.771 295.304 773.852 582.718 546.585 405.89 477.722 77.049 389.292 486.762 206.484 764.369 948.11 940.443 218.75 358.602 159.423 619.118 601.561 897.43 584.749 379.479 862.79 778.079 18.92 153.724 653.573 439.8 162.738 279.742 917.452 600.525 920.013 846.581 683.722 945.204 776.35 667.94 590.518 475.171 674.368 508.91 184.496 658.684 293.702 287.582 797.368 452.669 846.981 610.777 407.056 174.477 557.751 58.052 242.674 808.572 590.861 979.297 182.03 604.96 217.637 745.515 865.148 948.287 433.415 989.888 813.563 677.046 212.007 653.103 679.301 364.446 283.48 392.534 152.558 792.76 305.797 335.293 381.089 263.439 369.679 224.226 352.046 838.443 512.759 841.261 990.919 562.231 859.62 195.246 988.708 958.439 51.606 100.196 876.779 491.773 397.879 737.831 134.483 326.181 859.192 822.564 668.428 240.429 238.353 341.976 834.551 229.768 463.64 181.902 374.063 719.566 222.762 110.333 765.574 938.097 274.348 221.49 169.384 352.444 478.63 914.58 49.954 699.813 410.814 155.069 929.806 764.209 296.936 754.206 55.034 12.492 983.175 630.861 35.452 662.276 836.357 796.426 556.124 878.549 431.132 370.657 739.255 17.494 426.686 29.109 852.186 378.04 459.314 587.411 838.827 447.459 936.976 419.985 419.54 932.85 436.763 435.182 906.246 310.968 759.097 689.072 507.624 371.358 411.221 821.751 228.525 896.343 220.299
906.919 54.15 578.422 973.686 1000000000.0 29.772 698.98 882.959 827.124 422.393 437.754 116.097 532.293 987.794 19.225 248.345 442.259 499.631 737.472 254.976 360.289 610.045 712.141 59.797 939.397 95.762 58.569 481.356 558.047 628.47 399.649 32.234 712.728 213.426 255.259 231.944 613.675 721.569 318.689 590.193 12.436 459.372 902.176 727.146 457.166 719.661 620.397 242.111 33.34 860.21 463.856 569.778 563.251 438.252 298.096 895.184 301.104 579.518 218.341 825.539 75.104 803.305 903.5 951.778 823.927 293.504 362.765 108.422 601.98 165.869 141.843 104.71 430.199 510.318 932.972 400.709 896.914 826.083 187.085 85.134 707.209 225.013 375.609 636.156 756.821 185.451 18.074 166.18 655.019 96.443 766.735 566.091 259.96 223.063 667.59 306.552 88.178 272.929 361.475 730.738 851.581 851.532 367.721 131.472 795.007 334.791 118.737 912.934 434.616 791.281 323.783 339.616 677.49 889.839 879.551 683.862 204.468 506.471 405.007 749.209 986.213 22.92 754.044 871.239 180.498 589.146 707.025 317.432 374.983 546.97 606.071 199.945 827.187 606.491 879.653 504.861 644.065 75.839 640.881 940.639 461.283 231.009 346.844 578.83 295.396 998.408 75.359 978.821 560.017 291.344 421.019 768.746 708.576 530.199 983.159 649.392 813.72 668.498 29.92 862.929 38.348 891.172 648.207 617.634 122.527 600.922 211.611 31.617 275.031 65.446 939.537 712.841 70.5 213.107 215.738 736.113 11.157 650.131 527.389 823.611 449.0 769.627 373.428 474.376 143.632 497.963 892.1 166.401 87.919 925.411 379.521 395.654 616.864 722.728 638.273 306.668 120.524 811.004 791.488 880.363
982.514 55.254 11.596 312.527 29.772 1000000000.0 370.458 602.294 523.005 485.101 31.424 178.574 501.724 383.408 164.86 898.3 989.956 715.241 610.841 904.461 41.206 479.465 693.288 948.59 261.165 431.543 629.46 170.41 604.89 208.671 918.852 460.094 833.174 625.982 975.426 116.714 336.32 908.88 275.332 850.884 820.998 389.11 170.652 435.792 464.528 525.907 352.744 488.021 754.785 977.306 698.11 603.461 197.521 650.977 847.195 658.387 348.926 252.194 684.949 61.393 664.383 267.14 931.81 893.462 921.077 200.537 188.313 345.677 213.504 548.07 912.312 21.978 674.75 154.589 796.703 358.624 215.967 979.465 318.975 529.792 75.559 75.245 445.44 561.151 746.911 808.292 538.971 346.808 178.302 655.063 756.551 695.708 917.935 811.332 773.812 192.934 887.13 8.189 440.302 531.113 920.52 516.428 504.883 441.381 546.732 681.777 823.957 288.236 559.628 623.781 996.189 748.805 552.606 279.893 193.094 39.821 664.09 924.247 930.474 806.409 259.31 981.89 681.076 794.457 224.94 150.221 200.601 77.232 260.44 602.341 898.386 126.687 253.642 533.695 659.106 418.158 271.379 140.256 490.871 880.599 940.291 605.426 674.964 864.433 235.822 962.39 702.28 943.562 716.707 145.068 180.452 405.346 294.633 226.003 399.688 108.357 282.107 216.036 449.971 121.526 551.605 17.338 956.54 895.381 206.984 464.973 475.124 270.859 497.214 232.953 570.114 120.702 227.395 330.795 284.823 891.444 528.733 984.735 398.166 793.723 438.464 941.564 585.411 531.857 297.785 768.767 256.769 259.945 635.653 187.45 618.999 726.085 375.558 92.81 546.594 447.128 910.136 244.551 233.657 53.968
171.114 727.064 836.311 348.05 698.98 370.458 1000000000.0 249.485 583.578 883.551 657.462 608.373 759.421 94.093 423.504 860.36 794.739 899.854 5.859 358.436 57.737 165.667 169.404 296.917 846.112 309.708 22.722 162.266 538.516 108.677 806.767 694.253 62.725 889.068 896.306 387.926 138.317 500.874 491.774 223.471 941.188 11.629 976.39 107.834 741.745 366.831 574.404 400.267 558.6 110.877 358.852 458.867 776.007 294.753 128.316 481.14 621.19 231.732 633.91 44.243 800.573 787.628 633.437 525.038 15.95 321.677 515.774 481.26 171.395 199.208 102.983 591.621 811.085 809.96 541.936 746.068 968.386 735.611 655.515 341.035 955.239 535.968 209.625 145.871 906.405 414.503 843.644 306.277 598.578 990.122 955.005 298.528 771.512 219.015 968.446 317.925 123.155 234.042 114.107 279.814 471.412 32.511 364.327 198.15 787.227 817.184 647.5 468.926 495.305 988.762 892.984 643.856 713.884 110.593 903.657 308.933 171.191 548.93 228.939 847.007 856.924 713.71 305.333 38.945 245.979 243.291 699.48 433.682 879.111 84.805 319.739 725.472 283.231 860.843 278.425 521.998 892.813 757.685 673.92 758.839 869.369 333.629 792.611 672.029 443.281 613.129 210.648 356.75 722.04 454.204 252.894 380.547 288.815 727.164 790.888 908.62 43.07 615.002 93.776 365.89 129.783 840.422 422.245 296.206 590.552 22.921 838.285 868.166 922.226 854.944 178.13 781.204 407.966 79.593 130.773 706.844 575.554 154.106 183.598 116.031 943.133 808.881 340.746 140.41 932.247 384.8 724.205 130.309 21.541 269.791 567.074 117.662 430.893 925.17 836.704 454.461 254.745 922.434 156.981 289.736
208.968 860.289 171.157 688.662 882.959 602.294 249.485 1000000000.0 884.043 948.519 324.286 952.882 14.661 191.384 18.358 462.409 339.543 800.885 705.143 705.631 728.01 961.399 139.266 415.045 833.147 882.273 912.929 193.768 805.515 612.889 512.813 965.009 966.714 792.502 632.621 417.722 680.488 193.284 23.893 175.867 241.809 182.188 730.295 722.911 405.205 896.712 270.902 275.263 979.387 46.511 487.525 816.276 31.564 211.77 525.192 939.899 521.485 196.721 322.103 592.079 489.393 936.987 937.971 498.363 642.06 889.378 435.258 847.221 662.405 633.42 977.926 186.166 757.889 432.496 423.865 546.64 76.297 338.981 407.922 130.111 816.112 863.885 531.708 240.146 657.129 774.592 790.585 304.26 340.995 556.133 111.956 965.53 3.699 123.31 486.446 692.575 634.683 512.707 984.656 226.229 599.877 49.631 291.27 6.696 611.527 222.68 865.186 230.854 321.464 480.82 154.923 538.896 70.477 635.669 925.895 215.648 855.668 404.252 427.159 850.717 881.844 775.686 560.072 694.147 970.452 356.11 815.363 336.703 668.321 588.079 912.912 784.844 928.95 797.928 168.452 983.637 83.604 9.291 520.494 203.443 181.787 107.825 800.755 632.329 382.484 869.999 598.191 107.921 766.478 558.52 433.37 67.653 506.543 489.785 286.39 675.97 473.838 262.719 568.076 951.879 372.219 480.16 521.668 107.568 909.648 570.468 987.049 982.728 505.185 525.646 526.136 465.036 407.647 401.579 771.062 624.289 719.751 874.106 691.616 806.943 722.594 906.176 147.829 273.879 768.205 518.438 378.559 1.46 831.389 997.414 698.664 362.879 903.434 105.297 693.773 113.56 607.778 784.819 916.569 297.948
816.061 829.178 885.314 787.749 827.124 523.005 583.578 884.043 1000000000.0 242.03 914.305 53.598 374.935 558.018 876.2 636.467 18.83 99.886 138.191 76.952 791.263 445.634 770.046 600.603 197.363 167.442 379.969 511.367 334.808 64.324 94.49 594.606 453.674 555.773 978.352 600.512 256.713 696.539 154.557 277.281 847.881 323.434 91.253 148.561 117.725 390.353 721.365 15.49 759.084 969.639 933.709 861.137 376.368 721.879 733.278 97.592 205.1 61.702 611.904 366.774 5.953 305.673 885.494 461.795 752.891 598.752 791.821 847.098 670.678 888.602 662.86 428.002 237.669 156.458 610.178 503.75 256.909 625.343 966.044 909.075 363.356 496.689 366.722 586.967 891.987 709.269 228.043 189.899 501.202 281.798 618.41 511.799 784.188 943.132 574.114 675.263 997.877 277.825 82.385 370.333 135.129 73.865 638.683 902.996 400.112 352.759 136.797 926.848 570.247 437.619 384.363 627.297 837.04 307.145 710.07 416.509 567.526 110.808 983.468 442.576 40.932 489.484 920.748 317.856 455.578 671.883 116.737 758.689 12.985 47.863 110.371 621.233 70.97 948.445 645.562 773.067 632.957 634.883 195.638 812.078 211.417 417.193 632.076 358.315 84.207 430.77 807.36 332.499 704.074 854.937 729.209 635.831 521.548 767.14 687.189 758.214 497.626 119.587 563.553 707.23 858.083 968.825 436.1 474.355 663.704 898.067 314.511 648.416 21.071 492.25 301.029 922.3 196.448 841.201 326.299 785.171 203.462 326.34 493.905 699.716 426.296 86.898 450.421 13.05 77.491 397.379 607.641 966.512 285.814 297.896 501.355 275.088 175.962 200.545 262.112 3.873 614.974 777.267 824.338 723.597
976.624 302.458 180.878 733.016 422.393 485.101 883.551 948.519 242.03 1000000000.0 154.95 53.862 88.149 85.58 149.42 940.084 392.622 846.173 344.13 69.067 671.699 720.235 882.076 882.335 602.976 707.945 613.578 552.759 383.05 699.311 216.55 875.551 346.897 216.559 738.671 629.268 878.668 118.099 549.791 303.394 54.576 280.149 169.147 465.118 822.162 206.746 809.753 298.167 152.119 943.923 943.167 913.437 945.501 719.894 523.288 706.146 681.137 176.978 475.634 373.563 801.72 835.606 586.827 728.339 780.354 750.13 74.135 329.294 460.613 491.227 8.666 533.418 72.441 773.195 294.232 577.866 577.306 332.934 208.995 343.598 618.232 251.397 134.667 313.436 879.617 191.121 748.356 103.565 199.697 410.69 882.738 365.926 513.884 690.461 73.265 123.942 658.503 291.759 681.793 873.039 27.219 730.301 940.763 952.064 491.903 116.214 879.344 350.948 149.916 86.164 89.719 826.884 779.529 435.676 694.662 570.342 975.412 785.543 677.434 346.072 330.903 216.561 831.097 425.104 522.491 836.059 957.127 739.642 654.048 622.314 834.138 479.593 449.92 454.448 810.157 167.253 580.75 531.586 458.693 102.525 370.273 43.795 409.364 211.588 860.434 286.469 854.279 53.019 207.643 891.683 72.183 1.781 647.848 192.618 846.502 561.544 803.129 702.73 517.214 535.858 51.142 559.827 336.16 198.02 921.661 439.443 252.383 229.435 921.626 765.377 227.651 567.136 204.373 914.327 813.1 627.124 86.275 777.469 243.788 220.246 722.826 363.731 174.349 757.875 996.127 745.366 590.597 110.615 434.83 970.707 756.867 200.136 870.529 679.0 115.554 839.565 158.354 337.013 48.09 978.729
964.943 850.117 649.75 716.268 437.754 31.424 657.462 324.286 914.305 154.95 1000000000.0 942.2 835.973 625.428 824.47 642.009 316.396 562.58 853.288 240.484 217.537 161.704 550.467 698.026 623.673 760.758 909.789 508.024 611.13 775.461 581.16 347.684 745.875 333.788 493.062 616.646 162.597 653.771 313.099 724.371 249.063 347.56 503.037 98.568 949.572 521.384 605.268 892.904 78.143 743.959 538.557 969.214 408.773 727.404 559.0 277.304 9.231 5.681 608.318 734.051 875.809 440.538 399.102 299.927 738.217 846.873 598.649 216.892 252.842 815.595 253.978 180.482 868.098 552.107 131.666 754.701 339.707 331.733 209.61 678.627 746.462 421.319 277.168 476.758 466.763 351.588 642.417 232.9 948.687 963.192 178.259 201.726 353.608 216.609 203.673 180.055 854.4 496.289 891.135 120.031 143.795 782.813 232.367 889.165 378.344 353.126 699.993 385.542 220.876 913.719 256.472 884.523 793.788 585.012 810.349 637.82 378.909 328.196 418.91 644.818 867.66 794.485 32.934 18.761 610.188 269.556 874.161 666.888 858.214 274.466 771.933 366.853 525.806 90.061 178.986 847.835 51.374 656.744 396.934 702.41 335.982 147.321 331.227 823.239 648.845 253.645 95.133 294.14 925.831 506.112 834.77 911.688 878.491 588.021 875.124 155.005 723.282 550.378 100.134 538.775 462.547 248.434 645.261 192.773 443.538 790.358 539.017 65.242 553.074 54.846 28.66 970.654 751.772 145.178 850.486 828.695 428.366 302.29 127.609 356.976 592.568 399.725 768.05 639.164 87.131 452.143 388.761 808.236 15.67 708.158 136.715 577.353 863.196 646.41 894.63 545.085 137.069 51.618 687.102 105.787
704.634 807.902 552.055 276.292 116.097 178.574 608.373 952.882 53.598 53.862 942.2 1000000000.0 523.463 152.989 583.791 680.442 733.455 429.944 457.741 756.307 528.222 181.281 559.618 157.723 101.946 251.685 708.418 415.783 754.681 311.093 395.774 542.181 600.497 219.677 198.483 858.855 398.583 525.819 894.206 230.084 63.098 363.071 713.279 312.809 631.923 133.945 46.541 507.021 126.404 432.29 243.084 373.568 394.831 101.896 102.169 399.577 352.73 787.08 361.473 155.329 136.991 454.537 78.43 389.109 686.091 749.271 84.233 906.729 142.945 957.29 152.564 853.495 690.411 801.429 553.012 720.042 722.78 480.552 55.024 373.12 611.688 885.175 639.202 321.793 739.623 79.661 165.26 991.516 208.936 983.531 238.614 811.537 65.697 610.412 339.29 748.935 131.651 650.109 894.37 885.232 954.176 295.186 170.929 496.172 593.134 172.67 468.94 861.319 962.141 892.766 336.075 852.167 774.619 506.351 166.672 713.385 643.082 738.078 18.713 850.192 509.47 80.235 84.291 610.926 819.304 412.629 513.791 76.286 275.765 28.461 752.732 1.612 160.99 706.066 250.038 135.106 539.752 627.907 333.503 581.468 543.609 213.208 833.9 80.152 382.516 109.425 674.507 35.084 760.96 866.614 255.148 928.207 866.961 476.795 822.383 486.457 532.609 11.344 704.57 423.157 204.876 749.993 80.861 353.257 117.821 877.289 804.77 972.124 130.107 125.288 581.987 470.6 317.976 459.579 845.294 535.987 984.631 239.904 630.9 104.085 496.06 33.954 773.101 99.941 228.87 276.12 339.685 641.593 719.175 841.446 135.939 710.57 454.924 713.442 198.305 112.049 561.915 362.232 600.408 627.427
55.991 597.961 659.942 969.734 532.293 501.724 759.421 14.661 374.935 88.149 835.973 523.463 1000000000.0 525.291 999.337 828.969 814.181 77.733 827.968 934.562 871.464 49.534 876.901 959.936 796.499 561.248 488.359 240.562 163.393 988.706 958.585 198.312 781.033 989.85 165.109 158.864 728.697 424.089 447.422 915.528 271.984 461.202 765.943 939.478 903.102 584.222 762.929 696.301 293.168 248.454 937.051 234.326 414.634 173.229 33.659 736.528 199.426 466.796 105.358 458.301 122.144 47.037 188.469 28.105 655.666 980.631 732.513 548.43 244.531 409.836 749.168 509.155 194.888 786.759 17.29 88.088 161.768 368.548 528.406 182.666 787.689 416.022 695.901 518.395 309.998 896.394 810.872 730.378 474.185 854.049 810.528 352.536 453.082 793.23 369.262 25.798 542.077 652.898 416.411 500.38 835.374 940.698 73.699 612.816 251.816 260.613 496.823 196.976 941.075 283.512 465.617 445.361 748.537 694.863 732.393 268.527 570.73 442.673 883.532 253.373 622.737 258.006 531.02 846.408 476.558 463.598 21.095 440.811 52.456 573.615 588.204 521.683 841.846 342.441 812.351 972.198 102.951 890.326 538.34 799.232 787.302 867.318 492.38 62.838 473.016 593.028 806.139 533.848 352.341 477.6 531.928 190.445 950.886 87.245 174.145 856.277 947.905 753.671 737.471 515.253 916.804 277.389 496.037 523.143 873.797 582.295 297.389 593.921 699.761 240.455 622.849 895.306 549.42 476.617 177.454 48.735 957.449 288.386 336.58 744.479 961.985 886.915 360.619 358.91 202.078 707.422 645.641 840.463 929.016 724.686 738.75 535.166 640.624 97.709 877.23 557.115 64.037 707.236 135.671 961.76
646.668 463.599 893.082 152.474 987.794 383.408 94.093 191.384 558.018 85.58 625.428 152.989 525.291 1000000000.0 392.142 419.813 658.437 366.922 269.722 648.463 753.686 694.053 293.664 523.032 292.671 587.752 975.927 559.008 101.346 262.51 672.049 226.725 114.925 931.925 527.332 405.926 449.328 651.543 719.918 943.945 725.881 268.272 198.316 203.533 757.522 597.56 827.076 31.177 66.763 908.57 473.59 733.777 219.739 466.703 692.052 453.519 976.991 978.203 5.286 236.555 379.183 252.226 384.457 900.954 622.304 482.331 509.136 545.382 582.74 166.045 853.051 214.694 447.471 219.552 730.741 76.215 541.296 962.231 831.493 219.132 853.943 966.388 219.31 820.325 117.757 899.386 585.198 726.858 417.755 318.124 676.721 304.377 70.092 407.1 228.215 913.639 839.962 668.327 208.884 792.753 121.823 384.514 511.334 467.84 514.413 298.025 134.245 381.606 781.362 717.802 804.057 928.883 483.962 709.753 592.063 304.569 285.595 187.265 906.297 487.228 13.509 434.834 912.202 676.934 468.487 80.366 518.555 378.878 279.941 194.277 506.974 616.518 363.414 910.641 319.394 656.108 384.552 791.872 891.765 744.754 785.893 588.04 315.116 793.831 273.156 991.37 316.018 911.716 38.475 809.017 388.797 422.634 80.752 177.963 640.122 371.668 936.781 297.347 390.281 155.529 418.151 347.8 650.298 432.312 433.995 180.027 996.259 936.064 366.113 141.647 287.66 134.295 551.675 832.285 205.672 816.357 801.023 275.29 764.662 554.629 923.815 613.876 724.242 430.832 610.683 79.136 692.126 957.284 870.256 633.72 635.892 29.646 895.716 983.83 795.621 435.486 174.974 896.144 691.811 299.163
729.261 527.262 755.482 945.043 19.225 164.86 423.504 18.358 876.2 149.42 824.47 583.791 999.337 392.142 1000000000.0 33.302 525.009 35.207 682.472 827.37 39.146 499.43 460.649 286.491 970.657 410.487 954.659 961.565 321.057 790.136 738.919 999.817 266.398 539.931 339.305 746.961 353.494 707.612 563.515 728.345 31.087 721.057 300.045 280.274 284.502 860.317 685.065 260.307 637.489 681.164 659.705 922.965 598.938 957.205 568.368 200.639 739.709 951.343 552.733 103.523 994.048 213.74 825.222 217.68 689.846 37.547 338.446 105.178 593.826 516.22 511.476 556.218 186.689 39.664 164.218 235.435 91.811 553.013 532.775 907.5 666.395 804.117 707.84 436.41 588.107 843.564 358.343 963.633 490.47 71.992 868.483 429.848 845.118 5.219 722.519 435.074 854.203 104.557 409.882 26.01 121.098 561.172 80.096 231.253 185.952 970.94 173.556 299.765 584.349 540.295 258.298 608.451 895.217 821.38 996.815 609.719 576.915 328.635 236.914 513.994 208.5 929.527 836.192 419.814 393.76 645.547 766.506 585.783 504.532 113.944 843.159 529.919 527.06 104.969 31.37 579.34 961.69 333.96 913.89 346.418 111.862 212.452 451.983 13.69 403.12 607.811 85.473 857.166 940.082 682.969 480.514 660.557 341.662 685.311 361.417 923.373 285.488 872.82 714.017 473.055 89.976 592.118 634.271 366.767 827.452 227.548 945.049 83.566 335.074 377.047 126.479 821.857 823.596 749.975 948.554 705.12 499.166 445.493 907.704 590.976 547.364 250.018 466.051 350.199 414.683 310.277 688.555 64.322 677.689 855.743 402.248 603.552 277.803 434.774 685.844 378.15 136.159 499.586 856.861 611.471
830.214 489.18 68.474 134.445 248.345 898.3 860.36 462.409 636.467 940.084 642.009 680.442 828.969 419.813 33.302 1000000000.0 326.809 207.634 113.017 976.397 279.217 898.304 141.762 877.845 167.963 114.256 670.996 170.461 665.794 26.574 109.575 567.026 709.023 984.947 135.232 858.366 892.869 967.45 120.455 945.49 329.113 857.861 500.226 361.81 522.237 233.526 724.644 620.883 383.183 207.528 900.708 333.887 551.155 416.85 837.843 643.048 844.194 737.567 838.738 456.914 994.844 35.4 209.496 99.567 638.07 977.306 169.851 867.276 134.317 833.019 425.678 269.141 337.868 51.811 663.616 972.738 95.025 482.995 425.396 678.862 577.286 874.978 411.544 131.16 379.83 49.306 855.368 599.017 319.11 870.361 461.654 957.609 692.466 834.959 563.441 91.716 487.97 297.764 427.43 26.387 900.64 353.033 883.569 217.907 147.621 74.765 332.558 947.309 576.261 314.251 78.31 615.832 783.644 280.943 935.215 968.979 611.446 152.186 618.789 652.54 435.254 475.886 389.677 322.202 145.021 897.47 865.278 273.684 841.156 150.822 275.912 239.196 521.118 253.737 472.133 416.698 704.622 173.511 281.984 581.882 470.239 146.649 131.471 941.758 945.436 9.356 509.676 854.969 557.141 532.909 222.752 776.034 363.303 187.459 601.162 227.891 563.117 778.874 91.361 419.229 200.566 221.905 198.475 705.92 653.724 458.363 781.372 299.625 804.818 727.843 716.979 101.357 568.381 535.126 304.951 906.126 810.678 16.271 784.212 556.771 869.603 190.013 457.705 141.309 628.331 60.818 188.002 289.602 100.415 4.055 176.801 551.619 559.787 3.085 686.547 284.924 37.496 260.062 269.926 697.43
482.652 807.694 550.614 849.572 442.259 989.956 794.739 339.543 18.83 392.622 316.396 733.455 814.181 658.437 525.009 326.809 1000000000.0 388.667 469.935 369.622 116.824 134.449 803.13 714.66 971.527 308.929 566.472 423.927 331.531 538.978 704.09 614.801 594.542 481.014 517.594 63.354 666.602 182.606 943.559 902.39 178.173 784.708 497.39 762.69 851.902 461.221 324.7 163.806 444.295 187.915 228.517 209.049 192.909 829.331 920.543 399.083 131.079 708.142 776.461 625.887 383.828 509.987 271.927 482.215 969.925 796.469 121.408 320.496 128.719 750.74 221.508 255.706 350.247 50.315 547.377 914.294 948.45 885.912 563.107 222.069 850.123 911.137 869.783 82.725 709.916 247.056 9.296 342.212 15.972 546.32 934.388 863.881 239.685 557.419 570.465 375.079 8.421 883.34 54.205 469.021 468.996 668.373 740.536 600.101 736.079 752.874 645.278 472.516 804.009 685.689 354.907 67.823 317.727 120.463 158.275 424.517 892.106 165.945 966.652 530.158 160.122 690.444 775.729 562.686 278.402 659.627 959.913 99.969 557.855 871.429 257.335 71.153 426.16 44.288 924.145 86.852 127.959 315.913 436.869 815.879 874.002 164.114 300.811 406.798 603.006 376.593 863.87 132.016 466.404 49.068 908.69 914.223 809.851 976.779 934.012 527.129 809.618 941.926 59.383 798.443 926.349 840.647 948.631 264.23 730.153 107.433 669.62 401.573 538.69 162.819 80.556 111.149 253.172 787.111 953.66 820.414 19.685 807.076 36.3 621.182 693.546 650.879 299.423 357.489 721.042 582.37 935.026 226.051 426.504 112.808 29.498 692.833 707.848 937.694 213.621 298.544 612.942 317.002 666.686 31.128
431.282 205.926 995.067 603.926 499.631 715.241 899.854 800.885 99.886 846.173 562.58 429.944 77.733 366.922 35.207 207.634 388.667 1000000000.0 867.44 117.214 342.012 337.839 160.15 144.151 59.922 32.287 884.531 253.849 838.635 417.19 453.402 644.315 707.676 542.267 540.06 933.656 823.45 295.743 212.749 248.452 850.476 611.721 162.049 303.474 659.517 718.546 946.447 894.923 881.567 898.88 526.518 944.269 898.09 290.973 8.213 923.067 867.707 955.913 347.426 400.521 806.058 759.784 161.045 746.141 936.029 481.195 578.47 720.506 406.413 429.8 818.378 106.563 506.425 524.867 202.142 863.089 325.513 318.631 541.403 55.19 619.451 897.074 81.207 103.265 912.936 624.274 284.643 135.041 417.793 477.135 876.714 886.794 766.645 146.32 873.696 209.925 319.2 704.571 457.021 719.365 725.056 16.667 145.731 92.967 794.169 57.872 612.683 770.882 120.82 253.772 107.288 884.16 997.237 937.598 680.886 605.271 142.595 288.14 236.318 663.984 148.013 342.119 43.632 259.32 720.786 462.841 58.531 990.231 43.562 790.304 926.73 798.153 70.753 676.818 211.048 185.153 110.238 354.412 73.461 677.83 72.795 919.978 642.729 384.281 644.408 898.225 221.756 281.796 66.88 597.697 404.007 977.669 726.193 676.575 101.156 791.184 456.76 470.389 418.012 339.339 291.385 831.268 777.088 158.118 510.192 399.145 894.763 985.66 708.819 320.107 718.95 395.123 947.751 408.67 722.586 832.33 951.159 616.768 494.656 66.061 684.943 660.417 390.731 165.257 378.806 272.317 737.365 418.034 627.477 2.415 960.788 114.001 927.702 932.009 519.397 974.175 397.949 402.582 619.374 373.719
585.343 605.286 159.865 360.459 737.472 610.841 5.859 705.143 138.191 344.13 853.288 457.741 827.968 269.722 682.472 113.017 469.935 867.44 1000000000.0 351.85 662.758 897.332 929.199 491.638 667.4 13.256 683.932 290.277 798.981 548.189 602.425 856.659 313.448 48.236 638.313 422.467 616.625 655.986 325.551 565.357 904.605 485.777 705.864 97.913 357.982 817.715 174.348 565.491 5.022 407.554 575.155 158.027 43.831 503.812 889.278 882.308 827.545 523.044 807.112 303.675 488.772 817.968 337.375 901.194 478.638 488.046 6.355 696.693 207.45 421.024 349.36 725.246 205.525 954.65 402.437 603.235 412.519 828.863 436.14 705.803 330.148 195.45 18.099 645.093 22.147 767.134 156.765 766.575 32.55 512.425 224.159 842.123 707.982 115.362 157.753 418.757 522.811 868.531 385.851 895.793 923.201 693.355 673.963 606.639 932.568 790.27 80.458 633.124 953.444 229.444 795.782 129.513 529.708 221.881 471.723 843.786 697.711 847.516 731.1 649.347 939.17 197.577 276.047 53.401 686.681 507.423 982.939 155.296 310.105 459.113 252.162 604.66 476.037 422.033 420.929 880.878 790.907 706.984 566.11 774.295 277.482 503.835 11.186 324.889 119.742 935.8 273.995 618.216 22.456 187.846 572.177 687.008 865.466 616.046 489.32 92.19 491.409 228.542 640.819 176.2 557.723 795.807 570.439 847.73 505.864 534.836 318.085 492.242 884.459 473.069 710.969 95.734 135.638 370.937 774.418 3.634 969.149 886.534 912.692 185.287 756.644 573.516 750.971 15.726 908.66 284.717 688.419 812.741 411.937 923.57 904.495 118.273 269.66 476.288 947.733 293.3 331.486 744.701 726.364 984.949
733.143 946.195 767.685 649.426 254.976 904.461 358.436 705.631 76.952 69.067 240.484 756.307 934.562 648.463 827.37 976.397 369.622 117.214 351.85 1000000000.0 754.135 59.236 656.596 254.136 747.598 260.951 179.822 793.062 874.649 498.28 709.065 160.126 291.894 308.532 684.63 81.133 533.75 157.455 704.981 932.867 456.68 209.277 593.019 355.648 55.799 601.433 284.521 794.294 355.141 606.669 792.664 100.318 586.793 360.496 854.954 167.911 864.257 443.916 160.133 657.307 53.086 742.266 392.877 352.116 262.613 13.641 395.291 374.353 545.392 40.298 380.238 448.754 528.779 99.185 529.571 839.214 554.111 206.437 334.194 243.42 651.69 894.198 838.888 880.047 213.585 238.029 226.945 662.048 725.276 235.438 102.272 135.066 628.457 994.833 505.894 389.453 316.662 605.068 49.326 818.703 215.11 412.309 573.154 246.551 957.538 447.502 666.89 523.672 385.23 415.341 712.473 726.401 935.175 909.576 735.076 467.538 510.398 385.614 522.864 575.948 299.533 386.12 793.673 563.577 849.581 693.782 889.213 289.226 86.476 233.823 361.035 832.682 507.942 780.138 507.262 989.302 913.285 445.447 926.608 174.345 156.333 129.175 452.161 357.931 456.813 19.392 875.239 434.46 841.894 101.316 573.562 731.693 167.986 2.88 715.431 304.751 210.29 749.115 62.8 959.586 72.245 600.461 100.252 174.946 992.12 683.983 922.807 988.699 735.277 897.907 613.451 131.789 268.102 904.367 642.09 339.537 704.614 92.308 538.948 379.345 791.024 107.572 689.341 630.12 575.524 897.029 433.717 185.359 527.576 707.875 210.659 809.836 236.612 645.198 690.409 83.13 395.251 608.258 853.952 927.839
637.043 606.022 823.468 422.356 360.289 41.206 57.737 728.01 791.263 671.699 217.537 528.222 871.464 753.686 39.146 279.217 116.824 342.012 662.758 754.135 1000000000.0 465.649 877.805 690.226 158.15 393.984 542.855 438.043 321.391 683.017 525.388 276.725 878.916 939.246 962.551 377.328 559.287 507.637 875.326 740.976 830.478 587.644 96.488 86.425 457.573 930.616 10.863 378.081 221.112 423.376 896.169 429.799 313.572 776.284 257.444 479.539 661.066 107.969 227.008 303.975 242.578 19.779 855.762 615.58 839.916 274.087 64.317 463.487 203.44 709.147 728.615 262.721 336.842 624.418 637.656 639.856 288.91 255.898 373.387 51.312 952.995 106.628 515.236 537.503 771.134 53.87 112.091 389.904 50.865 901.043 664.914 879.42 824.026 225.982 583.065 491.967 993.812 402.079 114.063 782.617 483.667 399.696 478.869 22.414 769.987 649.023 996.891 644.804 359.781 568.183 473.981 269.893 552.292 112.165 403.354 870.574 753.119 454.216 409.384 543.069 123.002 162.33 32.663 545.68 646.952 414.27 957.727 105.625 826.385 782.147 285.716 266.815 214.672 31.823 575.708 323.557 666.106 781.876 712.517 667.959 421.046 35.342 63.033 326.532 359.996 172.104 587.044 910.002 963.118 428.326 719.824 927.252 698.175 889.407 687.569 134.996 268.226 896.817 189.714 722.561 37.603 534.94 109.637 670.645 89.753 969.069 4.837 259.677 651.478 893.133 417.487 353.843 664.469 20.937 755.292 15.82 441.799 251.105 812.485 319.869 538.673 44.635 778.571 947.858 808.879 885.649 546.799 686.51 610.697 15.021 84.846 788.552 272.332 425.066 483.476 385.261 381.613 680.603 330.506 519.915
751.43 56.666 884.465 805.673 610.045 479.465 165.667 961.399 445.634 720.235 161.704 181.281 49.534 694.053 499.43 898.304 134.449 337.839 897.332 59.236 465.649 1000000000.0 824.385 284.667 290.545 99.101 582.198 651.853 781.889 503.283 499.605 520.604 511.296 356.91 900.208 217.271 502.031 843.598 196.243 335.746 777.996 535.07 79.315 865.977 470.012 621.287 429.371 276.964 555.356 692.786 122.582 104.297 927.569 268.288 496.678 89.995 636.214 604.506 272.714 287.785 828.766 708.411 125.992 213.227 151.336 428.629 548.297 643.114 707.128 76.577 715.312 640.486 777.758 606.164 936.797 330.567 641.762 289.148 779.724 312.395 916.934 236.983 380.691 539.679 398.643 631.086 714.181 314.048 145.871 71.065 124.009 368.525 22.326 489.072 130.373 829.265 595.001 881.537 447.783 533.033 950.812 286.194 222.666 55.763 374.204 849.45 637.71 541.357 51.695 518.242 931.853 231.819 124.154 773.528 796.719 303.583 415.41 757.181 898.392 526.944 454.67 76.893 665.066 843.269 302.006 429.937 914.628 906.685 628.952 19.81 289.708 144.441 694.433 413.751 108.501 391.584 109.772 829.292 69.91 155.515 737.99 914.778 249.908 228.207 685.691 293.715 508.761 223.72 364.453 23.028 248.873 77.978 365.39 212.959 387.776 258.984 455.498 815.931 227.092 401.766 496.818 666.434 779.426 97.739 762.392 502.649 28.45 770.319 707.25 769.823 338.736 511.745 137.903 352.663 903.901 716.776 968.469 755.331 199.627 225.66 13.418 611.364 475.884 359.378 433.344 37.635 320.263 693.37 730.076 58.226 872.181 38.726 663.688 828.6 993.799 463.879 72.53 753.078 803.12 911.809
913.731 756.128 13.762 205.39 712.141 693.288 169.404 139.266 770.046 882.076 550.467 559.618 876.901 293.664 460.649 141.762 803.13 160.15 929.199 656.596 877.805 824.385 1000000000.0 372.771 597.537 896.525 860.08 862.886 642.572 849.867 814.386 892.581 619.075 549.511 328.844 5.315 242.226 986.665 656.166 631.844 493.892 507.986 237.637 716.723 72.221 889.177 862.499 12.848 320.464 496.631 397.765 706.798 119.144 842.774 337.876 768.99 650.58 139.875 22.724 498.765 753.647 164.424 328.126 794.259 630.332 210.809 250.692 20.68 527.178 885.273 543.089 304.515 484.957 828.785 91.242 364.456 961.904 55.771 346.951 904.119 843.416 821.923 949.931 385.456 947.449 939.815 336.454 196.963 180.153 543.794 721.987 127.981 779.914 391.294 23.403 430.873 104.023 537.836 450.895 652.453 353.415 229.163 419.693 372.077 474.659 649.894 642.337 18.638 255.008 692.799 402.441 689.696 729.1 465.195 364.376 969.511 104.871 299.92 782.722 690.908 922.072 859.25 29.869 588.74 577.529 572.979 953.784 482.469 575.607 845.731 941.847 701.997 115.883 254.918 542.222 628.24 677.982 885.354 718.928 669.942 422.573 352.712 472.395 516.281 64.756 989.798 960.974 465.37 520.126 853.964 380.901 638.37 295.628 948.22 390.161 555.551 226.31 167.665 826.375 845.611 121.363 560.128 275.453 263.39 168.334 975.323 47.509 974.469 626.569 693.098 697.46 898.4 143.055 785.719 318.076 155.778 272.037 897.841 347.42 278.528 212.657 53.28 761.62 696.561 865.66 816.445 691.439 734.398 84.102 592.276 216.401 709.272 915.029 628.097 537.086 771.273 505.355 449.744 330.003 481.604
941.888 606.085 664.498 491.533 59.797 948.59 296.917 415.045 600.603 882.335 698.026 157.723 959.936 523.032 286.491 877.845 714.66 144.151 491.638 254.136 690.226 284.667 372.771 1000000000.0 203.548 20.037 583.573 2.996 970.61 503.317 717.745 954.598 820.708 837.395 994.014 15.597 185.625 322.898 584.099 559.526 229.566 23.986 517.089 926.749 508.383 103.323 750.983 494.133 433.593 317.04 801.607 196.405 282.948 321.926 895.454 239.87 238.001 641.854 212.154 612.185 587.543 321.644 968.482 439.012 70.53 287.176 885.595 329.895 859.524 59.428 188.919 464.714 575.676 486.423 288.916 582.634 656.963 426.317 244.989 91.033 588.458 35.221 509.517 236.15 483.753 453.242 683.196 795.277 971.069 277.969 55.939 289.938 651.636 86.231 818.24 789.422 505.523 245.429 174.693 722.211 857.035 658.859 817.671 292.145 634.492 11.285 478.666 340.654 20.505 984.646 566.807 916.262 454.194 752.293 971.211 346.527 291.448 405.28 861.823 811.548 187.048 839.184 417.212 40.657 749.91 811.318 46.286 658.026 177.329 604.019 618.28 110.252 571.2 698.609 115.074 703.601 214.204 283.86 143.195 470.713 188.609 41.751 994.821 712.721 100.821 213.504 247.493 319.19 561.577 961.65 761.028 972.417 571.006 293.696 615.544 688.173 204.989 661.187 914.957 365.289 280.485 765.862 883.969 603.411 690.734 574.883 291.208 537.815 356.897 228.258 816.225 151.168 142.477 200.059 115.223 601.227 824.157 566.591 234.729 12.885 14.365 348.304 516.977 14.542 101.649 52.29 242.069 898.502 717.164 406.387 46.58 932.904 72.39 710.893 662.156 453.074 218.342 65.605 444.99 165.053
458.876 931.326 717.74 122.045 939.397 261.165 846.112 833.147 197.363 602.976 623.673 101.946 796.499 292.671 970.657 167.963 971.527 59.922 667.4 747.598 158.15 290.545 597.537 203.548 1000000000.0 120.439 380.87 137.167 542.676 880.934 537.668 899.303 968.362 747.81 116.751 713.273 365.296 70.098 608.265 650.722 36.821 390.297 153.388 149.699 417.916 156.543 535.766 833.594 146.571 599.1 966.552 478.805 287.49 306.302 749.861 800.277 600.27 90.377 650.755 167.453 564.479 249.437 342.256 338.747 7.669 778.049 767.057 959.545 178.63 410.629 414.566 780.434 514.851 930.927 388.072 911.194 71.202 521.124 13.698 637.139 128.751 45.621 421.077 123.093 585.068 674.582 44.142 60.34 816.945 109.758 504.506 954.967 718.153 691.502 59.343 964.625 627.412 17.174 631.135 334.706 132.121 131.525 194.195 288.88 742.312 976.607 398.477 491.537 962.984 801.662 884.582 657.168 334.933 66.237 301.627 354.239 76.599 417.968 724.788 781.847 794.379 723.782 487.57 224.075 870.123 385.968 439.3 243.296 450.426 2.39 274.831 633.094 602.446 413.45 177.449 956.953 807.633 24.623 767.903 212.264 279.184 739.885 328.818 352.717 59.046 74.927 700.21 617.377 312.636 458.713 241.567 485.442 402.177 77.805 234.449 20.603 71.844 446.336 664.799 453.475 537.964 371.676 394.276 765.477 610.73 541.063 350.947 742.465 543.971 491.499 325.538 856.189 825.348 284.205 504.868 559.775 5.024 536.854 845.362 813.58 453.398 374.532 775.582 623.436 318.926 132.896 575.21 763.596 330.127 197.952 573.532 371.226 763.096 153.621 441.39 151.087 778.181 251.964 997.089 81.729
