200
1000000000.0 147.915 61.491 715.416 181.05 526.845 474.811 427.834 228.269 702.176 44.372 583.184 970.399 817.011 555.366 748.998 386.323 789.741 308.474 643.538 314.212 374.237 997.912 390.317 964.914 561.922 931.004 155.297 829.404 926.024 526.492 73.611 708.984 403.232 768.138 563.439 459.806 245.81 298.462 517.65 427.97 199.869 16.671 654.141 164.327 518.333 461.806 521.413 365.137 730.515 136.224 641.631 591.932 204.589 356.362 813.852 77.566 400.612 858.691 100.578 942.285 711.856 569.936 740.249 970.484 69.178 300.195 479.619 102.556 502.374 396.55 962.279 174.398 240.655 153.357 231.297 476.455 765.946 296.965 863.793 803.795 628.306 238.713 392.639 746.721 87.096 827.533 587.698 15.126 889.956 613.094 813.297 560.787 53.759 637.693 459.697 422.913 910.731 70.976 127.326 325.797 68.939 978.364 311.887 529.614 200.486 922.703 772.336 704.754 460.252 235.345 791.876 361.537 157.989 354.008 435.413 594.364 351.355 454.626 427.043 790.056 708.116 516.291 92.401 317.764 433.783 940.473 359.627 585.43 574.649 830.078 102.934 519.856 292.461 458.726 432.097 557.844 857.515 606.366 390.965 440.278 513.903 241.277 451.829 153.379 160.438 479.863 189.079 444.172 975.071 894.716 174.545 155.879 649.777 402.166 210.256 708.021 410.437 579.935 868.833 888.219 891.698 776.283 330.738 332.293 321.108 444.774 786.853 500.045 728.047 604.888 739.548 408.172 730.15 185.677 766.929 47.393 685.227 649.91 861.013 79.405 167.755 863.239 110.446 126.752 771.194 461.708 470.768 767.789 47.787 72.989 245.383 746.212 256.995 709.05 948.488 25.262 490.21 285.063 816.367
147.915 1000000000.0 917.244 81.838 409.923 622.221 393.743 604.428 702.418 58.738 35.055 589.734 140.392 685.041 73.795 574.881 501.066 512.952 755.048 851.171 248.726 43.764 891.522 911.972 323.541 45.768 82.497 840.896 455.17 211.009 569.716 789.537 2.215 119.552 871.875 241.257 732.536 351.315 567.006 946.762 385.201 424.88 730.733 578.367 319.659 92.652 858.945 349.989 58.343 367.935 864.067 14.253 335.807 867.122 270.401 719.052 795.242 992.299 151.325 563.251 818.358 521.591 482.014 461.432 448.017 470.286 840.34 980.747 972.026 247.567 157.634 330.041 604.117 148.955 691.207 759.959 830.83 226.31 759.248 699.442 562.796 703.186 112.205 263.509 981.929 583.765 436.61 390.293 648.189 602.785 359.469 936.184 665.371 608.638 379.371 900.349 419.489 10.22 436.441 948.697 885.936 895.263 346.7 124.003 841.332 307.855 892.844 598.125 45.905 66.934 591.065 336.858 274.693 221.32 503.15 670.334 488.824 832.955 642.167 285.935 62.949 756.546 276.015 593.542 614.467 808.943 422.308 935.321 268.46 342.241 110.921 686.872 266.593 259.763 348.463 623.219 249.342 70.362 784.829 715.014 633.9 274.169 743.502 974.864 963.242 934.634 38.319 520.675 664.948 590.855 431.255 820.399 254.217 409.861 945.053 161.703 755.141 519.886 728.746 94.084 355.518 958.08 16.868 985.49 889.456 65.344 320.538 407.84 369.507 238.301 190.204 166.146 476.127 345.738 243.424 650.776 798.082 469.271 669.832 237.111 671.543 891.387 541.96 398.316 749.105 499.809 471.238 363.142 911.201 127.894 295.09 708.945 527.39 880.117 387.89 737.213 355.319 867.281 656.017 136.983
61.491 917.244 1000000000.0 624.842 587.729 108.387 851.366 839.087 833.368 229.746 615.34 537.295 370.79 651.424 824.263 232.662 390.156 261.672 684.295 152.059 651.659 532.897 258.513 616.319 718.998 229.54 278.262 627.954 118.773 830.42 993.312 184.6 189.373 873.265 274.407 867.298 732.338 437.85 814.001 566.864 971.898 620.874 526.788 541.364 160.03 575.486 759.134 86.416 559.433 144.539 745.867 810.118 170.854 45.935 229.068 486.927 428.071 264.178 495.825 848.169 920.163 426.684 678.997 170.702 441.196 59.621 896.616 149.914 340.18 655.265 880.59 502.622 381.104 957.625 219.618 6.02 61.955 587.924 56.324 416.683 185.182 65.62 884.034 942.986 978.083 97.336 489.744 128.869 580.09 208.974 766.12 566.851 266.218 975.986 924.151 929.442 850.174 38.65 911.735 761.112 795.472 42.265 567.486 357.918 863.116 331.147 654.196 404.935 22.505 476.897 466.693 776.633 65.23 495.246 336.915 772.522 880.152 855.009 377.901 21.82 753.76 340.868 627.0 460.879 554.126 600.655 319.556 143.805 977.752 476.521 358.531 33.938 340.844 456.677 846.809 762.637 196.079 459.351 716.17 519.343 213.611 444.124 326.632 149.246 376.337 996.312 165.673 406.631 99.914 518.45 983.873 370.609 924.242 497.987 478.617 125.428 267.164 830.959 829.592 495.913 735.586 302.79 354.192 320.148 871.053 71.11 492.636 870.494 362.145 278.397 848.292 45.886 326.313 591.591 829.278 828.562 678.788 642.602 543.265 393.996 458.459 27.59 789.707 559.846 398.823 632.508 251.174 810.851 787.256 512.027 97.186 150.316 861.038 535.927 131.042 964.554 615.503 572.81 610.655 448.566
715.416 81.838 624.842 1000000000.0 17.461 125.798 325.611 501.016 345.286 538.411 845.962 883.308 8.919 617.765 817.46 569.968 980.87 843.19 332.527 363.301 498.18 568.452 761.773 32.859 12.312 857.447 217.591 708.093 459.677 897.69 758.366 292.202 539.768 240.823 854.085 456.79 869.716 392.037 115.755 220.674 656.084 836.124 512.483 758.362 533.695 615.17 775.692 516.229 888.666 96.091 769.037 354.033 255.028 691.63 829.468 682.35 727.918 375.714 532.708 51.013 167.258 106.156 60.673 440.723 828.492 397.008 908.673 184.028 832.556 556.593 544.264 762.771 542.135 458.644 70.314 503.451 481.318 985.339 147.663 359.982 425.645 63.423 480.64 67.86 862.57 427.534 930.322 913.945 884.757 274.828 978.908 481.64 341.967 81.357 683.271 108.935 765.398 753.748 566.911 995.352 861.407 196.777 850.865 31.029 791.943 791.654 787.03 218.475 560.236 269.643 182.129 44.385 728.187 194.159 48.327 547.125 710.872 985.83 947.329 318.138 917.94 177.364 291.153 10.597 238.066 916.522 298.976 370.402 496.09 293.534 302.369 879.018 400.633 265.097 795.183 37.272 657.656 963.188 32.357 319.277 819.363 130.442 733.733 508.153 896.417 488.21 368.32 180.176 417.079 702.908 971.08 131.492 879.275 468.627 284.442 47.788 549.444 914.331 342.578 408.795 479.88 930.05 268.023 425.399 417.991 978.963 664.094 768.394 269.152 510.441 32.293 267.485 61.217 186.018 622.924 486.582 632.932 455.041 351.133 224.027 41.876 393.14 158.641 227.529 293.28 709.938 995.543 351.603 215.468 134.323 585.009 268.371 692.559 781.177 377.704 585.877 251.971 235.064 787.478 691.518
181.05 409.923 587.729 17.461 1000000000.0 823.169 727.335 485.604 617.461 271.315 679.266 777.322 204.326 391.75 512.114 327.51 669.775 849.875 209.171 984.817 420.132 262.673 996.114 295.619 522.874 826.294 864.498 476.064 705.451 15.024 487.947 41.622 74.439 210.503 80.927 632.084 604.58 630.688 218.688 379.822 480.979 608.408 16.508 110.024 795.457 697.451 558.759 864.007 598.284 33.391 860.034 421.384 684.539 534.935 366.951 939.621 388.041 410.354 168.069 208.251 228.571 558.804 664.464 523.856 312.769 51.193 346.337 731.102 791.03 612.219 84.502 183.408 469.125 794.426 878.629 297.031 509.87 861.238 268.351 225.303 730.799 3.167 51.953 608.212 364.514 863.487 298.972 391.762 208.15 287.191 911.112 338.687 19.818 920.056 207.241 781.724 998.79 549.726 147.794 299.384 880.495 462.985 388.785 191.902 977.486 207.286 416.527 445.416 729.489 785.46 914.668 892.43 468.117 543.401 149.443 916.441 646.066 941.907 203.916 478.665 713.439 687.406 79.373 636.34 586.706 564.7 827.613 122.746 790.572 139.354 182.038 108.712 693.719 155.084 252.85 706.093 980.909 179.011 536.654 11.243 599.531 518.146 375.244 135.219 140.518 183.051 952.459 220.411 518.932 242.873 656.688 648.708 829.49 161.041 648.045 372.75 907.133 876.809 572.334 959.836 997.951 974.312 152.016 434.867 765.945 43.317 945.911 700.752 830.217 649.16 778.856 986.394 941.849 328.896 163.201 768.017 179.139 307.025 883.52 22.661 596.75 317.485 23.18 299.807 936.659 107.328 724.579 551.168 725.197 22.628 21.267 555.29 991.492 996.726 622.868 542.569 113.703 926.813 976.091 574.611
526.845 622.221 108.387 125.798 823.169 1000000000.0 411.278 728.149 480.841 562.448 612.549 920.932 155.073 546.795 610.513 735.054 924.06 754.932 162.124 748.127 928.68 516.806 101.907 499.505 565.177 719.754 670.143 671.384 596.964 49.981 789.531 861.793 416.324 358.807 453.205 99.261 358.387 224.604 819.102 459.198 675.055 78.772 85.073 120.662 701.509 284.022 297.047 142.213 162.397 689.093 426.586 514.682 421.246 475.553 796.77 668.928 924.466 104.771 383.485 451.536 400.623 333.902 939.749 548.587 410.346 149.813 513.34 828.235 145.885 304.335 957.246 138.086 285.139 477.925 733.659 244.833 261.586 257.723 993.004 776.951 839.868 176.336 256.258 940.817 900.686 845.397 820.51 365.223 792.712 147.034 694.178 896.923 529.979 580.255 346.56 571.66 881.073 210.023 209.254 572.54 182.566 525.848 731.167 186.662 841.244 847.083 238.946 199.031 632.076 60.013 321.816 641.35 912.24 181.165 170.043 873.68 44.363 2.616 525.593 564.493 195.09 40.467 572.048 947.017 922.024 612.673 369.923 565.898 422.442 452.752 826.466 538.958 782.09 913.299 490.542 326.711 955.426 25.631 477.773 577.244 718.168 879.459 347.499 487.984 338.974 12.397 20.255 800.516 580.393 388.976 670.459 976.475 601.196 595.749 593.379 757.347 450.032 482.51 238.198 747.497 666.982 766.61 876.423 135.115 718.057 804.047 942.113 106.417 995.559 87.092 124.717 515.321 312.306 500.907 818.903 201.063 256.573 296.908 688.019 399.119 277.71 415.012 502.255 258.566 606.18 635.605 473.231 814.735 531.346 760.531 853.219 169.83 150.491 620.892 543.494 596.129 51.735 707.718 798.628 578.788
474.811 393.743 851.366 325.611 727.335 411.278 1000000000.0 735.268 811.877 551.443 786.035 926.114 349.858 448.996 289.581 914.037 915.298 555.793 920.254 989.72 83.251 799.863 896.405 615.083 544.199 211.056 386.269 749.555 690.897 417.772 397.297 774.902 134.69 273.656 144.912 777.008 437.06 619.3 20.169 592.696 551.203 791.491 516.251 274.654 86.848 355.383 798.212 912.159 683.852 663.843 370.279 460.84 936.55 35.578 815.819 708.988 58.38 350.915 821.275 620.738 759.53 551.477 426.286 122.022 387.01 322.182 811.916 349.437 205.351 949.865 872.263 934.677 490.69 84.437 603.575 812.519 616.698 550.903 737.309 691.197 94.787 218.405 131.777 369.309 666.84 627.344 926.161 485.367 985.419 639.615 754.939 352.029 817.758 820.423 198.353 471.478 228.836 473.38 17.731 836.71 658.979 418.439 716.818 797.467 275.42 996.468 171.141 504.719 627.301 744.288 400.526 731.022 690.787 27.709 942.472 130.727 735.579 800.866 475.747 703.487 682.916 425.094 623.542 655.957 264.494 724.529 13.144 297.887 227.709 618.901 864.691 881.182 666.606 693.996 159.597 652.696 172.118 452.396 843.362 527.527 311.393 399.931 457.277 121.312 892.659 333.491 450.156 700.904 337.568 851.24 705.507 308.965 116.402 63.842 449.428 92.933 359.18 900.826 19.274 809.002 983.643 114.712 139.379 308.219 93.409 152.016 28.93 956.573 801.908 627.969 290.344 166.774 722.791 761.762 342.522 729.026 9.547 918.409 855.016 791.584 726.616 903.71 213.921 467.62 316.602 590.015 166.12 205.365 19.907 573.689 228.207 325.896 775.778 66.375 23.647 243.482 429.401 77.478 711.034 383.712
427.834 604.428 839.087 501.016 485.604 728.149 735.268 1000000000.0 418.703 793.45 570.231 855.391 775.089 782.034 341.229 661.253 824.363 496.845 257.989 57.365 65.599 513.36 388.191 386.057 315.725 839.452 693.139 786.432 9.535 58.526 180.202 432.297 184.245 216.491 231.811 860.058 404.318 947.012 326.419 691.527 903.257 19.353 971.274 495.492 577.413 79.02 971.256 981.078 126.709 179.888 141.956 515.741 869.359 883.944 87.212 579.52 313.637 965.933 330.974 148.914 867.184 540.046 957.935 562.492 701.57 642.014 308.257 592.833 47.372 431.63 957.445 131.085 62.166 7.426 588.09 661.278 889.492 902.845 145.985 753.812 851.132 507.379 348.437 989.481 791.893 502.933 700.252 726.165 497.065 156.592 169.756 6.034 52.908 978.099 736.747 669.462 208.226 917.048 888.615 560.126 409.506 481.315 2.626 314.738 728.915 349.83 739.926 190.335 448.32 151.132 733.951 369.765 80.773 744.121 72.996 790.702 263.673 132.414 738.877 530.193 115.431 68.983 500.394 987.569 556.773 573.518 672.029 4.114 66.236 85.362 503.114 604.749 693.691 650.821 447.708 440.092 791.675 460.346 406.661 441.413 77.942 937.021 539.969 816.033 816.483 634.975 47.525 576.363 86.606 776.54 991.475 992.433 203.81 939.882 86.291 300.641 650.428 273.98 219.152 969.395 626.429 838.094 261.941 112.313 102.071 100.066 486.33 950.209 519.853 339.967 79.229 790.151 92.785 54.1 528.095 152.568 458.232 57.785 404.599 969.705 958.639 200.688 586.69 393.045 204.357 360.802 437.199 445.855 139.068 636.07 970.935 183.892 63.029 324.656 506.452 369.588 315.519 570.396 406.97 115.542
228.269 702.418 833.368 345.286 617.461 480.841 811.877 418.703 1000000000.0 419.939 140.899 111.429 911.852 645.754 546.126 957.814 497.76 622.034 922.435 735.556 785.71 118.023 344.927 416.887 891.154 969.028 152.766 349.134 388.305 182.404 422.342 747.693 378.42 276.133 933.096 966.409 10.425 543.543 73.383 159.016 87.612 514.169 410.982 478.141 517.988 666.43 142.179 140.566 664.997 522.448 244.59 294.326 533.689 117.613 214.226 524.737 512.902 196.305 995.404 419.105 286.827 637.064 606.811 274.304 948.016 219.353 886.495 648.045 921.315 950.548 153.26 382.367 930.603 208.116 604.501 859.717 458.378 216.041 737.63 421.048 150.082 557.078 557.703 501.398 551.207 798.52 483.394 531.164 720.191 763.131 170.848 373.647 250.0 354.501 405.764 436.607 733.804 104.32 426.546 312.69 804.482 413.99 991.813 541.65 54.809 973.759 509.969 540.478 839.017 208.58 304.934 201.338 994.737 514.646 189.799 263.705 988.537 610.289 128.354 409.881 819.617 861.416 958.071 577.181 326.536 909.589 387.957 499.971 57.341 512.109 950.865 828.8 943.729 538.455 369.516 48.332 150.756 613.316 456.542 600.481 272.601 923.652 502.181 700.895 173.862 751.902 117.484 736.762 870.816 62.38 483.369 866.622 277.801 866.928 317.521 573.854 199.561 650.357 80.347 201.839 996.959 190.017 940.076 247.681 161.219 712.137 445.408 676.613 145.023 729.763 956.271 588.752 659.961 445.164 324.238 882.616 844.768 857.931 346.636 174.825 862.294 23.634 527.197 253.903 38.409 153.208 961.038 62.346 653.196 868.353 693.882 611.762 239.884 272.52 652.89 623.036 529.678 799.751 582.132 757.381
702.176 58.738 229.746 538.411 271.315 562.448 551.443 793.45 419.939 1000000000.0 830.57 991.745 177.029 892.736 921.408 963.564 718.537 164.945 743.851 312.36 200.198 724.217 778.68 589.316 371.612 169.519 125.208 163.779 999.743 889.541 109.799 454.22 467.442 337.334 665.146 714.739 668.705 36.891 813.734 886.175 725.633 659.345 687.219 78.924 544.952 699.743 194.307 788.49 267.338 220.474 911.453 985.814 843.393 355.794 6.995 809.069 785.679 71.582 644.063 246.516 534.914 486.305 958.09 379.387 353.098 211.333 591.988 440.63 768.189 889.382 896.739 257.132 900.852 405.402 251.054 326.266 582.746 298.819 885.79 420.317 890.379 430.928 140.054 153.274 619.243 655.969 597.412 458.861 205.385 770.658 921.175 402.521 231.336 669.693 659.031 926.213 114.355 38.654 914.897 362.076 601.79 372.378 27.885 668.765 4.613 892.944 68.715 519.683 713.04 227.639 744.125 350.409 977.057 392.689 38.509 807.925 730.257 643.861 824.291 681.346 448.231 284.555 246.541 949.899 547.073 891.179 871.103 869.906 103.523 985.357 152.903 330.344 441.132 744.445 731.836 384.536 906.908 89.422 816.935 801.861 690.167 766.237 70.217 996.058 562.125 570.289 404.62 247.807 626.778 637.069 38.871 867.378 30.322 414.537 262.223 568.174 522.163 560.852 547.46 741.471 15.134 104.157 571.199 765.028 176.194 193.93 426.219 496.409 832.045 927.69 127.813 293.081 42.137 343.844 707.082 305.806 71.306 527.635 540.967 808.764 236.24 508.874 85.342 526.819 805.361 135.249 853.279 874.688 702.13 268.384 596.179 704.603 350.888 607.143 185.062 136.907 430.587 526.185 778.781 992.531
44.372 35.055 615.34 845.962 679.266 612.549 786.035 570.231 140.899 830.57 1000000000.0 502.297 205.169 802.657 361.958 108.632 856.536 216.252 700.488 503.751 472.538 127.827 62.096 131.187 486.723 740.335 961.848 931.892 889.609 133.804 270.787 229.235 420.091 915.838 19.775 462.096 15.567 61.213 960.832 573.952 716.645 483.341 121.525 109.215 142.47 572.959 699.668 330.876 431.085 435.231 680.35 179.741 915.099 625.596 772.52 419.685 22.25 644.616 930.545 260.841 513.563 893.129 963.059 196.976 675.07 280.198 382.79 365.431 331.428 671.611 419.275 871.803 831.257 166.688 821.508 742.945 700.326 474.21 232.021 336.96 646.436 349.503 469.864 836.57 994.224 288.775 966.628 367.827 663.089 149.142 589.453 454.077 806.404 635.386 418.408 921.253 384.685 997.287 859.425 551.901 317.366 728.552 955.596 368.934 392.2 144.458 730.033 348.291 276.643 856.372 701.145 822.968 999.269 279.505 21.931 702.855 583.181 454.573 709.635 853.318 150.953 451.446 278.24 788.284 670.343 351.439 615.665 411.813 562.228 92.996 947.928 66.691 548.676 145.475 861.001 4.883 632.68 479.729 569.308 12.333 696.959 274.133 600.538 593.791 792.799 997.453 687.816 407.556 678.532 331.729 141.775 154.679 359.312 391.311 557.019 596.192 436.762 451.575 597.709 141.699 629.472 76.449 21.994 199.741 467.95 354.852 617.504 271.284 138.16 970.732 593.612 652.837 913.306 772.838 689.543 427.839 12.398 11.8 749.956 456.234 819.901 252.262 550.776 800.251 154.828 330.19 22.179 879.054 805.427 782.097 574.508 311.355 987.617 267.667 840.815 915.512 953.056 583.386 168.165 93.628
583.184 589.734 537.295 883.308 777.322 920.932 926.114 855.391 111.429 991.745 502.297 1000000000.0 468.659 744.824 422.014 203.963 426.0 936.136 719.913 461.616 688.216 338.971 737.593 971.613 308.229 765.174 540.879 212.08 345.73 295.468 457.475 801.039 935.888 761.94 597.944 494.075 450.03 131.675 574.67 568.988 593.412 941.924 289.014 830.695 466.438 933.16 394.157 932.291 676.658 325.852 825.798 804.284 961.576 672.924 555.641 190.176 341.923 822.246 977.623 816.6 965.588 404.716 335.602 580.854 782.38 947.896 241.479 405.331 984.51 463.787 615.45 27.082 140.237 951.887 387.772 336.812 41.53 996.125 538.754 55.323 268.695 496.52 147.125 698.674 752.411 576.049 697.983 971.874 434.035 955.198 556.404 360.111 422.87 952.075 851.297 556.9 816.14 475.406 136.721 166.211 39.283 477.117 816.301 716.051 446.787 509.255 555.509 190.899 739.983 339.899 55.435 270.491 334.228 473.208 46.131 614.482 128.641 702.877 26.18 433.952 744.223 288.206 6.915 282.231 507.296 953.7 914.111 48.597 555.017 489.914 579.31 842.806 886.862 315.111 545.545 925.133 56.57 433.536 347.968 676.769 9.993 762.745 505.898 765.341 753.507 505.987 89.654 149.901 45.47 55.989 764.342 480.199 947.064 401.846 383.096 639.842 553.385 815.781 487.683 660.412 351.587 431.32 302.866 962.823 712.667 380.041 522.362 286.933 118.832 970.705 372.013 265.578 949.109 658.286 59.49 602.23 880.306 78.311 652.956 662.025 152.624 692.261 216.471 826.08 702.594 612.004 544.694 323.032 811.336 292.863 194.275 370.223 327.65 351.071 191.406 978.215 151.156 564.576 385.957 946.224
970.399 140.392 370.79 8.919 204.326 155.073 349.858 775.089 911.852 177.029 205.169 468.659 1000000000.0 697.642 648.046 406.04 257.044 262.927 632.833 876.568 782.724 362.915 335.079 588.499 632.105 291.752 787.771 415.7 373.384 436.619 193.392 514.978 561.761 190.177 107.818 819.489 757.422 282.938 933.247 607.0 479.174 756.81 276.646 163.125 972.305 174.829 572.594 157.339 695.132 349.861 493.155 588.256 767.761 422.323 592.423 899.999 820.939 218.667 27.453 963.764 909.008 456.842 637.448 844.013 846.24 627.621 948.332 619.045 341.006 436.883 648.926 874.63 704.224 767.49 826.752 304.101 623.683 694.181 268.866 258.904 183.991 277.42 323.8 580.326 454.639 226.308 971.131 223.887 768.362 961.266 938.746 129.23 335.683 240.886 259.712 166.836 898.404 223.005 108.742 907.99 822.368 678.31 437.138 77.397 71.007 731.861 752.728 53.915 409.718 43.245 781.277 740.457 704.022 842.542 199.02 564.144 342.895 743.702 847.676 352.773 472.121 280.884 897.106 398.082 985.016 17.995 216.754 96.249 330.193 427.386 991.111 749.549 70.112 185.497 634.92 549.205 104.189 14.055 505.151 191.071 82.595 858.398 517.571 219.402 824.615 3.252 988.97 443.681 593.371 248.653 964.361 962.37 56.235 453.747 658.287 300.864 996.735 805.23 668.418 441.206 742.757 84.486 410.845 84.995 188.1 438.611 550.74 94.727 988.427 882.601 775.592 584.911 545.487 624.422 973.254 67.639 870.939 972.595 400.077 976.415 322.486 663.885 142.73 671.43 150.445 29.78 97.231 54.114 809.223 281.962 977.127 234.933 676.347 852.096 940.921 42.287 189.045 753.841 446.588 830.56
817.011 685.041 651.424 617.765 391.75 546.795 448.996 782.034 645.754 892.736 802.657 744.824 697.642 1000000000.0 421.415 495.802 491.437 905.135 883.393 283.676 950.348 353.147 210.658 867.289 251.892 239.444 412.654 34.703 151.266 852.053 703.222 38.023 615.396 978.66 933.266 461.135 353.342 679.273 503.901 379.812 75.055 903.643 246.214 933.131 155.873 601.873 659.142 81.866 94.947 646.749 974.708 601.957 225.186 27.391 954.221 339.658 63.205 818.946 782.701 676.845 245.104 976.107 745.695 249.395 91.976 473.413 845.957 159.658 483.753 939.666 322.747 121.883 901.154 379.554 828.332 301.262 120.625 275.065 727.748 286.214 656.913 565.136 299.667 944.722 804.396 613.092 766.935 346.329 473.851 677.705 181.354 129.597 181.712 80.734 281.365 362.611 825.842 186.804 614.034 407.653 819.692 808.365 553.373 975.922 678.783 476.031 60.49 754.349 766.414 940.563 482.03 994.227 758.892 162.344 954.059 640.153 720.013 695.49 434.003 292.887 322.537 757.46 482.054 334.79 153.207 640.612 775.049 449.297 409.352 642.984 997.181 597.223 194.851 811.617 47.663 265.375 807.711 982.768 164.878 254.52 265.884 868.797 115.38 652.995 778.284 60.197 45.223 376.193 939.727 923.306 251.559 322.583 195.792 248.552 507.54 841.001 644.237 318.601 664.984 93.18 654.017 125.831 802.985 298.239 10.183 572.202 356.032 585.672 868.161 463.701 984.016 129.527 396.055 609.959 915.07 566.804 400.192 451.146 125.405 605.692 522.537 354.438 311.382 850.232 918.664 609.692 772.704 173.869 967.634 586.157 230.715 544.473 78.713 437.328 914.123 504.576 146.992 561.508 192.168 899.57
555.366 73.795 824.263 817.46 512.114 610.513 289.581 341.229 546.126 921.408 361.958 422.014 648.046 421.415 1000000000.0 862.282 655.709 369.864 263.211 920.378 433.669 921.222 40.547 465.098 690.933 321.249 233.381 532.807 182.79 869.413 778.609 582.3 997.101 441.785 801.592 471.053 152.694 834.473 9.077 124.51 915.254 590.621 628.555 162.33 886.897 433.568 339.185 932.53 208.348 271.02 220.039 94.559 214.27 558.039 984.238 474.493 150.607 423.506 715.489 662.459 565.357 357.424 349.244 774.701 84.966 533.492 534.048 616.014 905.444 661.841 676.851 571.911 763.985 411.251 454.357 896.314 954.906 164.968 62.758 617.384 116.889 278.734 309.647 956.529 878.854 755.986 236.066 441.932 706.879 765.337 20.17 504.72 745.351 941.081 106.673 225.469 874.523 390.995 873.443 526.147 247.47 26.759 620.356 679.614 667.188 824.755 998.803 460.773 303.031 812.682 386.223 322.932 917.347 619.147 965.395 439.16 674.976 396.489 938.663 201.854 493.22 581.204 258.125 292.982 529.227 254.845 332.371 958.697 987.703 650.885 767.884 331.308 297.688 207.887 413.18 651.817 536.324 785.191 725.617 723.43 476.991 983.309 155.428 142.435 551.256 768.922 461.102 829.145 277.459 138.24 769.83 312.805 344.813 589.902 706.982 197.697 362.571 619.643 165.768 369.843 41.739 219.444 229.447 631.844 146.41 308.152 776.382 217.693 486.74 729.951 519.371 515.687 281.146 931.011 843.053 64.434 77.697 73.093 31.645 694.709 229.15 956.113 559.129 69.091 422.275 226.801 467.448 368.487 184.246 469.024 597.615 243.486 44.059 820.542 407.027 422.519 785.335 333.124 712.569 210.873
748.998 574.881 232.662 569.968 327.51 735.054 914.037 661.253 957.814 963.564 108.632 203.963 406.04 495.802 862.282 1000000000.0 949.453 51.277 410.122 742.239 165.355 611.768 48.935 906.409 35.008 921.668 936.974 524.374 745.353 222.337 198.967 694.076 443.208 41.96 992.271 201.587 710.309 86.98 670.725 281.34 485.352 790.173 238.961 515.234 310.434 623.719 623.24 494.246 795.561 639.03 606.072 358.697 412.008 555.642 498.578 50.279 395.6 199.48 688.961 953.639 165.158 336.263 765.625 329.599 306.702 915.583 173.445 287.217 227.483 660.636 106.987 930.975 400.286 164.864 630.588 894.305 831.753 516.216 33.081 84.137 704.107 830.767 671.994 500.279 647.581 801.03 402.705 905.648 101.309 347.584 551.527 37.523 486.614 779.96 731.76 431.943 497.007 693.609 609.489 730.768 760.274 972.657 78.441 751.476 355.467 971.471 102.004 499.401 958.021 82.06 295.908 135.585 385.371 758.02 582.036 920.494 638.757 246.754 694.89 569.579 279.018 901.273 334.261 52.75 171.23 421.504 251.552 580.154 442.016 613.847 711.723 246.175 169.784 785.949 632.815 865.193 810.186 18.993 446.422 237.516 903.442 414.54 514.079 614.312 717.862 903.326 671.821 551.568 363.695 698.074 802.024 392.203 837.474 377.73 785.802 686.856 683.155 908.334 99.613 885.352 699.953 791.431 175.656 441.694 779.805 195.59 264.078 119.504 253.314 319.899 803.446 272.237 552.154 890.027 406.064 729.947 471.27 237.456 262.579 473.488 331.005 782.69 629.801 669.66 175.582 383.183 317.977 247.857 393.586 200.112 421.773 666.255 236.798 929.53 668.059 747.317 533.161 453.555 702.4 287.604
386.323 501.066 390.156 980.87 669.775 924.06 915.298 824.363 497.76 718.537 856.536 426.0 257.044 491.437 655.709 949.453 1000000000.0 72.556 908.93 252.292 23.131 659.082 285.467 106.743 64.371 875.159 173.888 99.386 238.742 100.165 159.62 334.143 195.914 611.6 618.615 998.638 214.135 968.126 556.505 959.287 45.249 430.969 858.549 797.816 56.822 94.725 683.189 773.339 76.28 573.063 249.179 500.891 332.69 490.941 769.893 274.61 536.501 91.153 570.995 106.38 364.753 883.414 438.38 303.521 617.775 666.389 69.532 904.399 690.112 482.852 710.922 459.402 774.368 168.664 218.369 325.028 810.998 321.952 560.032 468.616 849.713 622.986 369.551 582.162 249.063 282.471 239.205 50.823 386.452 574.515 815.315 295.603 358.842 63.48 146.78 198.855 95.354 313.299 332.018 884.604 465.262 827.473 443.498 204.658 869.834 826.809 904.544 156.41 555.702 300.953 795.226 196.629 919.833 849.237 74.232 579.114 602.017 745.099 241.725 227.662 252.116 902.794 439.693 112.794 292.645 152.583 157.343 545.357 106.489 450.724 412.623 86.551 818.789 12.566 76.563 532.542 753.08 919.2 822.116 306.168 892.152 74.963 329.265 515.196 785.282 263.981 169.532 78.424 934.128 93.646 741.091 880.302 597.084 942.934 162.628 182.646 781.685 354.356 125.911 89.321 292.836 738.179 332.782 917.809 238.235 677.224 797.933 558.246 874.213 52.24 4.054 24.505 296.486 640.981 131.67 964.721 682.444 565.759 144.958 623.7 296.182 883.612 181.099 666.278 581.277 607.538 236.583 616.991 379.735 966.018 426.448 90.008 916.063 771.185 604.502 922.29 994.131 338.17 795.294 577.283
789.741 512.952 261.672 843.19 849.875 754.932 555.793 496.845 622.034 164.945 216.252 936.136 262.927 905.135 369.864 51.277 72.556 1000000000.0 759.053 917.435 602.579 970.611 661.06 368.821 901.28 354.503 472.052 754.308 326.524 197.244 959.661 667.909 827.002 228.11 596.036 8.264 536.242 261.191 164.664 652.917 789.033 552.705 174.112 714.385 291.109 360.18 344.742 480.59 627.618 312.609 907.074 477.559 699.599 46.287 290.823 189.792 469.709 487.119 24.77 14.778 307.805 953.909 882.369 707.522 843.623 989.468 523.62 774.938 330.799 77.079 497.494 450.024 745.749 291.565 433.878 593.582 762.051 996.875 838.266 207.555 746.996 120.238 587.507 663.161 905.776 123.543 754.6 470.692 650.623 604.971 739.408 947.485 999.473 11.638 594.911 143.842 399.489 326.508 774.806 155.732 633.749 656.174 755.241 25.755 618.27 400.535 921.808 717.155 513.441 488.263 360.438 364.17 737.885 104.163 966.123 646.846 845.819 70.084 537.757 551.047 209.821 439.97 407.606 210.696 49.053 547.68 787.615 902.103 634.042 136.083 900.503 483.788 779.09 651.577 552.225 591.473 197.641 390.968 712.831 737.321 396.564 636.088 63.037 49.544 304.434 560.058 952.702 804.638 433.95 298.504 703.576 324.341 646.627 858.543 185.261 921.101 616.962 791.235 197.564 93.268 972.745 351.097 689.375 217.486 356.037 43.935 80.023 293.326 58.126 520.447 314.457 138.99 581.077 994.875 611.994 719.876 466.37 777.595 418.367 87.614 582.734 986.176 888.083 508.547 431.383 717.328 657.326 795.135 876.009 370.863 111.364 799.459 504.967 187.876 166.148 993.205 124.067 199.952 868.161 506.225
308.474 755.048 684.295 332.527 209.171 162.124 920.254 257.989 922.435 743.851 700.488 719.913 632.833 883.393 263.211 410.122 908.93 759.053 1000000000.0 344.218 440.236 446.109 899.285 512.319 907.951 850.358 919.252 388.748 82.617 437.692 439.735 461.203 44.885 802.782 902.73 280.452 988.406 326.123 501.909 679.331 582.105 234.211 752.101 324.119 693.013 566.362 735.765 450.057 638.202 685.575 511.898 944.822 426.278 814.681 429.162 741.595 328.771 758.127 773.536 668.295 29.769 278.314 282.832 955.679 974.519 618.039 188.086 905.491 782.563 753.582 458.545 213.198 272.027 79.511 678.568 123.385 306.705 474.498 78.007 821.24 927.104 483.363 948.346 378.69 171.949 86.559 844.819 32.475 297.661 57.408 769.434 979.774 629.254 129.511 853.759 785.531 217.801 996.814 410.057 828.388 590.877 506.851 312.719 699.948 335.913 102.181 431.438 410.644 553.046 735.279 182.715 888.496 727.005 248.102 725.801 800.857 935.418 622.708 524.976 234.664 658.171 648.572 432.046 916.021 286.421 800.945 537.445 286.052 770.416 258.613 979.113 516.664 327.579 448.193 17.818 632.885 515.1 671.387 891.745 563.886 237.843 949.684 703.092 754.465 132.45 408.956 310.317 829.498 55.754 113.49 865.234 462.448 890.71 517.737 649.156 363.266 919.021 71.123 706.478 949.964 467.568 335.451 870.551 424.225 270.772 425.838 599.521 772.975 829.313 994.444 623.317 856.757 813.444 732.718 729.132 172.937 602.123 825.429 731.739 510.199 302.093 852.093 360.575 73.728 553.845 408.664 500.065 225.623 383.53 957.927 462.452 991.429 456.04 377.294 44.621 112.24 124.786 747.484 581.156 19.0
643.538 851.171 152.059 363.301 984.817 748.127 989.72 57.365 735.556 312.36 503.751 461.616 876.568 283.676 920.378 742.239 252.292 917.435 344.218 1000000000.0 443.922 552.173 670.894 413.352 130.565 906.493 581.446 804.005 978.739 281.037 717.118 123.325 718.287 275.944 242.123 895.259 666.221 518.16 578.865 242.668 467.491 902.308 504.301 505.711 906.74 798.143 200.024 353.642 370.199 465.613 413.182 204.761 462.836 78.208 333.281 729.281 626.061 447.229 452.346 193.685 166.037 53.851 448.957 135.898 456.661 183.96 253.077 80.547 126.432 907.808 810.304 206.439 575.632 811.649 90.309 329.997 252.302 987.656 176.378 434.746 657.301 297.352 852.645 196.024 498.377 863.372 163.524 62.047 926.69 228.142 331.716 52.47 443.4 741.019 862.929 535.324 349.915 264.908 324.411 558.808 278.796 108.925 588.744 463.197 978.012 812.84 241.563 101.128 686.742 331.263 993.24 749.032 216.991 934.522 691.337 322.05 489.217 461.554 458.645 981.292 223.522 529.374 374.948 424.166 229.648 366.445 468.435 305.679 689.414 164.793 253.118 743.094 573.401 740.19 578.259 534.276 321.485 257.735 656.225 413.411 841.617 198.168 842.109 27.896 277.551 964.678 108.737 369.958 27.813 833.792 620.003 347.786 638.536 660.911 959.906 123.696 236.813 885.068 177.343 556.376 457.736 356.399 582.037 679.974 721.666 54.446 1.558 273.083 9.379 750.218 505.081 616.299 868.657 435.135 141.025 738.231 886.098 100.575 69.992 497.076 888.337 783.337 396.469 172.061 514.891 296.438 812.822 616.726 44.456 797.847 871.365 580.822 658.851 332.025 56.471 550.981 299.365 429.308 954.752 110.084
314.212 248.726 651.659 498.18 420.132 928.68 83.251 65.599 785.71 200.198 472.538 688.216 782.724 950.348 433.669 165.355 23.131 602.579 440.236 443.922 1000000000.0 860.258 572.31 691.017 368.224 783.505 619.164 327.238 605.783 14.621 775.861 771.555 480.755 35.955 871.559 114.677 936.57 729.159 539.104 185.539 33.809 65.495 438.657 442.422 917.574 751.32 273.996 634.249 228.409 888.225 887.647 579.952 582.055 101.366 727.629 494.138 92.138 639.993 74.142 354.643 356.842 174.949 836.703 807.549 557.186 404.088 339.853 654.486 826.377 758.288 554.256 15.952 49.879 227.576 976.903 769.419 84.471 219.723 201.178 688.647 755.206 823.21 947.991 427.047 200.758 411.16 715.049 731.178 83.552 944.393 866.739 250.174 558.396 730.696 198.575 225.306 778.873 400.879 975.376 219.579 915.288 458.725 516.508 679.06 972.3 485.673 960.563 231.845 933.875 576.733 764.571 891.475 883.666 543.871 888.467 891.886 463.194 869.455 611.276 62.879 91.952 193.926 608.36 10.853 141.202 271.215 62.055 156.012 798.542 563.956 266.181 517.576 188.911 916.82 140.612 290.525 898.612 103.362 682.801 36.224 287.264 686.398 970.494 788.4 527.482 193.042 130.538 283.789 203.866 856.143 130.642 752.099 243.739 782.169 824.14 283.908 883.127 369.334 780.373 815.627 77.606 460.061 144.872 964.838 915.416 977.939 27.119 372.267 359.083 352.056 68.205 304.049 277.776 85.967 727.019 675.642 283.232 100.36 192.361 547.22 339.143 44.631 171.888 411.061 434.279 944.136 968.315 747.842 975.241 561.568 919.231 793.464 799.945 400.847 934.136 811.134 164.992 73.932 275.502 798.398
374.237 43.764 532.897 568.452 262.673 516.806 799.863 513.36 118.023 724.217 127.827 338.971 362.915 353.147 921.222 611.768 659.082 970.611 446.109 552.173 860.258 1000000000.0 79.801 534.56 27.822 725.063 847.143 163.478 541.565 156.159 195.315 414.086 546.952 991.298 555.555 755.874 811.854 901.901 738.751 224.356 476.855 477.379 632.159 303.049 547.835 162.423 465.365 934.279 862.411 12.366 403.069 569.717 190.729 685.047 942.783 546.407 894.376 509.421 591.617 178.692 679.845 802.97 410.721 783.768 963.587 186.757 757.11 29.954 860.713 303.431 763.021 224.177 561.592 366.179 397.017 255.036 25.605 508.021 812.555 288.553 817.744 601.132 976.385 854.294 973.414 801.79 177.678 498.358 996.228 502.006 71.642 416.263 304.926 893.236 275.158 297.101 634.665 553.739 520.137 190.872 99.807 741.438 356.789 323.514 162.8 975.256 772.793 326.037 204.389 141.264 394.409 735.505 712.924 300.943 528.317 216.36 240.356 748.509 218.153 742.506 998.832 775.922 187.634 235.954 74.733 945.677 892.052 347.501 468.09 516.638 305.218 71.915 285.858 478.837 681.149 488.551 852.998 786.43 735.323 576.308 811.739 103.099 116.367 204.546 375.495 447.54 755.453 435.5 642.763 147.547 56.164 45.579 963.631 629.424 819.175 529.462 555.554 638.145 294.631 191.913 508.993 765.195 821.088 831.697 428.106 190.126 405.991 776.194 968.59 749.457 840.724 714.564 160.448 96.467 934.688 567.688 751.073 181.771 522.448 182.249 36.4 528.039 507.496 32.38 908.964 588.939 391.878 319.592 756.937 268.227 793.821 638.697 76.85 711.143 670.96 161.351 739.646 183.916 452.425 986.774
997.912 891.522 258.513 761.773 996.114 101.907 896.405 388.191 344.927 778.68 62.096 737.593 335.079 210.658 40.547 48.935 285.467 661.06 899.285 670.894 572.31 79.801 1000000000.0 549.155 910.083 971.666 858.511 882.079 612.883 848.613 250.107 174.192 352.303 937.486 718.54 503.259 978.962 211.967 365.508 83.552 823.178 443.604 638.628 385.281 642.336 402.999 365.25 799.011 561.877 248.34 978.171 214.022 331.439 705.868 515.18 948.011 963.214 679.354 130.485 931.443 404.439 789.14 70.627 106.852 840.012 158.031 553.511 318.919 737.025 676.413 170.354 65.455 279.579 62.851 298.334 495.255 876.123 228.386 803.709 171.674 797.06 157.478 114.905 252.848 875.394 923.65 751.008 45.249 542.049 482.844 602.372 299.374 56.284 433.297 836.781 998.23 911.509 251.967 329.555 962.231 349.946 812.158 108.125 720.211 153.507 518.383 506.782 420.38 630.052 908.151 739.772 81.042 659.076 95.82 935.265 40.393 981.25 719.561 751.195 833.45 907.295 749.508 54.721 351.963 310.523 667.157 446.063 904.553 471.37 381.484 133.97 478.227 108.719 557.079 220.194 326.281 275.051 977.865 262.212 359.673 747.256 390.338 980.096 54.637 861.51 790.025 474.331 996.008 261.753 334.644 258.795 481.177 888.808 88.589 827.633 61.186 745.229 575.414 512.738 345.552 5.974 417.947 42.726 873.982 270.014 691.254 336.514 974.914 33.816 315.228 881.998 998.766 322.216 272.002 721.887 167.097 565.857 281.509 378.685 828.469 973.975 145.703 646.751 999.307 861.188 545.625 650.761 402.736 359.705 289.744 249.523 137.488 896.363 344.201 787.677 607.847 512.956 524.183 95.875 658.27
390.317 911.972 616.319 32.859 295.619 499.505 615.083 386.057 416.887 589.316 131.187 971.613 588.499 867.289 465.098 906.409 106.743 368.821 512.319 413.352 691.017 534.56 549.155 1000000000.0 823.975 720.355 464.324 551.838 493.022 797.297 495.175 952.149 500.037 65.317 326.95 633.596 949.11 505.476 47.754 702.964 61.258 11.531 885.866 116.689 939.433 133.578 882.339 310.186 586.157 858.258 63.728 773.979 328.489 582.506 120.642 796.941 412.191 742.593 831.829 439.665 41.897 665.672 452.206 358.207 605.584 285.987 447.698 419.519 422.198 986.976 951.301 894.088 253.865 587.148 220.306 840.994 201.294 365.043 986.684 411.868 661.269 358.983 697.683 584.649 734.613 460.902 89.785 799.074 728.415 310.175 413.148 890.125 804.447 146.766 483.151 415.99 111.275 349.146 713.225 595.517 482.145 122.619 968.209 626.502 213.698 871.265 134.396 614.341 321.675 810.68 794.018 928.04 248.087 219.369 514.525 440.363 280.718 687.296 814.602 231.493 19.562 877.018 7.865 816.159 616.767 309.638 574.535 379.582 411.993 76.523 384.052 79.82 255.757 2.108 204.362 255.813 623.743 263.391 213.727 897.097 181.609 41.004 493.375 132.673 357.276 750.366 942.97 156.866 455.642 682.877 489.321 649.035 37.916 16.379 238.555 875.441 735.324 353.658 466.945 564.438 962.54 43.316 214.745 783.045 964.746 142.179 309.397 299.512 519.9 25.594 793.57 523.34 262.723 923.967 910.058 901.341 308.466 473.863 266.204 701.563 259.186 766.891 543.956 938.381 541.393 582.485 541.365 574.685 917.065 155.521 307.276 520.492 279.512 127.479 740.789 912.139 332.026 541.321 345.433 911.558
964.914 323.541 718.998 12.312 522.874 565.177 544.199 315.725 891.154 371.612 486.723 308.229 632.105 251.892 690.933 35.008 64.371 901.28 907.951 130.565 368.224 27.822 910.083 823.975 1000000000.0 774.673 610.586 874.244 196.99 90.977 875.551 489.599 509.052 770.327 420.498 182.145 926.259 943.115 548.443 479.414 192.922 778.842 464.191 542.414 809.699 727.597 777.624 182.6 953.601 255.754 325.278 702.752 596.134 13.048 204.413 757.991 279.185 535.189 313.732 501.906 133.998 640.112 968.214 929.546 821.394 833.125 871.397 621.858 463.79 96.97 249.567 631.972 98.286 848.544 104.648 336.092 721.953 376.775 577.815 821.16 924.046 821.624 388.511 275.13 634.126 105.443 646.866 77.044 478.305 944.896 550.669 444.679 282.623 600.701 887.499 74.808 833.571 228.474 922.965 346.917 208.931 133.682 349.621 714.731 319.293 811.457 511.06 823.392 960.067 370.425 623.566 489.81 584.904 620.651 973.247 404.789 338.925 804.592 948.56 90.883 733.16 187.427 171.261 469.28 436.644 743.682 348.857 127.054 249.659 256.869 518.08 213.637 67.201 427.473 829.094 553.451 325.288 935.504 917.367 852.331 29.902 798.292 916.269 98.16 28.654 767.473 219.352 337.911 811.15 810.348 35.421 518.986 13.642 727.927 501.64 717.467 979.467 985.185 582.501 876.678 638.848 721.942 636.661 60.707 374.001 563.315 758.142 656.604 845.725 966.331 919.078 143.67 619.857 226.102 281.614 482.265 248.349 530.676 832.966 466.734 770.385 940.654 928.95 395.327 540.803 743.182 443.672 743.303 384.777 880.89 781.224 93.961 362.579 186.037 165.811 3.292 828.03 947.887 21.561 850.243
