200
1000000000.0 846.834 462.476 803.613 453.633 168.538 370.042 981.846 112.296 788.583 67.177 325.181 576.681 686.928 961.561 190.387 859.321 48.268 866.384 741.598 823.943 304.786 550.875 871.522 485.367 703.39 822.398 119.753 410.621 152.21 380.636 665.441 738.417 139.246 888.118 928.235 748.891 936.659 915.112 343.437 857.321 267.774 958.721 120.477 510.701 437.309 900.453 79.357 814.69 915.091 210.858 708.344 60.03 718.238 780.152 789.394 734.194 19.899 732.22 963.399 6.656 546.325 287.186 210.182 721.307 94.226 464.231 34.797 598.765 461.079 544.461 940.986 179.523 593.609 919.307 144.014 312.841 518.339 914.24 332.994 987.943 107.848 807.513 473.411 347.888 472.818 902.649 334.227 763.282 814.334 545.741 606.04 74.912 232.819 626.246 644.846 825.202 126.6 13.562 765.598 464.459 388.745 666.31 743.829 761.141 720.672 807.965 245.06 970.374 10.692 315.025 469.177 328.87 983.609 220.113 886.053 453.646 958.57 238.17 209.241 707.448 191.825 219.073 536.925 156.754 99.395 942.993 212.608 277.306 730.179 562.616 704.25 364.033 626.04 819.438 404.531 931.046 435.898 587.83 210.709 122.712 399.057 794.555 663.134 243.003 575.163 258.187 902.581 574.842 722.834 851.234 938.211 420.813 746.925 860.867 653.367 953.591 855.038 664.518 273.243 343.386 52.646 504.678 27.68 472.156 764.479 536.134 818.4 688.509 124.339 601.451 553.041 61.801 319.634 526.673 9.21 137.221 56.63 450.172 567.853 696.504 903.563 134.521 279.954 625.971 143.576 749.644 659.197 403.056 561.109 510.695 8.543 467.992 862.83 341.593 394.835 883.84 322.615 261.325 459.732
846.834 1000000000.0 433.118 81.783 751.525 97.756 613.284 64.952 135.965 1.054 127.501 536.359 393.881 175.451 133.895 107.747 471.924 791.327 230.033 171.67 95.097 216.747 160.137 760.478 396.161 804.75 187.63 933.675 794.501 643.759 575.877 868.908 297.156 68.725 927.789 225.139 707.222 404.238 2.012 978.525 379.547 101.674 825.356 443.865 114.946 488.566 358.085 111.536 901.067 307.983 666.539 718.097 657.072 542.457 876.277 917.466 107.323 296.769 363.634 475.65 490.284 760.964 331.208 653.455 378.278 240.046 61.229 799.645 843.708 61.873 546.988 871.929 554.906 509.536 80.633 663.436 255.404 404.044 709.063 370.881 871.77 962.165 133.839 704.539 137.517 742.425 561.07 462.64 255.221 180.989 939.549 293.937 893.348 445.413 132.388 116.637 4.757 762.049 821.073 211.296 497.058 28.168 628.26 648.683 5.08 841.509 937.927 898.649 717.589 822.251 189.069 276.688 221.365 851.305 88.855 527.821 772.671 243.352 865.398 744.186 343.274 629.573 37.441 516.854 851.883 436.824 433.007 270.004 430.156 553.073 211.352 991.385 752.047 25.062 950.382 538.633 890.196 528.549 610.246 782.921 888.559 165.484 707.3 574.888 217.475 404.668 825.207 962.619 35.286 856.903 834.167 317.479 162.971 76.717 865.154 649.212 308.228 33.818 491.38 795.185 123.702 180.617 92.88 239.479 691.028 753.736 732.525 984.219 477.162 769.0 98.662 520.342 663.529 592.662 779.725 541.613 180.155 62.04 169.498 949.411 517.723 877.461 332.149 956.49 159.293 158.021 391.269 219.903 482.591 239.55 913.479 455.252 529.903 961.043 809.282 110.315 898.35 283.471 792.609 830.296
462.476 433.118 1000000000.0 765.167 630.389 676.579 13.424 226.891 161.751 671.567 425.352 482.358 433.265 100.081 940.722 376.201 70.239 16.41 101.293 482.127 738.238 365.704 840.95 528.355 397.414 753.179 674.724 337.081 790.123 550.9 515.336 853.604 806.917 43.836 343.964 21.102 140.069 617.794 467.184 907.044 209.431 288.025 731.863 722.356 721.938 923.505 244.766 410.164 528.462 518.135 952.996 38.467 30.871 386.141 752.496 301.127 234.856 625.702 152.82 415.421 600.208 482.17 929.578 127.728 62.782 406.127 227.113 919.926 675.072 137.626 5.289 267.48 353.258 74.808 486.547 649.751 301.709 482.381 288.759 557.813 72.669 636.869 710.511 139.24 906.443 181.35 675.748 299.327 263.537 470.144 849.342 178.153 97.931 997.937 631.918 579.25 911.563 338.717 479.816 579.344 354.715 733.022 820.625 836.791 604.225 434.445 141.645 165.413 903.539 901.962 524.272 344.437 286.848 319.342 392.162 398.47 434.724 641.283 729.751 881.257 80.169 195.962 659.036 990.775 501.992 557.525 695.918 405.373 409.335 284.504 862.713 852.403 523.61 475.515 358.755 812.325 196.231 193.627 351.508 105.366 532.57 607.333 352.664 217.133 293.636 313.265 17.769 330.132 574.145 853.828 251.576 807.521 236.897 604.342 685.413 546.819 396.447 81.489 670.469 40.771 961.38 487.951 788.577 82.518 782.114 554.285 475.166 518.121 712.361 48.638 833.154 4.321 245.695 943.398 440.079 585.689 143.411 626.27 298.24 386.322 983.512 701.72 123.445 100.393 796.875 234.782 6.62 372.404 776.966 738.666 401.498 439.639 344.463 86.239 728.394 653.584 903.005 173.834 173.072 296.78
803.613 81.783 765.167 1000000000.0 146.843 255.183 700.184 953.864 515.383 706.238 630.353 185.913 310.587 413.804 600.274 687.905 9.201 890.418 337.222 21.332 808.621 430.062 850.878 347.247 527.044 519.495 728.065 130.963 184.046 58.986 437.346 450.945 856.863 980.487 79.685 809.742 413.684 936.127 760.415 33.767 678.918 110.705 39.91 748.312 670.927 182.954 824.687 914.568 795.654 876.139 193.607 562.773 495.942 315.612 464.922 268.751 230.792 23.168 890.096 968.002 838.761 332.659 903.403 172.141 847.947 166.588 706.159 537.638 130.01 629.482 927.779 315.741 929.811 110.864 401.305 615.471 435.165 481.534 43.159 710.312 775.341 858.366 727.925 178.582 814.946 241.796 254.583 23.27 310.183 867.726 714.013 936.954 979.153 359.426 787.336 50.325 193.794 271.37 579.972 933.506 356.417 588.334 928.634 461.98 243.032 805.547 819.757 891.917 728.702 212.849 833.883 524.713 597.499 120.256 604.714 380.685 308.554 342.192 859.541 973.007 545.776 685.085 76.038 36.585 250.905 41.585 788.991 83.683 705.065 262.826 119.251 665.94 413.914 740.62 260.0 275.076 796.546 372.7 921.202 341.762 10.238 839.847 681.113 986.3 797.196 552.619 995.39 532.504 177.485 799.701 613.061 11.996 453.421 85.914 369.544 581.01 532.847 851.84 857.412 329.374 491.926 394.496 838.348 859.718 214.364 164.871 56.737 417.326 526.906 280.017 949.937 934.377 276.11 463.878 691.239 250.48 445.645 684.302 614.224 423.41 112.806 366.284 97.15 970.312 149.149 91.97 63.385 409.187 107.474 13.637 263.214 515.978 606.873 4.062 838.732 967.776 520.149 491.271 445.036 750.392
453.633 751.525 630.389 146.843 1000000000.0 7.252 261.447 106.868 429.692 954.47 126.555 697.849 488.858 445.0 14.653 656.305 721.585 210.407 911.627 369.845 474.124 537.927 765.423 496.536 869.572 712.217 514.298 117.053 476.321 102.233 940.838 470.931 657.674 880.063 379.652 348.996 327.851 971.754 342.473 878.666 650.721 516.588 688.367 151.251 783.685 698.575 365.632 449.561 286.209 278.352 25.997 242.454 168.643 381.796 497.002 321.062 718.861 296.566 350.6 212.519 650.674 905.193 169.395 317.634 928.375 122.341 689.908 141.015 18.542 224.173 855.585 936.952 403.814 751.884 965.302 706.964 735.789 742.156 311.64 865.36 55.506 110.532 644.296 771.189 239.928 333.874 173.267 696.309 832.12 119.175 234.642 876.159 198.639 142.384 484.354 442.897 948.119 72.997 900.106 418.314 531.919 225.336 134.225 23.635 689.58 247.998 4.186 939.175 73.586 531.923 64.106 888.888 913.813 577.427 725.579 114.333 276.313 305.89 209.325 521.684 422.069 725.791 266.442 857.528 290.141 924.124 318.912 365.371 298.151 794.164 2.71 495.619 111.22 24.645 886.16 627.17 939.786 830.791 986.514 513.193 779.701 114.245 344.506 438.159 180.015 184.865 574.854 604.984 715.844 490.049 202.94 971.588 694.513 3.352 95.899 442.089 30.042 331.549 605.044 613.911 781.974 356.375 422.594 832.411 443.39 192.881 479.391 277.405 498.989 237.344 174.326 77.632 703.719 134.503 849.848 349.003 839.538 406.298 802.303 211.557 688.571 605.027 867.976 27.813 254.343 174.926 756.627 436.681 696.01 270.261 157.126 535.057 73.471 372.159 747.85 791.275 971.933 87.986 217.167 926.236
168.538 97.756 676.579 255.183 7.252 1000000000.0 849.24 615.925 892.959 369.168 514.571 386.608 106.632 245.638 307.914 468.004 859.104 107.962 393.459 438.326 209.994 320.495 875.288 859.459 584.741 314.147 377.774 125.242 558.041 188.213 338.131 483.601 403.258 667.861 487.971 749.318 954.161 47.509 347.504 56.746 54.367 657.84 504.62 145.356 8.63 542.432 960.756 432.165 76.463 127.983 903.791 99.399 596.057 31.091 478.057 709.028 107.631 553.289 618.219 217.715 93.697 761.239 875.977 35.844 239.949 12.502 576.716 285.679 477.716 490.519 594.116 796.862 909.752 790.755 39.874 940.017 949.167 354.302 721.005 324.646 180.762 33.772 910.981 958.79 324.697 620.245 542.049 297.429 499.576 423.018 787.293 846.399 569.572 949.076 902.592 523.553 899.971 640.015 886.926 280.943 414.24 471.068 953.188 580.745 894.575 306.312 252.489 202.584 315.777 424.63 278.989 596.9 461.47 691.0 606.82 989.074 591.067 570.778 838.107 227.743 227.002 3.146 213.215 750.729 300.585 221.381 136.109 238.146 652.652 535.002 654.414 459.443 216.413 259.39 565.757 321.124 703.35 497.602 208.311 979.953 958.746 734.342 706.631 266.747 671.259 382.625 324.603 678.346 320.809 937.713 722.575 509.946 842.691 499.42 205.852 534.878 936.271 10.678 477.097 25.605 647.222 709.283 390.652 966.155 322.832 250.504 697.957 424.5 971.332 56.146 423.267 875.216 842.961 515.161 790.111 72.858 842.006 846.2 231.6 629.437 128.594 891.616 758.681 281.928 56.085 179.244 653.549 399.073 200.189 412.859 799.984 867.455 726.246 568.777 6.763 98.733 599.692 449.173 495.823 401.856
370.042 613.284 13.424 700.184 261.447 849.24 1000000000.0 887.191 190.774 695.768 569.134 512.468 10.073 779.059 503.257 994.27 641.099 881.544 417.612 377.653 944.341 834.662 568.951 431.831 118.087 909.838 25.807 436.317 324.36 439.938 982.925 178.947 273.997 630.924 375.788 127.391 320.513 793.063 788.574 866.908 668.462 331.686 41.308 252.075 364.556 648.814 622.316 147.096 440.117 542.283 112.668 816.806 724.861 822.736 272.947 437.775 991.772 511.883 424.274 133.011 719.899 383.13 308.441 111.495 490.085 326.673 70.591 626.984 190.328 345.731 140.243 395.817 973.973 856.811 149.004 424.847 270.762 194.716 479.371 442.004 356.636 802.539 283.44 187.206 29.837 908.019 979.706 145.857 998.213 200.121 1.29 697.173 722.992 286.565 9.992 376.319 778.954 676.896 644.494 491.964 871.306 417.52 434.321 483.109 537.013 464.449 537.8 702.055 528.381 296.143 462.985 426.663 283.591 581.76 539.86 165.269 983.703 795.447 263.592 421.499 961.496 975.91 639.845 567.99 139.874 796.275 278.176 843.915 504.5 521.181 269.595 755.044 958.532 863.342 102.549 813.327 809.688 113.035 590.624 793.912 891.246 11.874 678.903 888.482 662.386 382.895 550.839 909.376 608.899 199.853 162.799 658.911 742.34 95.39 486.077 90.387 981.974 701.248 432.799 190.393 439.663 547.364 704.945 697.185 200.814 772.544 189.246 679.56 482.186 572.56 872.767 713.557 190.453 747.019 480.532 978.538 392.066 397.896 9.182 570.064 240.984 79.689 431.898 670.785 656.348 247.254 339.494 710.544 582.244 728.579 206.241 898.92 59.275 21.828 858.099 514.661 388.657 655.972 593.052 349.466
981.846 64.952 226.891 953.864 106.868 615.925 887.191 1000000000.0 867.071 642.503 681.776 719.043 936.421 950.687 95.686 136.148 309.288 29.519 306.272 971.908 173.826 597.831 437.844 32.639 645.234 573.287 340.885 337.389 916.561 105.294 831.951 565.643 839.885 595.619 136.824 838.814 508.93 948.635 453.991 207.674 172.401 167.411 480.688 207.361 70.615 815.388 88.369 750.136 584.022 49.866 906.865 95.032 314.499 28.537 449.177 434.626 943.325 589.613 674.68 66.861 702.151 620.284 774.196 455.601 728.24 481.803 411.478 343.994 845.616 291.477 944.923 280.582 778.302 2.985 255.767 840.034 924.684 863.949 719.959 955.422 390.468 361.047 144.26 399.334 591.046 646.517 697.468 838.389 473.344 75.738 721.57 602.871 724.33 750.447 964.373 183.456 512.078 268.533 907.398 36.368 416.94 666.881 177.073 25.362 759.928 186.029 420.105 140.566 71.783 550.246 179.095 877.01 549.189 237.684 667.317 832.292 511.379 825.651 37.636 51.244 266.566 76.773 450.057 122.537 799.791 840.811 294.289 740.242 820.528 37.521 316.967 527.562 179.289 989.244 914.768 582.981 837.455 690.383 230.572 22.298 778.535 975.159 830.022 223.963 158.161 950.137 799.173 265.797 21.237 344.524 11.918 42.622 258.268 156.312 462.838 313.969 875.872 795.237 996.3 909.484 492.326 73.416 869.649 916.436 456.975 597.508 143.316 977.616 439.182 928.688 189.87 548.679 730.512 693.653 832.824 249.471 28.555 152.733 648.607 491.768 635.823 233.374 49.114 838.958 700.983 673.16 788.22 806.003 403.358 276.624 576.64 419.732 552.021 995.394 391.606 541.716 31.462 338.646 328.977 67.866
112.296 135.965 161.751 515.383 429.692 892.959 190.774 867.071 1000000000.0 42.166 723.927 414.176 493.205 593.081 311.284 473.096 257.222 491.657 347.119 392.792 323.278 31.767 319.255 990.506 619.902 393.651 404.07 155.473 107.265 383.154 809.663 218.524 178.447 518.88 997.772 697.851 937.276 932.922 584.486 75.644 503.553 340.72 581.828 89.038 55.234 316.151 558.93 290.156 146.111 338.147 344.198 40.12 282.763 683.719 247.76 232.132 423.111 162.315 398.036 332.874 3.978 299.781 939.578 4.729 648.532 464.764 971.73 251.879 890.173 742.64 257.748 528.269 326.073 461.228 965.168 30.671 525.897 920.561 722.217 47.952 81.148 530.864 52.32 377.043 547.129 767.259 112.763 523.098 526.494 375.647 804.203 520.12 371.475 448.008 557.061 67.996 288.885 830.221 461.573 994.75 207.047 920.694 261.427 472.513 800.0 443.777 82.767 972.1 32.935 390.664 244.851 645.196 545.669 168.344 20.598 692.796 544.42 38.213 891.959 916.348 184.492 165.372 22.218 258.077 818.822 706.721 428.425 245.517 583.655 159.599 171.566 711.598 253.992 385.021 938.792 934.173 724.561 757.95 833.901 199.466 287.098 625.496 345.532 258.947 595.282 577.074 579.452 242.425 738.151 547.628 475.47 417.645 633.336 3.828 466.044 788.786 393.477 888.034 996.796 438.047 191.011 638.31 383.596 350.284 323.022 817.311 851.493 677.809 592.369 600.184 647.671 776.596 854.92 394.491 528.662 903.151 467.726 100.502 469.612 371.493 337.931 75.88 185.48 958.201 358.788 642.531 859.628 159.888 978.229 54.868 202.738 230.739 949.763 232.93 371.633 791.761 371.223 928.829 916.045 359.329
788.583 1.054 671.567 706.238 954.47 369.168 695.768 642.503 42.166 1000000000.0 136.198 695.574 577.355 777.647 195.657 468.258 154.39 330.577 104.449 116.003 733.313 312.351 492.352 254.584 834.274 138.657 551.582 564.5 217.499 480.184 208.574 626.504 392.93 765.221 81.418 398.438 2.453 94.172 596.11 606.275 850.326 641.829 895.944 210.745 281.475 189.222 621.309 282.685 765.677 863.351 13.455 325.785 888.942 909.686 293.234 319.47 423.482 573.688 177.623 424.62 609.739 114.431 110.404 858.93 974.322 685.073 551.935 51.291 974.136 517.491 846.186 380.816 445.157 738.535 148.633 99.741 947.902 112.291 961.068 138.68 145.151 358.834 464.921 594.824 909.927 646.251 389.41 402.867 458.52 458.594 955.551 84.556 368.58 179.285 486.157 558.341 744.797 677.784 898.509 751.754 432.419 990.49 309.044 235.283 637.303 80.539 970.976 685.671 556.492 574.51 357.323 243.801 976.341 434.005 965.929 655.664 752.994 521.401 240.735 970.956 2.005 213.041 962.994 773.954 908.454 370.88 736.458 216.113 98.206 492.127 166.179 511.787 5.603 721.741 510.996 458.54 4.481 400.443 887.001 336.717 792.94 558.698 237.399 285.449 926.668 757.122 815.942 692.199 721.948 360.189 524.29 441.926 777.956 635.261 355.758 234.451 959.71 961.128 719.8 99.878 500.93 41.328 923.016 890.205 749.783 157.185 439.669 82.971 433.234 57.359 761.26 187.779 753.811 440.833 597.831 881.548 170.362 15.239 920.916 389.547 799.679 14.068 84.617 251.611 882.564 279.999 819.547 67.091 471.763 113.6 629.008 416.467 209.452 305.282 680.221 821.516 225.632 840.618 729.801 512.47
67.177 127.501 425.352 630.353 126.555 514.571 569.134 681.776 723.927 136.198 1000000000.0 661.463 942.685 103.151 171.005 412.983 933.483 681.782 603.377 650.201 159.76 371.04 392.135 344.395 542.339 904.88 75.284 781.229 198.31 769.822 310.413 790.648 892.83 359.159 788.254 507.804 675.474 391.432 482.34 202.598 893.666 263.154 745.757 794.007 994.284 878.126 874.676 128.03 531.85 316.041 560.808 262.296 820.362 839.387 494.489 785.017 472.936 414.227 954.238 77.394 971.946 318.37 532.724 342.228 899.784 182.529 669.131 274.049 463.634 938.231 488.135 770.19 426.211 177.953 253.522 336.898 624.906 134.154 666.484 847.934 549.365 210.843 994.346 758.381 837.268 416.316 416.765 894.615 315.496 426.58 427.001 836.952 419.029 678.426 638.584 166.987 494.073 691.977 495.019 748.209 794.407 416.556 929.297 553.0 438.842 669.383 553.102 446.943 580.497 380.065 371.342 187.86 732.25 650.311 985.737 396.514 281.419 379.865 806.224 618.607 889.777 12.477 585.68 273.743 608.664 791.903 647.115 664.206 846.461 195.48 577.774 458.603 227.438 794.195 141.714 368.56 698.639 563.151 865.263 566.203 486.22 617.856 743.324 217.058 343.013 565.822 924.683 781.039 524.009 832.341 598.288 985.426 579.116 430.817 948.415 188.512 968.269 684.045 49.828 670.613 697.528 794.679 132.972 378.68 652.631 539.565 676.018 446.609 527.039 102.369 855.443 918.434 741.561 351.293 609.161 164.817 647.394 217.298 664.783 34.747 837.434 422.142 141.574 326.504 498.13 486.349 985.539 922.835 959.918 759.493 586.515 612.256 395.422 105.795 876.503 923.8 350.358 701.345 681.262 970.994
325.181 536.359 482.358 185.913 697.849 386.608 512.468 719.043 414.176 695.574 661.463 1000000000.0 340.786 892.448 181.72 286.114 231.123 935.04 966.068 519.033 553.881 645.802 11.888 677.893 515.039 69.255 906.27 126.54 242.074 958.245 258.418 534.092 955.888 107.648 970.392 964.024 429.212 589.721 509.371 296.395 62.072 386.566 989.491 39.68 150.829 185.92 31.982 924.66 37.275 36.606 401.259 327.696 584.845 141.957 228.281 216.321 208.638 775.143 303.797 657.345 538.345 777.347 630.027 646.855 269.718 977.914 599.87 203.409 790.85 867.062 702.121 932.718 958.912 799.206 43.575 607.377 972.191 162.9 354.031 570.617 175.959 739.738 363.929 854.978 623.843 452.434 909.714 116.449 840.113 285.155 178.908 653.836 222.3 497.098 202.358 369.353 906.511 353.988 607.371 94.603 79.021 916.785 690.06 306.935 804.294 718.142 551.788 801.875 450.473 386.323 215.246 620.213 45.393 666.124 335.149 440.379 355.836 155.01 873.535 443.303 133.525 517.812 712.419 332.324 172.542 634.183 913.174 449.573 623.106 520.126 519.214 835.255 755.761 852.732 776.829 827.36 512.014 16.229 523.67 97.099 505.567 464.363 419.463 183.555 136.423 800.044 792.002 923.964 184.391 275.648 175.688 345.1 963.418 972.192 675.865 874.628 954.354 238.724 199.344 829.125 491.953 925.701 44.868 14.585 607.523 499.402 666.583 425.813 621.035 937.926 37.917 963.48 554.738 720.31 118.105 967.601 73.135 330.649 460.943 394.738 989.662 307.995 153.207 449.262 400.393 266.126 443.317 361.106 128.898 501.713 729.538 373.283 751.877 157.884 495.613 195.742 635.397 112.526 790.624 183.507
576.681 393.881 433.265 310.587 488.858 106.632 10.073 936.421 493.205 577.355 942.685 340.786 1000000000.0 930.347 116.287 115.489 209.018 554.422 217.208 768.925 316.466 984.517 757.303 168.512 128.573 18.782 406.993 474.325 546.893 190.067 542.193 829.81 979.201 533.684 596.888 14.898 954.259 364.384 805.916 968.811 982.96 490.873 985.505 260.3 946.853 132.194 856.609 378.43 820.767 864.557 925.787 597.615 55.426 278.935 591.306 248.496 199.869 522.32 543.811 418.894 265.455 867.734 688.109 447.851 721.479 720.64 180.989 806.914 583.209 276.876 233.941 614.439 449.259 868.49 660.757 302.573 524.15 955.592 260.232 713.942 995.729 413.887 691.006 550.268 938.925 7.735 980.726 809.927 75.166 102.206 398.627 326.453 385.755 316.883 980.997 516.338 452.565 492.961 645.455 683.854 337.437 900.613 1.674 106.757 655.203 791.155 415.938 686.511 484.04 73.565 79.215 265.515 701.14 556.647 709.098 946.014 983.322 939.39 833.438 796.191 157.442 358.775 962.809 298.297 755.097 322.612 750.266 907.944 794.415 673.591 656.4 124.497 241.127 480.935 187.909 516.607 804.13 781.983 39.022 690.448 296.616 84.902 952.574 9.346 995.713 332.65 497.344 729.293 372.33 509.306 752.924 408.018 207.441 583.805 957.19 218.086 479.419 508.853 161.933 298.431 730.108 394.845 440.983 745.542 222.398 734.683 111.63 637.915 50.48 466.487 707.77 663.626 328.279 313.403 936.618 151.849 601.115 851.843 57.647 909.017 455.052 655.199 60.794 618.917 611.433 886.437 473.796 469.288 2.457 763.209 552.353 546.399 842.367 197.773 442.389 313.253 857.566 863.76 768.723 614.193
686.928 175.451 100.081 413.804 445.0 245.638 779.059 950.687 593.081 777.647 103.151 892.448 930.347 1000000000.0 636.473 44.591 3.554 812.028 226.538 923.833 279.238 798.653 310.869 136.866 528.078 700.146 638.738 313.05 509.377 414.485 180.276 29.794 493.817 217.596 628.88 299.972 936.642 488.753 327.89 621.253 806.584 731.062 803.795 146.948 453.628 293.42 937.846 525.601 437.688 987.384 560.197 830.638 547.858 112.281 187.041 519.774 66.92 567.578 533.153 161.917 678.875 383.947 924.124 457.418 810.225 840.579 475.882 580.717 570.51 915.896 341.368 108.616 781.935 814.338 986.166 970.111 365.02 157.217 569.747 52.488 871.853 301.413 447.835 858.24 819.644 366.815 519.951 243.716 128.641 352.875 928.116 751.309 398.532 851.198 939.261 351.558 587.191 527.653 63.277 462.858 747.985 713.525 284.499 657.201 265.869 403.697 128.459 195.609 946.268 175.415 101.535 765.394 784.309 607.425 330.219 899.201 895.825 499.939 254.249 208.724 415.959 894.594 512.414 457.828 300.227 60.549 107.247 302.762 133.916 749.636 190.35 685.876 378.36 109.448 82.538 118.874 315.746 201.429 386.039 352.411 638.389 891.611 927.135 44.631 379.409 775.307 615.11 584.875 802.434 135.166 846.963 837.905 731.939 342.021 45.385 89.781 576.018 977.153 558.311 525.993 10.79 124.085 802.07 988.539 355.951 667.816 560.588 158.079 602.484 581.45 304.72 557.939 125.565 327.985 460.339 542.916 958.346 883.937 380.282 751.049 414.544 806.895 187.55 264.772 974.568 818.477 576.498 81.027 811.982 866.295 106.122 563.673 423.991 37.814 862.252 464.073 173.399 75.807 903.31 562.897
961.561 133.895 940.722 600.274 14.653 307.914 503.257 95.686 311.284 195.657 171.005 181.72 116.287 636.473 1000000000.0 251.29 727.655 620.051 235.197 987.294 993.74 387.66 30.913 576.218 16.991 269.808 729.495 38.682 498.423 400.114 550.506 712.601 476.441 610.697 166.293 915.211 44.874 949.722 921.276 407.442 400.648 997.573 33.774 961.061 916.345 804.633 885.235 927.543 337.15 897.411 762.754 118.059 282.401 424.526 937.752 110.998 457.041 30.564 495.647 440.285 927.396 824.657 362.965 978.915 922.832 876.795 686.054 105.706 800.874 686.397 580.501 299.611 260.004 823.039 400.132 829.135 426.875 297.032 616.022 10.559 381.198 395.989 25.001 18.556 411.618 267.038 35.086 662.151 774.393 921.931 219.613 59.488 11.425 272.358 77.12 369.938 734.199 302.896 289.651 284.3 311.332 897.346 466.847 846.81 88.614 923.096 732.9 553.262 282.87 638.794 370.119 209.002 862.773 677.931 792.451 458.817 960.642 517.3 305.193 696.61 720.841 952.983 24.828 90.989 778.454 100.694 695.72 964.256 936.051 877.284 709.281 955.894 285.061 240.912 749.869 316.981 823.897 462.704 445.221 374.781 515.351 970.57 393.748 176.719 859.21 504.951 267.839 24.81 130.46 411.291 945.546 156.469 573.963 948.461 511.724 480.36 503.666 965.23 442.932 834.613 949.803 592.85 234.494 835.4 918.948 24.298 23.632 459.203 639.209 909.696 621.207 93.891 678.805 542.243 678.983 683.274 625.609 527.948 437.706 660.692 226.537 195.097 830.323 286.975 180.656 151.824 21.886 367.838 675.874 713.214 436.341 515.937 740.915 194.946 663.557 848.157 662.44 216.674 915.76 436.159
190.387 107.747 376.201 687.905 656.305 468.004 994.27 136.148 473.096 468.258 412.983 286.114 115.489 44.591 251.29 1000000000.0 28.338 869.528 411.008 974.198 658.22 415.446 762.329 86.065 616.082 556.566 980.59 720.72 988.034 709.083 586.311 408.528 93.532 992.775 522.55 170.888 302.953 976.96 821.461 359.385 258.55 906.761 624.12 872.762 192.114 381.222 685.589 968.128 227.972 70.062 7.851 385.342 655.608 408.096 776.319 590.754 304.752 40.823 586.417 946.295 18.64 219.929 254.786 642.098 313.72 760.979 86.968 741.787 828.838 978.537 67.314 232.301 34.166 792.685 348.08 642.32 635.468 717.948 491.892 900.135 908.746 862.022 258.978 457.608 191.464 943.278 718.816 280.523 103.169 7.875 126.696 677.311 898.232 985.903 94.786 89.774 74.991 904.332 222.284 951.579 777.177 997.69 176.301 471.77 555.501 20.974 95.005 943.752 894.509 815.673 59.589 5.079 32.536 888.285 171.855 22.976 868.249 711.337 26.49 641.436 830.897 322.122 839.327 850.421 957.658 346.258 257.964 912.698 775.857 351.613 961.617 958.912 451.603 163.308 478.664 701.471 634.885 965.877 606.158 774.017 178.228 26.857 528.637 803.58 646.156 317.561 738.956 994.088 43.91 761.997 322.012 430.737 573.216 373.452 887.184 644.118 937.724 798.01 920.25 505.462 372.347 505.564 287.012 144.484 87.025 89.466 179.047 239.391 127.634 846.427 633.605 73.361 46.951 259.282 410.137 267.424 85.648 949.095 857.728 243.01 40.793 374.811 597.002 468.118 624.955 71.117 718.411 103.119 119.639 478.331 738.467 279.58 691.969 904.464 783.565 904.041 445.617 50.952 470.792 89.979
859.321 471.924 70.239 9.201 721.585 859.104 641.099 309.288 257.222 154.39 933.483 231.123 209.018 3.554 727.655 28.338 1000000000.0 580.554 785.631 619.856 490.231 28.55 882.073 696.021 202.409 583.21 812.746 84.213 113.488 969.928 8.633 927.511 331.126 180.011 856.09 580.08 183.936 805.034 773.467 11.784 463.916 271.372 729.641 546.121 534.343 752.156 980.254 912.642 71.642 94.771 489.649 42.652 692.549 872.818 667.176 588.613 881.837 604.342 784.993 548.705 899.35 160.441 693.692 37.645 375.557 66.295 842.194 151.787 818.542 542.869 842.091 268.377 375.753 721.079 977.783 487.98 284.467 149.739 723.147 946.96 865.585 687.984 657.743 466.108 959.442 633.443 203.361 224.645 973.204 913.359 902.107 464.223 791.245 77.922 6.838 133.66 207.515 206.612 382.601 790.527 663.051 906.366 30.356 318.177 676.8 619.035 818.769 64.825 338.488 75.589 988.09 376.122 668.536 673.016 649.017 304.822 467.852 550.848 345.868 705.031 99.326 731.377 429.846 733.658 440.554 640.055 145.776 10.983 762.636 448.574 922.829 700.838 885.024 544.897 409.68 773.138 852.644 941.65 696.465 429.904 451.904 95.277 202.092 290.972 79.081 252.347 927.642 327.783 923.625 479.551 991.179 799.151 330.181 452.569 96.655 578.644 742.411 325.704 878.547 659.033 478.038 168.376 615.933 875.627 402.521 371.27 782.956 551.29 189.779 307.701 151.863 737.363 714.96 85.049 779.295 403.9 151.315 223.64 747.111 31.647 470.84 201.204 459.231 557.106 300.028 718.611 394.205 960.136 908.662 286.383 727.891 44.626 843.967 243.724 744.89 8.848 13.813 867.78 67.769 205.839
48.268 791.327 16.41 890.418 210.407 107.962 881.544 29.519 491.657 330.577 681.782 935.04 554.422 812.028 620.051 869.528 580.554 1000000000.0 245.999 456.514 891.16 890.102 632.132 608.583 278.828 568.433 694.41 970.401 978.66 459.947 340.023 301.952 347.513 77.565 153.177 521.223 779.753 781.103 70.388 94.525 495.631 568.307 125.276 640.391 278.19 243.174 659.995 131.037 289.815 147.622 818.36 741.432 710.568 502.564 163.68 804.343 422.733 698.551 770.953 590.55 769.706 402.596 737.838 992.28 766.428 868.356 784.962 669.482 733.332 202.097 361.692 518.467 522.88 720.596 916.118 884.337 65.79 742.958 393.887 580.553 758.681 651.824 615.672 894.095 1.434 276.042 80.526 112.362 205.407 895.886 912.574 334.31 259.457 265.097 975.895 404.833 140.756 779.879 815.389 771.244 386.439 868.894 41.504 686.829 639.176 11.858 215.125 893.85 301.427 566.715 832.472 451.072 79.869 275.961 810.447 384.264 624.823 91.677 520.074 833.032 930.094 412.491 71.076 749.229 873.599 392.127 278.29 368.716 166.088 672.432 566.073 190.09 946.006 270.428 560.772 398.623 840.87 898.165 402.942 115.888 441.595 437.976 601.502 674.659 120.386 224.142 410.969 351.205 914.165 723.565 352.606 752.205 846.398 178.625 833.291 712.002 294.471 452.025 122.695 486.745 48.636 583.671 442.334 716.983 41.639 21.159 151.499 927.852 384.951 657.972 238.57 685.423 594.441 487.087 408.427 363.952 866.652 862.349 988.94 658.059 646.422 60.333 973.437 570.965 17.844 900.447 504.192 240.084 565.66 67.335 717.876 900.166 893.532 591.403 830.849 837.42 671.434 904.674 98.715 517.999
866.384 230.033 101.293 337.222 911.627 393.459 417.612 306.272 347.119 104.449 603.377 966.068 217.208 226.538 235.197 411.008 785.631 245.999 1000000000.0 677.761 735.368 655.157 622.943 429.655 131.554 503.405 8.238 846.9 761.56 396.106 493.939 394.668 418.922 278.091 764.318 377.47 830.491 570.409 666.351 482.118 274.764 260.638 676.714 415.514 379.088 564.09 246.486 531.486 267.975 642.154 21.94 747.33 759.656 611.101 262.394 337.261 869.996 450.725 671.786 535.984 317.385 411.467 775.766 367.889 115.807 492.469 829.043 942.021 903.951 562.582 399.426 616.716 539.466 876.729 724.372 970.869 752.237 877.891 73.339 13.128 347.338 636.542 114.393 673.699 519.671 60.27 25.902 491.941 477.37 90.8 729.513 501.646 958.331 460.78 493.795 887.515 172.105 899.776 232.148 206.422 889.445 185.717 85.977 216.069 879.363 684.701 355.006 757.73 269.097 508.603 504.796 603.566 719.878 392.095 868.07 226.119 338.858 676.161 509.989 31.136 106.085 489.234 679.298 411.623 463.729 504.326 299.392 214.861 907.646 771.338 250.254 204.797 564.424 905.8 711.853 414.691 122.185 700.062 796.37 984.84 273.929 400.795 249.878 563.263 571.383 506.535 899.96 82.768 484.389 827.822 652.924 837.687 336.229 375.275 726.539 440.066 266.082 2.583 984.609 444.313 287.707 133.419 257.92 679.022 96.599 721.675 596.57 2.838 989.641 775.576 702.823 583.756 727.143 696.155 873.975 959.714 411.36 783.608 612.284 357.279 325.209 703.441 222.961 224.237 243.648 868.903 879.642 250.07 657.11 912.828 469.776 609.157 710.053 585.462 216.691 805.895 40.695 672.558 111.31 378.423
741.598 171.67 482.127 21.332 369.845 438.326 377.653 971.908 392.792 116.003 650.201 519.033 768.925 923.833 987.294 974.198 619.856 456.514 677.761 1000000000.0 730.65 805.799 797.916 458.88 259.212 244.379 58.339 418.472 834.204 503.057 170.025 307.548 432.505 533.168 284.537 150.407 496.62 421.74 283.906 300.496 967.696 532.649 523.078 245.995 954.833 31.514 979.963 667.7 123.579 327.916 122.497 730.075 653.888 631.424 499.206 438.164 760.766 635.624 951.965 195.685 970.47 812.984 381.904 690.445 412.029 286.25 416.606 745.353 321.988 634.12 480.467 844.644 745.553 777.37 464.037 838.667 139.607 323.514 854.461 979.922 881.807 271.585 794.315 926.899 23.016 311.477 244.263 772.55 18.17 385.891 563.678 327.052 430.747 692.383 168.026 453.92 821.686 724.579 660.72 310.627 215.016 490.452 496.658 763.587 537.354 666.042 91.846 424.471 585.165 511.208 821.459 399.253 774.39 207.014 901.073 964.044 852.93 167.52 856.717 445.457 469.431 982.202 28.349 383.644 429.485 442.632 21.174 653.285 427.403 154.43 321.645 8.489 76.863 729.093 793.439 717.179 57.726 164.558 411.158 681.527 281.207 762.514 25.288 875.015 638.981 55.106 963.927 924.884 835.351 323.983 823.319 272.948 630.209 492.448 300.165 620.761 961.837 201.108 468.844 230.445 145.367 142.827 334.611 880.012 759.241 671.334 211.421 107.117 157.306 547.48 529.204 840.589 574.895 377.291 644.599 128.221 599.572 447.112 488.66 159.52 54.11 440.336 447.677 707.73 817.84 845.291 383.085 77.908 906.465 613.725 645.121 877.021 741.118 342.59 464.15 250.255 423.595 841.635 816.223 433.233
823.943 95.097 738.238 808.621 474.124 209.994 944.341 173.826 323.278 733.313 159.76 553.881 316.466 279.238 993.74 658.22 490.231 891.16 735.368 730.65 1000000000.0 116.22 969.519 874.289 293.72 78.82 805.346 780.033 577.81 351.154 96.588 477.191 14.44 31.428 845.149 636.266 406.397 154.553 927.119 668.621 373.41 828.68 101.342 894.626 836.472 822.341 960.405 965.99 155.965 750.631 648.841 492.295 725.025 573.669 758.949 178.967 462.92 275.809 651.976 276.87 34.912 725.377 828.679 260.443 845.326 337.023 906.888 796.698 425.218 608.017 304.217 700.653 146.221 463.194 770.456 146.081 442.821 327.11 731.811 814.722 888.429 755.395 635.641 310.824 468.304 92.814 558.183 795.624 502.969 877.417 173.096 587.075 92.933 569.224 798.282 808.997 732.747 469.751 161.692 562.792 461.424 141.244 46.147 129.714 423.76 69.565 572.065 603.705 942.273 584.09 590.921 46.59 120.16 911.068 348.325 569.004 445.511 246.704 488.268 963.48 442.258 828.274 194.782 234.169 746.297 384.894 248.941 39.333 610.038 159.027 508.018 895.388 258.875 240.683 738.665 872.481 776.26 534.174 847.454 855.764 584.989 971.114 952.084 86.608 478.113 45.178 436.964 343.078 270.155 222.524 380.186 174.818 208.138 264.863 896.698 89.714 528.847 27.479 662.725 818.681 664.983 57.299 627.354 657.059 176.826 727.032 339.271 243.304 569.636 282.915 882.057 180.725 397.19 808.946 716.283 821.555 800.036 491.001 618.578 440.407 714.898 290.686 60.792 757.463 681.032 227.568 712.96 230.047 547.636 87.676 321.1 854.107 993.696 442.598 505.341 985.41 691.954 847.136 109.086 172.761
304.786 216.747 365.704 430.062 537.927 320.495 834.662 597.831 31.767 312.351 371.04 645.802 984.517 798.653 387.66 415.446 28.55 890.102 655.157 805.799 116.22 1000000000.0 778.306 76.448 814.599 35.354 109.166 197.294 670.331 370.93 998.83 826.137 961.775 635.94 752.449 454.554 68.141 85.248 873.69 254.586 423.238 850.595 325.025 251.223 573.358 638.652 105.154 782.965 476.229 357.411 897.536 716.793 565.285 832.371 689.934 598.534 177.878 287.903 462.553 120.539 303.069 749.444 527.475 250.887 642.332 969.16 916.26 15.053 259.01 246.524 461.275 92.567 693.731 185.154 852.56 194.598 366.44 46.627 495.171 510.071 976.168 937.808 382.183 714.555 278.971 858.634 224.459 310.499 370.249 58.686 710.484 32.483 990.233 687.069 305.918 975.566 733.797 625.31 162.029 579.696 305.569 701.985 340.154 420.678 864.846 136.816 157.174 879.179 785.017 639.392 389.474 383.69 689.724 795.486 774.406 862.334 332.434 627.274 934.96 800.257 225.815 855.884 535.758 921.897 924.628 382.187 178.782 416.31 213.532 21.767 56.47 421.735 485.202 923.537 958.544 680.34 809.93 463.673 243.974 642.449 130.965 888.361 778.451 514.33 533.669 482.582 19.705 110.627 759.705 848.462 620.67 232.456 745.396 282.209 967.437 572.944 955.083 284.449 786.253 628.569 559.343 811.706 791.067 417.561 557.42 241.364 954.372 710.664 853.11 857.982 355.725 397.677 241.683 195.432 808.333 530.023 637.066 769.372 868.486 923.038 267.887 413.121 872.958 943.968 735.631 375.35 120.481 3.48 830.638 621.008 416.625 77.6 685.99 827.263 421.342 969.142 265.421 446.738 758.12 600.094
550.875 160.137 840.95 850.878 765.423 875.288 568.951 437.844 319.255 492.352 392.135 11.888 757.303 310.869 30.913 762.329 882.073 632.132 622.943 797.916 969.519 778.306 1000000000.0 322.418 433.044 229.959 644.763 516.498 940.695 5.538 720.575 40.513 29.512 584.898 71.388 152.248 180.807 731.666 810.591 147.246 362.833 634.369 931.721 720.761 441.245 475.23 487.95 403.063 137.707 868.72 881.675 808.276 701.83 100.474 511.868 900.549 491.752 194.291 750.682 35.863 109.767 440.753 97.924 370.373 284.713 679.407 508.704 95.877 977.573 44.816 574.061 775.943 780.066 274.074 197.215 527.177 627.991 626.721 779.989 857.817 606.722 872.494 735.943 310.354 522.6 24.923 655.419 766.781 268.171 257.985 688.68 746.926 388.596 706.965 890.49 895.943 901.86 100.398 819.123 421.994 901.735 271.584 609.886 802.192 859.453 788.701 923.601 94.03 464.654 51.637 300.154 34.267 896.072 323.105 754.376 614.548 310.663 209.065 565.212 861.267 175.304 820.997 990.074 649.989 347.075 128.921 871.547 266.037 332.687 27.519 237.327 854.155 148.652 819.218 964.72 872.146 932.096 47.048 848.211 736.655 234.758 548.4 498.183 518.174 878.163 834.302 693.693 916.604 182.443 657.179 632.674 463.832 959.823 852.003 487.798 538.097 390.794 196.254 753.837 120.857 506.859 272.799 79.383 239.719 754.147 241.62 486.138 656.568 448.269 203.834 609.662 991.554 735.112 47.122 22.71 804.403 154.517 262.835 336.28 745.982 501.706 55.262 906.892 461.615 961.464 658.406 796.037 371.184 48.057 885.673 371.282 483.089 461.469 103.759 811.224 805.519 470.403 973.443 333.399 109.039
871.522 760.478 528.355 347.247 496.536 859.459 431.831 32.639 990.506 254.584 344.395 677.893 168.512 136.866 576.218 86.065 696.021 608.583 429.655 458.88 874.289 76.448 322.418 1000000000.0 111.988 701.317 717.239 692.74 6.288 721.133 957.609 736.783 462.821 674.096 937.916 66.595 360.028 482.079 112.374 554.152 36.345 457.735 990.878 139.762 764.803 101.36 720.365 398.32 176.905 811.863 435.562 656.718 438.763 959.855 918.339 429.629 23.935 23.273 190.623 402.116 778.051 975.388 902.778 732.222 931.256 695.087 404.435 15.461 286.734 550.83 603.005 663.782 995.174 814.808 882.118 243.201 217.298 645.36 346.326 727.95 901.516 639.273 207.763 591.859 661.938 101.352 939.498 985.941 813.036 708.477 401.138 910.764 449.045 667.974 689.668 463.999 556.982 960.915 984.317 984.605 2.546 823.37 819.177 436.061 693.594 6.281 397.696 663.684 389.17 668.659 423.174 242.88 324.59 16.822 595.864 981.357 770.465 340.966 761.51 97.3 391.342 386.711 278.515 331.073 400.455 302.423 816.433 362.572 705.882 104.292 792.246 880.484 510.404 169.724 287.897 679.59 129.486 143.875 89.484 690.381 712.692 159.155 153.692 143.504 382.81 214.362 883.723 83.138 632.972 562.317 14.282 764.389 415.722 683.31 8.692 239.858 217.269 972.854 621.236 785.605 190.106 964.312 492.288 352.983 142.315 993.877 269.434 589.561 160.495 217.399 123.471 289.016 874.857 663.88 134.092 475.735 523.804 8.816 202.575 454.614 534.522 495.401 340.192 408.927 582.012 737.26 216.291 537.979 121.893 105.098 792.137 451.118 615.074 24.94 59.801 776.402 698.533 776.831 429.98 424.259
485.367 396.161 397.414 527.044 869.572 584.741 118.087 645.234 619.902 834.274 542.339 515.039 128.573 528.078 16.991 616.082 202.409 278.828 131.554 259.212 293.72 814.599 433.044 111.988 1000000000.0 663.337 880.799 372.789 440.979 700.095 105.968 194.944 46.746 64.881 366.952 248.516 10.15 253.055 262.296 240.283 232.009 633.873 404.76 448.892 936.717 900.901 841.427 807.176 972.907 117.836 706.02 518.6 522.363 969.786 229.549 110.477 282.406 776.563 626.449 655.546 719.083 758.792 338.291 944.368 148.269 989.023 693.741 164.217 345.285 457.344 118.742 698.244 769.66 929.528 761.147 253.246 727.706 847.149 392.707 413.908 195.304 797.443 546.009 806.926 653.671 357.375 630.68 592.996 783.201 116.038 532.749 65.327 740.738 971.516 714.359 110.175 894.847 301.625 678.04 310.364 489.234 457.324 870.343 532.939 272.987 23.783 798.007 975.885 346.698 495.442 165.37 561.784 23.071 332.02 554.373 497.091 638.099 363.56 250.865 724.492 880.225 863.914 648.988 490.794 272.697 820.815 994.028 573.031 461.408 386.812 751.658 459.32 26.45 390.815 534.866 778.313 508.937 882.659 30.048 140.984 708.328 914.069 446.873 41.912 900.845 903.025 680.426 959.595 997.493 472.613 922.303 93.863 128.004 32.692 279.212 232.637 375.852 909.506 836.254 582.695 148.515 833.93 850.806 325.018 221.171 138.901 46.782 359.262 535.257 825.203 965.344 376.105 660.933 593.833 657.298 960.01 780.571 583.867 727.158 610.368 971.638 264.893 483.084 987.971 582.059 352.41 538.595 861.376 571.604 281.802 176.243 346.053 585.516 707.921 855.479 51.118 943.585 619.45 521.68 122.417
