200
1000000000.0 251.843 905.854 65.427 507.169 633.507 476.359 929.704 489.603 794.494 970.755 733.804 350.525 399.463 638.221 36.176 95.647 190.579 108.538 293.617 459.856 759.577 721.358 204.905 277.848 153.063 555.382 34.751 619.815 705.846 996.815 943.513 279.419 857.715 939.094 166.372 845.82 979.499 337.557 657.752 977.379 972.311 709.03 740.304 683.812 154.279 533.037 547.537 168.42 201.806 333.984 755.204 477.581 867.779 101.814 625.887 73.348 38.201 544.261 146.522 260.658 980.864 95.351 377.19 24.17 285.455 92.863 233.577 76.545 907.063 38.893 984.934 885.078 500.648 716.844 204.463 730.238 510.022 627.032 538.794 557.093 617.475 628.667 99.329 351.08 611.192 848.329 301.476 300.198 131.293 522.625 615.506 566.39 139.239 954.782 458.004 273.371 966.524 192.138 683.519 457.807 695.461 414.371 224.47 269.036 903.88 256.212 730.478 304.139 1.647 827.918 857.875 849.502 449.183 427.08 949.556 103.064 701.355 814.265 76.604 103.125 549.557 746.192 255.255 646.77 749.803 82.187 764.433 909.754 235.254 450.314 91.702 875.967 125.548 185.848 121.425 492.754 326.811 90.768 31.341 386.822 460.056 695.496 747.473 484.851 185.495 377.263 428.976 659.678 337.669 520.571 435.934 257.521 661.094 137.715 134.438 856.389 79.225 114.159 112.0 903.469 8.809 845.081 105.239 91.219 303.413 125.034 332.166 290.678 596.375 250.908 412.185 924.384 505.997 334.178 694.785 683.745 44.108 570.265 459.36 230.444 538.67 871.908 716.161 830.777 876.139 54.407 673.958 922.512 770.666 596.744 964.555 642.542 392.215 792.152 899.805 693.312 35.141 611.747 61.246
251.843 1000000000.0 140.958 838.825 116.271 827.493 484.523 19.096 688.225 138.629 26.692 71.111 135.466 700.513 77.913 147.693 831.883 656.307 592.423 267.903 120.813 839.556 119.975 229.618 543.986 698.231 541.632 875.362 110.258 491.891 382.064 264.835 118.546 673.319 143.031 48.978 798.237 946.462 373.886 167.034 430.599 914.51 830.458 374.236 970.423 69.953 80.632 104.97 820.616 177.11 350.318 259.223 367.98 918.299 882.264 18.649 908.998 710.581 37.563 752.069 51.504 448.707 541.709 936.641 750.728 33.599 600.45 422.424 782.257 114.158 643.238 422.543 769.847 489.279 561.48 766.278 570.306 603.298 950.71 471.157 230.791 539.451 636.599 903.296 528.336 76.742 104.516 142.04 842.642 90.917 144.01 634.693 992.103 283.659 846.175 795.381 771.636 958.287 196.109 653.311 35.176 472.566 966.076 595.489 609.415 686.882 853.683 540.232 286.505 247.508 917.549 192.408 815.269 727.615 837.558 433.902 219.799 171.6 846.235 850.61 634.789 390.699 346.107 816.506 829.359 789.338 916.67 585.333 111.252 419.655 332.904 444.716 389.509 225.643 283.273 247.26 500.306 113.967 619.43 827.449 724.763 417.558 398.474 89.943 513.515 102.743 326.73 541.304 358.094 219.819 316.289 311.419 375.284 162.366 941.574 308.584 922.258 590.368 2.68 365.463 673.61 299.168 112.626 284.865 42.393 800.018 152.68 718.313 60.458 744.415 609.095 975.241 969.835 853.179 664.695 564.173 42.074 383.421 925.486 133.941 210.212 204.634 279.449 233.556 349.622 500.525 679.096 157.863 174.512 884.136 637.636 892.292 114.54 464.856 819.418 697.323 944.352 573.911 275.964 311.342
905.854 140.958 1000000000.0 244.614 648.836 966.648 385.187 755.392 379.27 520.126 93.568 510.451 730.628 378.305 473.55 79.483 303.907 509.017 586.968 212.375 126.319 594.494 721.386 563.356 296.848 559.798 309.479 492.462 381.639 495.23 585.2 453.076 307.477 658.374 262.004 663.147 429.743 652.62 115.69 853.959 537.865 503.284 860.509 468.217 466.504 121.097 643.675 335.821 261.364 948.207 764.652 783.277 522.814 318.466 983.533 997.511 639.978 112.245 698.987 612.809 689.027 480.228 40.996 414.682 14.552 226.912 700.2 734.425 595.484 879.377 670.229 324.357 176.458 199.861 633.071 150.174 812.499 709.333 519.162 711.169 38.299 116.275 863.57 475.115 995.029 748.513 319.008 947.406 936.707 624.551 847.402 470.852 515.004 588.713 326.626 591.599 595.301 159.048 625.974 373.747 35.32 351.5 874.121 594.939 561.404 681.033 756.42 752.231 903.694 490.249 189.681 393.497 771.646 756.648 592.682 142.795 764.992 394.486 777.021 267.627 754.318 908.241 430.925 887.571 865.62 835.511 726.235 71.99 852.827 464.997 257.595 439.363 835.876 828.633 289.591 301.181 889.899 446.387 336.819 97.482 537.471 466.551 891.836 646.339 642.392 502.295 965.708 766.761 499.252 497.72 560.858 949.25 99.417 358.325 28.381 123.874 597.37 976.446 37.008 455.001 134.929 365.737 371.761 80.549 959.593 603.795 242.362 883.744 982.326 608.301 139.384 284.522 449.049 858.005 753.418 986.471 74.536 733.5 878.989 263.749 465.914 90.625 275.977 987.811 215.392 720.777 131.394 473.787 886.84 198.388 76.153 753.882 279.36 592.209 399.154 888.333 468.847 78.899 345.413 959.992
65.427 838.825 244.614 1000000000.0 225.708 29.282 906.648 673.668 13.151 10.164 672.002 267.23 269.163 909.512 577.055 907.459 398.621 685.178 309.929 215.689 70.732 266.472 689.467 763.82 221.312 899.563 26.255 979.029 811.271 425.089 49.872 978.42 90.209 363.5 289.665 55.424 706.199 6.969 300.356 192.041 67.326 809.414 352.386 575.381 900.085 52.432 447.455 66.545 781.007 508.177 205.075 74.475 779.507 943.569 597.335 4.744 593.324 354.004 777.655 780.713 646.297 173.189 813.233 471.606 714.278 659.511 728.142 865.921 615.314 817.576 171.979 984.414 422.285 259.13 637.599 985.112 705.583 196.149 129.907 234.218 209.945 99.435 399.569 519.34 451.311 890.993 885.042 470.032 769.095 79.038 453.027 823.783 453.663 8.121 95.16 425.262 806.444 72.716 144.125 621.066 279.894 748.804 33.844 95.737 83.071 533.395 994.544 788.786 635.543 757.673 872.185 555.315 946.765 343.246 38.568 326.418 664.093 72.016 932.667 146.84 19.791 521.666 323.292 53.837 280.925 751.89 962.952 448.988 668.856 369.807 535.874 126.476 586.194 936.211 845.94 401.252 932.421 11.929 770.301 759.562 195.835 34.399 514.495 323.708 716.634 159.487 515.64 742.99 283.503 361.899 219.678 576.15 74.812 341.386 367.319 985.782 761.991 147.738 414.363 734.712 934.695 98.792 802.3 287.061 890.774 212.926 127.842 385.47 836.552 361.345 717.221 889.407 618.114 609.452 513.832 149.976 905.033 414.442 206.518 295.606 321.971 681.729 27.274 817.366 203.081 301.661 294.809 554.667 714.239 570.757 475.633 690.673 521.763 706.729 751.792 350.738 226.663 363.204 812.333 792.148
507.169 116.271 648.836 225.708 1000000000.0 889.762 191.629 607.068 255.718 6.697 150.959 864.953 887.372 836.353 229.29 426.94 674.809 514.685 607.477 305.13 134.172 637.31 115.363 351.299 290.768 169.55 999.822 478.402 202.1 294.275 953.632 15.731 560.06 838.103 627.114 172.429 442.947 891.823 374.157 728.02 868.046 116.426 364.187 169.097 683.779 282.101 791.854 706.046 114.786 66.866 347.114 752.42 998.875 195.301 429.056 417.628 831.816 960.512 598.952 992.322 869.041 27.199 556.948 73.884 446.507 715.36 415.038 562.876 533.047 494.279 908.699 140.466 429.544 952.143 641.472 956.314 6.183 129.645 386.91 772.167 847.213 860.563 734.472 987.064 980.26 145.937 906.727 716.046 270.636 625.77 803.411 27.312 716.636 242.366 227.681 430.65 127.186 870.716 429.837 682.963 360.174 213.729 267.254 708.775 616.471 324.171 541.087 990.803 992.724 859.48 487.752 502.365 719.892 261.384 168.501 128.019 6.401 486.674 150.264 894.363 167.934 648.67 711.913 543.106 587.116 136.246 256.7 840.327 662.051 986.15 346.195 868.79 179.907 996.867 923.772 372.831 390.697 55.438 247.128 496.226 52.078 529.789 862.23 185.571 310.236 2.109 628.401 372.08 230.139 513.079 938.985 651.381 735.585 946.528 739.721 591.338 672.188 933.046 453.803 643.052 910.863 34.464 540.333 336.836 963.079 834.103 203.06 647.562 381.676 599.86 652.553 368.048 157.462 952.071 968.954 74.672 701.735 892.93 145.097 605.107 990.93 936.465 954.505 21.705 911.403 360.569 926.597 838.589 610.427 344.083 437.171 984.295 65.341 232.81 2.566 584.597 794.461 496.427 739.853 783.247
633.507 827.493 966.648 29.282 889.762 1000000000.0 533.322 886.148 82.924 126.514 374.41 258.832 360.206 281.257 671.042 421.705 551.594 588.341 799.734 848.873 592.237 7.524 21.303 690.035 382.593 895.867 698.195 964.184 436.389 877.76 827.416 739.948 38.752 882.58 400.914 312.122 364.278 207.793 580.621 417.169 691.086 776.444 793.025 450.583 951.788 61.873 945.523 304.997 769.042 421.508 747.925 419.364 6.513 174.919 156.737 583.687 986.041 764.411 436.715 928.619 363.611 693.248 50.496 489.426 171.976 337.805 769.182 762.953 377.967 406.791 655.824 559.717 10.049 557.966 868.824 262.883 219.8 96.037 345.579 499.186 230.248 815.728 348.473 517.251 376.508 883.982 404.153 893.015 32.037 546.736 45.848 732.998 797.819 678.151 420.38 574.34 410.408 631.746 637.951 949.612 523.565 587.592 801.177 571.021 224.242 786.94 239.249 554.293 476.761 839.466 875.276 210.734 842.156 856.706 278.865 377.465 27.334 967.677 498.867 439.112 284.57 116.919 596.092 807.935 853.846 357.296 615.293 439.168 64.169 608.667 353.44 656.494 688.691 950.676 488.671 47.801 947.49 628.964 91.235 137.009 739.64 463.898 124.729 55.75 313.642 190.465 858.79 442.177 102.104 922.677 423.832 233.403 377.216 718.283 309.527 75.09 968.93 419.653 923.898 341.861 725.637 828.035 617.885 888.892 391.428 590.486 352.692 79.924 978.065 640.728 799.971 298.842 656.808 342.094 844.953 237.141 649.534 543.195 484.342 329.754 658.195 458.326 709.461 415.266 13.551 787.679 36.793 446.406 450.881 517.911 839.081 445.544 667.167 213.554 697.73 557.585 786.738 562.507 3.557 592.363
476.359 484.523 385.187 906.648 191.629 533.322 1000000000.0 735.59 701.493 322.734 785.053 618.815 106.889 360.394 557.67 835.501 777.374 807.126 35.954 967.316 347.734 394.772 220.943 890.127 737.594 328.317 764.636 8.56 391.336 706.184 315.274 302.998 522.131 603.329 936.785 280.564 833.243 635.7 49.217 986.511 740.448 359.354 263.792 720.945 125.517 184.326 659.572 325.061 262.887 604.587 158.055 614.38 74.975 735.17 227.969 367.274 168.289 584.403 581.267 50.481 782.07 863.08 50.537 489.967 48.164 234.846 156.797 437.899 354.154 463.916 437.627 817.967 164.148 605.501 331.49 528.772 958.68 472.984 512.707 86.441 850.325 688.63 232.83 957.962 993.727 446.279 648.845 43.627 999.312 26.654 342.372 435.825 354.821 310.031 866.343 576.329 503.752 961.373 598.459 488.226 329.175 587.188 467.05 261.453 9.149 606.271 761.59 399.847 931.388 557.753 128.535 197.516 373.937 998.949 968.397 442.932 284.882 193.026 729.718 105.024 765.362 547.623 201.77 152.153 475.531 622.623 151.09 495.439 450.989 377.745 402.397 823.21 423.007 757.752 631.819 14.026 497.886 94.083 405.547 885.058 81.414 231.31 763.605 281.956 663.695 803.652 560.916 921.769 659.212 901.627 20.012 905.776 5.113 833.541 353.244 759.566 961.509 825.892 520.487 993.992 707.362 866.655 283.384 166.16 861.719 473.906 199.814 393.418 892.547 696.021 56.9 522.09 777.745 912.828 428.673 379.902 587.616 20.718 534.165 224.721 329.83 758.816 217.872 498.634 407.689 328.454 690.733 380.107 724.676 41.98 895.471 187.777 167.144 956.524 721.95 505.874 611.922 207.394 843.888 67.203
929.704 19.096 755.392 673.668 607.068 886.148 735.59 1000000000.0 149.189 894.661 907.495 839.697 313.4 529.118 761.09 833.491 250.026 372.757 223.021 274.584 291.764 649.256 887.278 770.079 724.625 578.728 97.483 182.019 49.389 387.382 502.878 633.035 695.26 792.361 749.044 767.19 769.453 432.634 842.982 701.208 651.195 219.284 156.936 857.533 711.706 244.228 328.993 459.991 496.428 300.445 360.453 334.931 46.68 860.752 332.827 91.755 986.832 569.461 482.297 909.153 863.496 640.708 489.59 627.873 651.254 133.947 63.061 890.325 246.672 263.586 171.771 982.105 489.829 914.582 549.764 770.324 621.784 749.899 401.743 276.121 390.033 404.414 582.178 205.562 531.478 303.81 191.059 377.579 702.643 50.43 535.988 345.473 245.703 934.697 208.608 650.732 204.074 761.246 407.61 26.266 524.363 330.198 164.706 273.019 308.224 586.115 879.995 63.84 638.641 779.571 875.801 866.168 476.394 191.591 107.491 573.779 633.219 354.954 798.936 326.981 781.542 795.286 943.57 549.748 139.789 907.529 356.435 886.366 511.072 802.011 95.64 72.72 12.146 569.564 198.303 253.934 670.99 828.649 764.128 132.748 621.167 397.605 836.765 745.157 609.506 339.451 101.169 468.077 257.112 894.871 907.875 564.688 247.249 535.917 289.241 641.819 328.587 39.779 213.803 969.824 267.766 597.381 277.541 958.111 563.393 252.439 659.841 57.584 909.12 265.658 675.22 680.284 878.124 308.45 205.565 708.626 851.978 970.279 426.667 604.166 991.472 922.3 469.267 244.334 718.759 41.143 379.783 659.18 451.557 630.559 433.248 292.63 41.519 97.16 985.409 98.712 309.975 460.895 865.607 32.968
489.603 688.225 379.27 13.151 255.718 82.924 701.493 149.189 1000000000.0 153.865 404.16 643.2 468.51 643.062 152.723 186.216 252.812 508.988 885.53 436.505 846.717 731.749 788.386 544.617 584.64 514.782 962.989 512.255 462.005 73.013 605.715 156.425 110.592 905.565 41.855 158.309 162.396 770.315 208.447 621.566 416.295 581.508 356.614 649.991 183.774 537.416 434.952 747.703 515.309 616.602 726.588 96.472 439.733 198.057 431.057 839.332 894.748 60.151 491.387 208.18 924.552 245.428 472.384 477.215 198.313 146.558 661.518 468.144 609.09 586.171 570.627 209.409 134.023 838.889 723.465 966.789 801.293 105.354 431.211 588.853 584.967 49.849 728.15 656.763 246.872 44.335 456.069 688.916 6.463 741.734 778.521 349.812 742.662 45.082 291.174 681.955 457.609 192.172 4.236 987.306 320.482 916.573 115.351 810.862 740.814 899.821 986.188 501.843 705.074 394.871 33.398 624.136 321.122 525.656 658.779 643.35 452.811 790.435 854.074 801.827 180.142 27.046 413.788 888.561 809.749 273.521 432.217 112.692 446.907 49.932 23.2 748.62 768.083 573.385 625.628 601.709 217.493 594.134 844.095 181.599 483.079 675.026 338.985 231.482 318.36 15.481 923.532 432.668 483.809 149.128 230.814 416.653 547.578 624.139 631.4 88.654 816.356 901.478 434.367 277.733 184.107 252.484 209.241 822.029 424.229 685.26 285.287 637.249 462.379 548.372 538.017 532.369 399.165 169.466 859.54 709.308 177.699 667.146 499.65 553.847 919.372 878.143 585.696 64.555 821.249 182.264 255.156 856.509 594.096 106.843 394.721 95.286 276.358 559.558 249.898 963.405 216.205 867.481 622.345 3.82
794.494 138.629 520.126 10.164 6.697 126.514 322.734 894.661 153.865 1000000000.0 391.405 451.96 647.041 52.527 677.198 897.673 132.583 224.044 445.959 163.45 48.538 135.294 461.2 466.808 530.323 766.682 390.654 643.525 192.983 162.693 159.464 339.331 628.433 231.196 801.627 964.966 590.249 92.112 638.67 691.912 312.631 290.873 412.927 590.124 737.488 872.777 141.491 430.612 218.282 930.844 887.262 417.747 105.301 637.296 711.724 582.974 665.644 754.917 308.674 643.219 773.073 393.763 905.387 650.869 25.593 420.415 326.825 752.919 538.274 555.848 685.735 222.61 501.087 18.512 355.79 452.374 639.362 491.383 872.744 190.867 633.212 820.638 875.291 467.389 148.218 866.14 671.793 219.275 112.673 421.673 173.11 456.131 125.539 575.616 110.416 182.79 269.486 21.472 937.857 990.259 857.874 74.069 123.206 637.63 351.148 556.97 722.803 17.571 915.095 60.656 847.387 992.283 411.917 594.113 635.329 661.694 159.168 181.994 699.485 723.073 991.21 324.213 971.808 879.493 498.433 444.922 438.42 66.602 445.232 578.888 688.081 602.097 734.255 951.51 27.359 169.225 593.429 754.471 709.274 756.92 648.213 284.02 501.411 479.786 488.407 333.329 841.974 788.718 27.764 440.003 131.536 623.164 923.298 356.518 256.062 511.314 248.669 249.089 260.831 189.166 756.827 394.459 845.959 313.136 738.124 682.654 489.792 107.119 975.287 159.264 531.301 363.011 201.207 155.226 584.465 47.343 937.052 980.845 234.887 183.809 639.441 461.82 882.158 357.252 287.029 689.895 517.754 482.653 469.709 394.95 147.129 709.719 951.215 240.519 522.226 593.07 980.785 900.105 696.654 722.394
970.755 26.692 93.568 672.002 150.959 374.41 785.053 907.495 404.16 391.405 1000000000.0 817.219 658.282 540.826 197.817 848.564 274.476 58.028 342.056 574.624 682.945 637.576 769.103 141.004 632.233 648.318 542.216 161.887 77.417 316.939 948.926 686.26 955.115 592.3 408.377 915.744 374.958 833.902 712.899 827.235 281.404 255.443 523.263 430.738 672.814 658.053 359.437 911.618 956.851 604.446 933.607 163.165 131.784 89.28 650.923 640.503 53.948 720.12 939.103 761.708 765.397 806.163 50.32 844.807 343.416 522.083 204.687 247.473 677.875 299.005 492.524 479.226 554.235 251.957 249.194 921.819 782.277 681.006 718.08 803.437 279.77 427.382 587.571 498.201 340.276 485.952 473.168 495.523 303.585 101.601 612.216 621.725 460.344 75.471 942.319 861.914 495.917 859.807 833.349 11.943 437.612 174.863 71.465 397.294 819.012 709.839 357.153 548.798 911.071 706.536 258.131 792.547 18.711 458.099 731.08 61.352 326.081 992.9 197.046 225.676 475.825 461.961 636.008 83.861 485.199 877.856 171.925 225.129 123.333 135.865 198.79 640.508 96.819 559.759 462.376 984.068 551.183 407.569 765.394 625.909 576.405 542.196 67.4 306.206 843.099 573.671 365.537 2.678 129.799 803.896 251.662 362.929 404.914 173.403 850.785 526.924 580.785 107.434 912.191 820.092 265.729 317.279 149.858 154.001 653.47 58.094 583.107 272.586 770.676 392.818 2.79 732.808 163.372 597.423 947.616 192.266 445.633 731.491 894.345 456.896 63.281 957.793 575.585 62.332 996.545 537.039 329.254 515.358 509.617 660.37 426.142 62.718 36.38 4.912 873.705 133.413 180.835 428.864 79.134 9.606
733.804 71.111 510.451 267.23 864.953 258.832 618.815 839.697 643.2 451.96 817.219 1000000000.0 548.151 445.48 986.185 409.678 922.964 554.301 847.527 352.233 286.105 721.159 474.142 833.622 882.4 336.106 833.275 118.893 387.827 28.941 101.202 538.94 851.477 104.673 276.551 577.461 90.603 166.196 215.272 818.19 257.778 959.321 575.278 710.898 316.418 167.101 945.129 645.206 691.969 854.263 885.914 206.382 649.674 723.041 767.232 438.628 175.046 240.008 615.204 180.354 421.775 383.413 257.534 911.63 389.854 19.797 907.414 363.224 143.666 906.32 753.004 852.106 580.645 621.587 305.356 303.569 986.806 363.171 206.796 285.389 872.824 885.79 621.161 517.558 390.21 975.857 198.711 254.85 814.095 279.036 259.386 659.58 948.374 130.977 249.019 377.776 819.108 379.66 97.029 740.734 14.092 946.764 226.529 970.512 211.357 267.65 655.753 484.843 594.021 157.697 700.243 993.874 709.181 559.307 389.628 929.476 952.899 290.968 896.178 224.483 905.077 251.292 986.107 795.072 514.06 811.005 598.906 13.697 319.726 149.668 542.129 603.28 966.729 111.803 706.683 657.946 131.952 87.06 803.461 857.466 696.832 923.848 456.397 112.158 45.161 120.39 314.901 19.713 680.123 860.783 980.922 589.234 491.364 560.184 278.77 446.239 707.118 610.559 834.336 815.011 654.179 312.497 571.46 904.928 714.202 630.945 232.846 280.09 537.876 945.973 254.098 900.55 16.303 119.56 799.179 572.897 54.653 143.548 547.868 608.552 862.157 612.032 796.606 726.757 663.569 446.125 84.521 387.732 653.259 486.08 972.727 154.391 522.51 203.87 408.22 565.875 784.695 596.645 581.132 864.322
350.525 135.466 730.628 269.163 887.372 360.206 106.889 313.4 468.51 647.041 658.282 548.151 1000000000.0 12.221 363.767 991.01 76.268 864.878 908.527 772.41 622.279 60.506 997.769 470.18 23.954 383.076 106.829 843.394 927.873 400.294 665.168 940.562 500.694 725.041 774.274 425.252 499.754 849.913 70.147 828.452 734.166 560.73 494.869 99.449 824.181 386.762 620.929 963.725 465.883 824.495 864.935 791.91 116.063 98.444 913.416 908.078 309.03 90.999 486.36 946.414 478.699 771.202 525.964 995.912 798.046 581.159 526.36 728.206 798.793 898.856 382.097 866.58 205.102 216.442 763.958 483.329 830.738 183.469 151.717 333.232 568.704 611.495 941.312 199.065 288.803 139.812 569.519 938.724 394.879 906.048 127.413 151.076 524.01 756.459 688.951 959.527 502.044 834.424 874.017 526.482 268.541 920.971 360.73 476.169 707.472 624.267 290.114 852.221 411.427 388.998 324.545 441.062 20.848 702.121 279.639 550.73 197.75 38.22 826.011 904.325 303.676 725.626 223.826 505.143 626.107 363.83 220.834 113.096 383.331 66.428 52.111 264.71 617.344 531.241 902.531 526.352 147.322 106.714 968.764 943.931 81.47 165.329 976.963 983.966 327.034 170.175 232.419 872.049 533.604 907.286 918.222 531.693 467.723 174.11 135.839 910.309 38.534 306.302 909.021 38.115 246.327 232.118 34.712 211.472 491.783 969.331 44.821 55.147 130.368 515.499 168.232 123.007 259.511 445.043 304.182 703.893 744.144 3.741 424.733 544.432 834.341 956.444 587.521 746.965 653.521 346.409 582.799 268.723 362.175 370.438 27.454 136.801 135.814 272.119 753.058 138.426 442.788 561.088 113.934 98.879
399.463 700.513 378.305 909.512 836.353 281.257 360.394 529.118 643.062 52.527 540.826 445.48 12.221 1000000000.0 946.864 461.687 9.585 650.594 913.451 670.209 509.595 401.696 402.835 441.943 422.609 802.474 550.043 613.41 899.271 266.238 152.18 39.889 749.234 848.587 785.347 525.016 114.835 128.675 568.831 319.225 629.983 499.377 661.093 589.12 35.298 703.211 462.794 141.275 53.576 252.477 227.353 372.117 530.613 638.304 219.009 971.267 705.498 363.873 442.286 759.013 821.423 163.634 284.927 778.228 963.173 158.235 610.887 407.287 450.25 902.552 684.315 843.187 883.719 730.638 553.589 339.246 596.686 314.917 514.509 831.659 596.852 69.587 261.633 654.725 106.193 242.714 76.779 52.724 937.927 784.959 239.294 72.955 836.188 500.044 434.708 538.162 690.551 742.908 48.318 820.792 849.997 827.253 613.828 938.544 575.799 722.581 393.485 318.968 296.434 294.335 349.612 640.565 293.092 112.811 669.628 476.977 3.867 289.916 604.467 671.101 253.984 903.747 858.446 498.639 683.757 387.1 331.69 467.359 359.087 255.119 396.381 195.201 263.643 148.77 538.647 917.946 223.188 945.315 201.251 78.456 955.432 856.558 589.492 209.784 623.088 392.158 198.17 171.342 217.583 402.525 457.171 187.679 331.46 930.475 605.026 242.29 2.236 795.534 643.584 364.318 298.704 206.966 817.968 910.462 341.87 628.167 622.931 459.416 205.404 707.179 938.326 929.423 866.851 34.02 499.391 193.633 920.877 488.976 716.67 513.277 509.71 297.95 495.29 625.007 668.232 885.476 203.894 925.357 487.467 362.003 413.45 153.684 479.321 756.631 641.198 521.027 369.156 195.552 878.602 235.433
638.221 77.913 473.55 577.055 229.29 671.042 557.67 761.09 152.723 677.198 197.817 986.185 363.767 946.864 1000000000.0 437.24 456.894 730.666 872.389 45.849 429.472 472.241 280.626 916.648 1.648 730.196 839.628 453.114 757.351 890.67 112.382 560.696 794.235 749.431 950.835 262.995 90.878 172.725 601.913 808.07 896.736 590.494 696.042 458.532 976.134 275.618 835.594 460.019 368.993 434.94 145.635 942.484 229.065 326.547 817.95 814.902 394.93 704.459 917.339 101.199 723.242 523.875 155.4 538.305 202.248 75.015 362.306 441.152 65.569 289.971 495.279 669.48 726.718 28.299 662.626 911.057 657.555 372.006 394.846 756.175 972.708 814.58 588.403 453.861 594.369 66.264 791.642 668.16 328.605 871.995 295.876 50.396 569.104 488.822 397.007 198.858 227.011 560.158 786.197 641.584 835.382 222.153 863.3 850.691 198.46 309.198 987.562 691.97 546.327 863.343 860.345 204.832 540.205 197.73 58.587 932.422 122.972 643.79 389.802 344.504 145.073 297.442 369.813 227.896 362.638 294.886 636.526 129.515 987.369 675.978 61.045 80.039 31.263 972.466 101.605 551.44 370.889 609.291 549.78 628.999 98.268 55.107 763.776 939.175 729.33 500.343 255.495 682.188 312.368 914.441 905.716 657.986 261.974 411.593 250.793 535.361 352.413 248.438 268.98 743.812 342.056 712.902 489.119 31.02 503.383 420.591 257.445 314.317 788.669 780.87 410.97 960.7 94.944 236.505 880.32 248.645 741.794 182.55 218.389 185.17 435.456 571.343 46.566 613.816 128.206 397.518 270.657 391.309 347.175 718.791 783.793 727.121 226.626 672.473 422.061 614.701 985.502 775.56 227.884 125.402
36.176 147.693 79.483 907.459 426.94 421.705 835.501 833.491 186.216 897.673 848.564 409.678 991.01 461.687 437.24 1000000000.0 528.063 880.969 336.503 38.039 526.639 606.254 349.732 417.966 337.155 193.066 332.725 739.605 368.842 832.419 928.441 830.028 194.764 113.974 154.804 159.139 274.156 94.772 506.288 293.476 951.965 635.799 839.218 486.738 790.163 521.796 841.213 844.37 429.588 320.104 540.132 968.468 177.278 835.299 935.464 899.4 7.431 903.64 298.483 966.715 508.342 451.984 85.95 612.217 684.821 738.217 689.302 681.901 685.978 967.704 837.09 26.556 884.015 183.033 811.469 913.611 841.734 528.953 569.994 437.934 977.753 222.443 999.944 985.884 21.565 605.113 173.995 152.506 139.3 522.444 970.314 734.575 275.323 817.612 366.705 556.414 646.253 952.808 976.945 201.583 497.468 116.792 364.903 303.953 602.821 223.648 614.584 729.985 695.149 920.302 546.942 398.702 102.953 143.133 769.252 172.771 333.22 702.71 942.168 55.44 379.146 991.975 877.019 998.844 892.993 879.532 554.36 622.285 462.475 75.698 570.411 818.174 762.94 330.76 857.65 350.108 492.239 114.052 88.916 672.204 250.67 839.443 34.546 944.009 260.768 643.184 620.101 782.138 331.271 340.708 191.467 798.086 974.09 486.0 286.467 405.994 742.632 953.814 290.533 808.67 890.019 518.132 622.836 176.293 660.475 22.455 631.094 372.402 817.837 674.6 260.246 925.144 994.225 361.099 598.984 793.926 863.968 250.209 219.652 93.702 630.017 170.554 224.812 356.143 815.404 349.964 249.157 34.998 212.709 472.02 694.324 610.452 941.782 440.467 129.677 553.073 94.5 101.81 83.401 534.319
95.647 831.883 303.907 398.621 674.809 551.594 777.374 250.026 252.812 132.583 274.476 922.964 76.268 9.585 456.894 528.063 1000000000.0 266.158 310.722 473.906 592.916 397.545 984.325 548.181 172.215 811.771 123.836 988.305 347.371 957.04 81.2 915.129 117.514 441.156 831.452 528.721 418.458 430.222 286.158 22.325 81.954 837.217 692.181 657.852 448.2 868.665 239.384 617.403 516.052 999.958 570.715 742.232 733.951 604.626 64.713 155.69 647.711 500.835 127.522 119.614 911.57 353.18 877.85 339.974 433.247 662.913 410.885 812.104 143.891 449.942 142.607 601.988 109.318 589.473 30.06 652.452 692.48 759.851 210.368 188.658 535.935 513.312 360.643 915.55 114.319 313.956 538.137 37.088 299.235 806.302 716.406 232.682 246.914 272.604 294.578 306.101 159.628 523.111 538.827 129.329 966.443 386.835 67.946 329.507 346.681 228.549 504.02 4.247 106.979 828.092 275.848 756.035 509.446 9.886 2.521 858.9 687.438 618.029 444.677 247.672 433.273 715.61 901.181 383.039 166.174 983.451 819.483 878.584 124.336 313.218 597.908 594.263 803.706 661.633 879.403 879.918 852.772 200.027 73.926 567.132 257.785 491.331 86.54 216.604 10.093 886.281 348.392 419.268 324.092 986.877 646.94 60.166 283.393 855.526 784.817 604.316 205.015 457.116 98.113 148.883 510.858 593.315 65.965 79.228 744.121 435.186 731.789 767.595 840.182 162.283 133.003 278.295 567.99 621.718 295.722 735.533 693.502 878.368 983.451 716.154 423.598 726.149 959.29 255.975 821.976 933.518 478.139 513.844 697.513 497.179 867.776 146.646 239.245 129.374 846.953 640.146 886.214 151.221 82.667 539.416
190.579 656.307 509.017 685.178 514.685 588.341 807.126 372.757 508.988 224.044 58.028 554.301 864.878 650.594 730.666 880.969 266.158 1000000000.0 831.13 413.776 928.904 745.762 103.311 468.976 418.185 898.54 620.619 451.419 400.759 119.409 736.325 998.972 476.321 918.526 841.997 582.991 965.185 447.119 373.08 993.808 888.376 337.254 906.086 268.056 794.173 41.634 677.219 151.423 154.185 745.19 454.591 70.36 411.331 145.754 147.538 785.908 217.627 814.133 406.012 767.271 516.713 73.563 35.76 934.151 599.957 577.024 273.296 627.233 252.358 141.079 422.056 1.472 948.75 617.862 650.256 631.568 462.942 449.674 638.066 127.13 227.727 46.018 612.64 500.953 372.89 613.244 165.111 575.735 701.38 588.028 876.96 70.241 613.022 536.663 226.982 810.069 510.8 831.122 583.684 457.58 231.058 340.67 725.428 62.087 358.222 588.359 834.233 7.077 964.633 630.17 668.073 113.469 158.983 560.252 602.137 958.742 213.801 713.182 691.598 608.303 156.383 453.329 938.868 66.836 17.185 153.993 795.615 437.254 313.165 74.964 111.503 9.033 782.023 460.4 173.373 402.789 984.481 518.433 311.144 355.935 995.209 650.26 505.518 793.058 621.146 79.012 918.311 344.82 879.401 702.205 40.877 296.473 533.984 574.099 184.674 341.019 103.016 39.617 14.712 903.518 332.815 54.146 144.922 606.983 338.581 965.808 507.134 703.847 317.066 68.122 222.879 774.002 30.437 51.247 854.911 150.079 426.46 553.568 912.513 778.86 329.872 46.201 972.641 532.263 107.523 884.198 617.125 85.287 999.634 991.133 333.609 989.094 338.764 497.075 791.972 731.709 392.667 999.073 700.535 138.083
108.538 592.423 586.968 309.929 607.477 799.734 35.954 223.021 885.53 445.959 342.056 847.527 908.527 913.451 872.389 336.503 310.722 831.13 1000000000.0 144.332 73.568 445.276 188.893 70.897 958.194 47.588 877.927 35.959 432.902 598.116 596.776 145.376 53.715 241.394 664.602 698.23 282.574 993.692 971.967 948.957 121.824 607.423 27.957 979.713 874.126 472.152 60.287 742.198 68.064 827.984 608.789 376.676 75.691 621.007 237.694 525.434 83.744 147.561 222.881 628.503 325.757 202.93 837.808 914.267 569.915 744.603 974.063 565.372 618.075 716.471 844.178 909.488 102.233 67.745 401.819 352.139 90.139 456.919 538.54 999.856 308.512 376.137 165.633 163.086 132.022 357.415 932.33 744.532 895.702 749.768 446.33 856.554 171.969 64.02 800.623 149.934 148.175 984.259 836.864 497.707 957.839 718.837 317.558 559.194 821.33 987.057 431.972 670.144 820.806 409.254 509.906 486.229 384.654 635.123 235.411 537.976 746.995 632.896 821.18 972.655 973.856 433.218 638.119 251.076 814.198 644.55 339.612 476.197 406.893 543.269 943.385 493.604 830.486 678.318 324.11 765.508 631.239 756.011 82.763 850.387 247.083 182.215 6.631 227.104 161.351 279.367 721.185 268.418 642.419 705.518 770.301 404.032 537.271 741.837 379.535 869.865 761.907 642.823 23.694 468.892 345.344 171.187 647.037 483.097 636.26 540.399 56.692 485.122 571.356 389.629 622.862 546.575 128.13 164.381 19.93 680.875 302.014 517.532 185.423 737.189 944.308 36.192 777.772 254.611 153.966 795.328 289.118 546.811 635.596 713.809 356.391 316.855 11.548 422.875 934.488 115.461 966.059 636.983 599.183 548.569
293.617 267.903 212.375 215.689 305.13 848.873 967.316 274.584 436.505 163.45 574.624 352.233 772.41 670.209 45.849 38.039 473.906 413.776 144.332 1000000000.0 192.015 594.883 853.038 22.913 701.161 688.188 531.415 198.669 420.278 851.272 786.229 229.031 422.69 546.714 507.745 712.956 318.492 648.538 95.027 341.764 86.637 436.163 472.091 193.299 271.907 807.387 397.63 247.96 574.164 350.595 161.311 881.85 118.988 144.613 457.163 974.569 763.753 217.484 420.371 706.989 555.256 926.393 359.269 523.075 971.506 813.181 52.593 647.251 923.342 574.625 69.967 563.998 131.799 430.28 956.443 582.174 780.805 500.601 147.445 456.121 42.808 282.186 955.7 9.014 710.106 271.177 592.143 482.695 105.889 469.358 306.243 740.73 87.467 746.112 188.8 554.139 684.369 239.488 160.801 182.619 127.264 227.303 587.587 315.415 291.766 869.218 324.153 84.5 309.521 49.52 964.365 401.464 289.961 728.789 946.241 131.7 865.151 211.023 595.767 810.246 28.201 943.842 336.533 315.761 390.336 883.581 107.829 50.357 58.046 7.333 383.275 664.357 846.569 150.748 744.504 750.686 727.18 400.966 24.837 373.233 899.475 981.685 508.786 896.552 696.924 68.0 925.644 14.444 684.643 373.483 305.675 758.466 23.841 300.895 264.486 244.697 284.002 353.443 405.234 240.406 671.739 279.565 430.644 339.752 792.62 967.913 544.347 565.296 34.3 219.065 429.054 663.971 369.886 925.846 480.743 20.918 610.893 328.302 768.447 353.745 805.462 224.421 621.291 873.05 695.461 524.131 237.308 371.328 771.551 698.425 158.522 855.99 533.195 481.61 6.872 530.024 92.563 852.966 257.845 554.005
459.856 120.813 126.319 70.732 134.172 592.237 347.734 291.764 846.717 48.538 682.945 286.105 622.279 509.595 429.472 526.639 592.916 928.904 73.568 192.015 1000000000.0 552.235 156.534 732.662 794.01 790.018 136.751 604.806 653.455 745.778 273.837 277.556 550.685 778.112 731.648 311.523 109.484 411.257 747.902 715.008 792.823 833.323 211.299 787.731 358.323 994.816 729.049 977.777 551.082 364.947 783.925 632.43 415.809 976.227 475.024 221.357 864.121 13.94 518.959 607.952 816.599 484.189 30.825 317.249 927.677 794.931 623.274 761.817 117.204 289.403 857.256 955.711 729.685 368.339 329.806 59.017 150.546 371.503 583.736 53.554 142.171 62.075 350.505 691.406 877.912 792.507 936.173 303.865 408.805 910.044 666.898 793.035 817.992 902.103 763.402 425.484 644.659 728.325 312.429 640.457 598.351 183.68 838.866 683.655 608.629 678.59 654.965 397.953 861.951 967.12 616.411 775.925 930.705 809.415 602.564 50.257 140.447 814.465 632.738 227.945 599.596 746.017 752.424 830.628 64.218 561.964 971.056 779.103 127.388 850.705 773.545 439.975 175.071 361.819 823.262 740.869 185.747 503.663 243.363 92.843 610.684 778.539 151.059 445.492 173.636 557.847 619.121 600.537 30.115 834.709 1.532 162.638 964.526 748.357 426.313 995.366 19.048 328.362 609.539 815.679 435.433 902.501 646.9 307.236 246.62 731.433 999.552 178.9 754.48 946.374 253.948 511.01 522.044 271.649 941.725 718.863 227.311 174.117 734.88 614.12 623.556 996.774 948.509 724.676 913.157 668.616 769.696 97.672 163.975 895.002 213.172 303.874 415.081 218.508 120.439 3.127 819.073 865.178 66.2 38.453
759.577 839.556 594.494 266.472 637.31 7.524 394.772 649.256 731.749 135.294 637.576 721.159 60.506 401.696 472.241 606.254 397.545 745.762 445.276 594.883 552.235 1000000000.0 542.436 291.908 897.166 896.344 829.488 713.614 419.542 537.35 188.98 15.649 534.38 741.925 84.058 638.261 829.353 947.694 226.806 976.65 224.903 283.754 198.316 524.492 200.0 786.692 382.664 787.416 909.75 134.015 195.387 507.488 565.423 581.396 870.616 457.307 851.833 388.557 315.073 858.504 784.314 474.035 225.422 82.421 275.442 216.953 867.955 98.284 113.916 119.855 955.829 370.916 162.987 434.066 349.058 683.654 519.633 65.7 339.263 49.122 48.67 133.64 685.305 135.581 474.493 266.632 278.898 10.007 614.722 17.955 81.784 638.168 777.586 572.09 583.072 8.015 841.705 235.549 415.547 843.891 144.221 781.096 75.724 272.066 96.786 252.236 537.747 529.507 872.953 686.191 307.436 595.428 790.873 212.335 498.115 560.819 343.393 565.102 726.981 901.215 665.883 407.363 349.007 519.948 173.387 675.43 879.662 182.689 603.227 811.338 460.871 853.41 774.216 58.858 190.49 72.175 815.694 581.557 71.478 576.533 67.737 525.682 57.0 767.048 672.021 465.533 433.195 326.467 724.917 626.687 131.861 534.114 58.83 209.793 549.283 69.502 992.745 669.475 963.196 933.063 873.918 424.671 443.711 204.515 830.35 935.104 244.083 689.249 844.35 904.554 127.956 790.542 907.622 680.289 255.215 626.155 834.623 563.941 219.563 389.573 103.64 756.473 752.546 793.498 389.919 106.577 927.021 643.389 586.064 7.082 986.055 599.985 442.813 668.852 804.714 108.759 985.507 686.26 225.965 123.502
721.358 119.975 721.386 689.467 115.363 21.303 220.943 887.278 788.386 461.2 769.103 474.142 997.769 402.835 280.626 349.732 984.325 103.311 188.893 853.038 156.534 542.436 1000000000.0 442.61 685.801 912.625 534.345 722.453 631.317 289.493 932.425 443.893 291.675 390.309 973.285 304.387 177.126 88.809 843.337 395.017 422.419 650.396 189.827 444.204 677.45 287.634 909.819 833.965 692.769 746.5 982.212 508.021 204.5 241.3 462.595 891.978 874.556 259.967 99.792 120.541 213.271 167.506 949.376 846.974 272.234 112.319 541.007 540.364 202.758 64.139 19.198 815.977 759.893 347.715 799.908 899.024 330.575 284.518 945.07 53.588 721.36 815.996 518.569 137.661 388.553 984.273 167.214 813.197 165.123 963.615 744.952 640.147 260.312 13.59 381.394 364.691 523.095 443.008 950.035 212.13 339.451 346.14 226.541 960.698 461.117 444.848 505.077 26.323 143.232 978.088 223.741 603.804 530.743 403.438 174.963 532.229 865.831 431.102 548.309 358.058 423.138 133.226 174.795 132.862 619.26 165.445 202.259 59.698 245.247 369.654 154.444 73.764 636.412 524.278 734.943 571.859 709.768 425.266 34.186 521.596 12.758 505.389 574.458 894.81 608.977 742.742 226.068 937.813 621.095 480.134 122.249 486.727 385.924 919.797 580.426 282.903 753.355 147.717 845.857 425.768 223.53 112.281 533.547 528.765 867.381 172.507 716.583 858.134 449.343 518.616 778.043 722.337 926.508 289.204 385.36 397.258 754.065 499.725 725.035 530.014 652.804 729.392 364.496 190.696 619.492 623.317 908.333 334.441 266.684 695.841 501.123 21.829 912.671 674.098 540.325 781.097 805.538 637.12 342.422 208.375
204.905 229.618 563.356 763.82 351.299 690.035 890.127 770.079 544.617 466.808 141.004 833.622 470.18 441.943 916.648 417.966 548.181 468.976 70.897 22.913 732.662 291.908 442.61 1000000000.0 895.037 246.216 58.682 602.949 860.959 963.637 123.784 799.588 890.992 786.709 774.436 45.65 879.292 379.48 68.178 900.707 734.354 551.246 23.045 486.47 67.75 92.723 870.765 858.082 269.001 67.388 423.726 503.602 32.941 748.71 218.171 690.154 103.692 831.06 877.115 59.514 93.184 595.389 837.199 481.377 22.353 404.601 910.33 791.239 397.086 852.962 59.257 288.459 332.395 556.979 242.432 322.748 300.822 758.952 662.744 271.801 557.76 238.274 500.264 962.913 18.883 458.548 914.821 509.813 881.495 26.28 222.569 830.292 505.961 101.428 999.771 391.243 228.66 38.533 209.741 284.149 218.466 961.03 652.043 460.433 302.84 410.548 265.107 411.544 355.365 386.498 741.21 744.154 604.624 311.556 929.258 61.21 229.921 371.963 151.49 114.734 903.285 71.595 737.184 409.901 379.209 378.627 710.79 709.125 331.546 945.625 550.283 752.195 177.327 893.862 547.026 139.933 204.099 275.883 329.041 54.152 596.092 743.558 153.716 362.831 914.031 93.756 131.111 223.009 744.394 843.309 609.845 724.452 226.682 891.264 570.85 101.26 141.526 564.483 696.46 855.848 684.476 121.459 955.822 469.588 308.423 404.158 97.173 68.969 653.481 444.782 482.918 706.821 104.042 32.069 555.417 638.088 413.443 717.349 66.972 582.949 959.37 49.578 596.734 535.25 218.433 748.019 277.188 735.265 251.117 975.085 481.381 987.523 975.609 770.845 297.072 815.17 630.312 465.073 171.039 172.588
277.848 543.986 296.848 221.312 290.768 382.593 737.594 724.625 584.64 530.323 632.233 882.4 23.954 422.609 1.648 337.155 172.215 418.185 958.194 701.161 794.01 897.166 685.801 895.037 1000000000.0 880.921 969.881 711.301 811.119 489.863 117.113 741.31 598.507 409.263 158.023 588.555 921.385 794.661 493.774 179.147 715.936 601.859 960.913 24.162 294.906 853.826 854.3 244.369 651.777 716.475 555.73 812.595 41.808 304.885 451.064 969.051 861.252 310.414 307.4 180.266 639.282 87.75 11.695 249.012 306.499 729.136 801.292 749.29 896.08 577.334 601.106 484.082 418.797 507.565 449.74 44.299 785.555 598.183 411.629 164.772 202.954 466.753 244.914 43.708 993.617 222.23 491.598 104.376 764.28 169.414 809.891 850.273 260.551 894.209 409.437 491.533 295.308 427.778 954.26 189.971 214.644 45.493 977.61 141.563 243.073 481.057 840.408 234.486 382.584 429.719 74.974 313.215 755.02 636.243 566.494 999.766 953.504 757.786 110.364 723.262 404.621 805.26 106.775 702.144 554.492 429.351 577.772 100.054 833.617 461.789 36.282 646.948 646.411 123.876 13.145 993.119 882.424 313.037 225.065 127.303 255.734 27.071 347.547 505.284 410.377 113.704 681.25 556.854 55.079 496.418 227.636 655.377 146.516 746.16 747.394 509.067 638.964 613.785 361.343 703.035 428.761 587.827 387.785 583.615 916.339 322.798 784.65 263.962 514.201 497.616 335.85 619.637 189.248 793.285 811.225 877.522 613.381 761.818 471.784 104.201 523.839 983.45 144.76 819.936 311.74 59.039 445.441 947.125 38.348 33.724 692.491 514.216 262.423 872.65 418.52 828.775 863.715 608.238 622.486 66.788
