200
1000000000.0 947.872 774.649 1.884 129.149 456.187 963.159 870.147 722.189 905.479 958.935 284.331 218.211 674.529 310.095 193.028 126.046 573.558 121.435 883.99 780.234 258.866 281.911 574.51 318.76 476.019 380.593 752.675 995.574 185.662 71.836 3.123 468.067 107.901 124.84 786.457 263.222 640.847 715.564 755.832 233.362 445.839 471.175 297.548 561.024 315.004 477.068 187.705 296.426 812.739 506.73 236.679 393.66 9.354 383.492 674.469 428.23 922.332 281.605 745.581 270.94 77.726 146.384 201.514 664.699 684.914 683.049 869.074 400.75 628.893 488.283 852.39 508.859 695.147 406.492 491.634 189.28 597.906 987.768 648.275 451.323 686.057 99.019 361.077 900.633 560.017 11.27 673.688 742.038 353.812 194.983 779.695 314.223 530.932 352.664 586.313 554.474 673.054 317.978 90.859 123.761 531.589 421.376 484.19 730.295 762.664 132.214 212.266 944.227 53.638 495.889 817.873 964.928 663.536 799.651 616.188 614.588 217.632 1.088 231.615 821.125 841.021 577.782 528.522 435.714 888.782 224.548 978.389 584.245 11.923 101.243 79.875 56.934 524.026 198.537 892.034 789.332 662.827 933.672 188.318 387.681 665.936 191.224 648.731 332.557 224.258 883.439 558.511 24.612 493.285 921.07 680.193 546.938 21.573 738.176 975.561 163.676 501.065 112.761 414.905 872.266 715.232 978.412 460.86 492.677 765.44 816.4 294.285 76.013 318.819 601.335 55.484 736.2 362.298 897.92 698.357 501.759 168.508 19.829 883.662 721.459 213.084 305.836 988.341 95.324 418.02 925.849 170.187 804.186 445.789 199.708 528.526 710.713 600.853 630.356 335.729 528.952 856.014 73.154 277.818
947.872 1000000000.0 337.272 918.15 393.719 366.719 770.164 143.034 249.525 83.721 131.574 609.748 124.457 491.557 649.58 664.489 766.417 223.014 255.657 583.128 18.297 284.851 376.607 581.294 46.072 663.252 944.953 666.602 790.826 972.33 275.047 432.675 263.512 202.849 821.23 656.417 74.232 375.215 643.375 330.091 902.423 572.084 894.259 834.002 763.784 203.655 869.478 326.434 819.76 29.183 750.012 798.844 508.087 277.673 386.246 746.307 910.102 842.2 599.771 829.216 485.627 818.843 355.301 699.974 918.08 785.771 709.861 180.442 833.277 573.352 51.338 423.947 319.678 390.414 694.635 469.302 295.061 17.427 778.145 712.027 530.368 460.128 519.47 807.778 127.8 507.246 580.232 810.906 313.444 450.594 773.427 17.922 625.064 816.772 904.117 83.94 576.214 148.065 682.961 241.544 842.71 534.151 535.924 611.609 755.655 971.729 364.101 590.249 95.48 905.026 205.506 915.54 472.157 221.195 935.873 870.291 895.201 314.531 939.782 370.891 109.664 146.416 786.827 692.913 930.17 194.923 579.627 246.791 836.539 602.93 68.587 161.79 222.531 157.584 443.441 267.251 202.292 335.731 174.756 421.644 897.049 171.877 382.662 718.277 295.132 341.174 990.713 596.683 36.771 878.515 126.419 481.841 733.297 215.749 939.65 96.983 25.026 652.217 418.643 536.875 43.791 363.571 793.821 452.695 13.944 651.677 847.832 204.729 27.835 187.297 711.105 691.496 113.575 344.735 222.504 380.982 607.693 333.17 196.178 138.414 725.944 209.593 412.808 338.216 757.069 491.19 626.547 297.276 883.634 210.03 125.901 853.328 40.323 619.567 594.399 417.602 381.786 172.9 267.287 913.455
774.649 337.272 1000000000.0 479.59 870.51 582.899 342.324 892.809 648.437 364.865 284.091 720.037 728.86 814.301 51.387 892.646 404.028 404.838 271.977 43.718 552.689 811.238 399.163 192.269 483.576 736.707 452.268 894.548 808.735 789.717 529.468 716.492 984.811 317.004 40.332 599.892 164.601 797.842 588.744 129.779 217.953 723.683 199.196 588.209 100.369 789.891 556.466 454.063 63.268 429.419 422.505 671.469 443.26 993.081 722.171 871.646 902.887 476.528 149.877 327.941 337.573 37.439 668.622 786.895 192.822 239.034 887.565 850.633 506.013 1.086 213.835 870.68 108.211 887.842 693.508 446.231 643.782 372.286 936.837 665.248 10.587 926.918 958.622 933.059 524.858 417.866 435.709 822.28 461.689 260.261 57.869 860.734 334.883 330.138 716.833 991.888 401.907 735.452 624.816 362.859 123.819 532.019 974.754 213.996 927.17 994.565 566.726 661.497 48.495 607.302 975.828 209.779 666.671 25.401 156.366 98.819 126.848 992.854 40.167 714.56 646.685 592.299 984.476 448.282 525.122 954.398 552.226 678.192 949.326 157.671 166.516 473.711 403.792 19.972 625.965 102.853 583.978 156.48 674.644 589.012 379.105 569.972 289.902 461.965 33.854 698.905 19.083 931.902 925.701 439.534 609.346 797.856 623.765 146.782 53.557 958.894 838.573 795.382 496.808 622.291 70.801 61.639 350.133 620.674 198.254 371.753 511.16 388.479 970.522 628.229 989.904 353.419 299.755 409.478 570.624 883.367 710.636 92.702 56.139 202.402 623.048 871.135 117.872 892.895 229.246 244.646 121.66 920.595 634.823 668.982 166.222 68.847 77.172 626.957 326.013 85.651 833.943 3.845 193.962 732.524
1.884 918.15 479.59 1000000000.0 161.582 260.701 456.121 893.081 744.906 858.37 79.593 806.928 777.178 691.753 514.864 805.787 874.03 96.803 595.562 256.727 534.125 939.271 923.808 73.142 635.311 65.801 75.534 846.21 415.551 221.463 418.655 615.165 748.251 173.766 130.538 202.491 687.588 937.033 969.427 199.673 682.005 764.092 456.34 638.426 370.834 209.878 184.095 232.325 957.689 11.662 882.029 800.109 345.458 674.904 708.352 679.064 522.794 888.214 389.878 200.55 458.344 885.72 770.173 768.448 145.114 167.769 471.631 35.317 446.998 932.678 969.485 58.582 684.922 333.658 328.454 198.562 774.912 63.556 447.031 397.835 270.173 270.999 376.986 167.266 374.173 248.842 451.495 417.893 70.254 996.823 205.013 442.171 411.546 510.844 571.325 42.14 124.985 728.101 135.127 896.268 655.519 213.185 185.388 396.297 812.63 206.602 17.136 594.905 819.624 897.654 765.189 973.15 324.127 851.771 527.012 995.237 760.477 55.207 164.149 36.285 101.564 970.611 271.294 588.417 934.776 742.9 147.725 976.206 536.857 504.367 227.657 578.662 384.619 233.318 88.508 312.322 57.659 680.195 658.977 463.935 649.668 942.85 403.792 148.915 161.152 383.505 826.914 885.615 811.715 783.741 280.934 465.134 521.676 72.154 270.693 718.278 724.645 209.876 735.062 776.928 634.595 756.947 920.199 243.148 274.97 592.833 928.355 261.325 284.458 783.345 394.505 897.874 985.414 504.528 864.925 768.355 10.135 412.873 96.902 659.355 960.04 195.846 890.099 934.793 561.518 295.12 648.005 849.949 360.019 312.415 187.202 667.489 510.073 594.396 921.419 845.422 427.294 839.917 484.875 304.204
129.149 393.719 870.51 161.582 1000000000.0 946.214 315.01 139.782 399.306 800.792 556.179 834.686 106.77 848.484 542.91 738.682 185.271 155.52 555.851 931.13 264.816 661.514 245.669 510.797 180.688 927.897 881.798 71.698 220.001 97.314 467.081 741.438 738.686 674.246 134.062 101.852 879.781 472.552 882.86 901.194 475.202 45.178 481.993 70.868 693.334 936.689 559.976 634.763 308.002 39.352 8.635 293.469 743.545 301.561 894.645 513.111 697.642 879.049 492.273 965.529 854.286 335.518 187.691 627.182 695.937 31.106 495.474 539.978 198.814 827.457 414.587 420.972 841.857 40.2 138.134 276.732 371.364 304.53 107.862 483.167 864.887 443.899 907.205 812.229 663.943 877.548 567.973 682.586 903.352 552.657 275.497 85.152 356.725 766.764 862.115 653.469 614.438 565.091 796.81 485.281 474.02 994.288 35.561 959.299 923.615 130.619 572.455 425.171 516.601 289.962 186.896 475.861 699.881 589.102 172.647 301.31 938.572 411.476 980.231 36.842 167.471 862.125 514.264 208.859 141.731 382.199 661.322 97.24 99.175 338.852 518.812 213.73 379.722 625.15 95.577 218.642 349.543 295.572 642.468 289.091 682.458 699.034 928.987 519.528 519.508 76.747 60.128 548.07 748.607 674.985 346.428 231.588 317.965 205.273 454.788 426.202 759.573 685.829 723.278 896.131 3.284 287.422 522.278 181.931 207.439 256.466 889.178 847.144 92.441 382.09 244.314 739.752 576.887 122.385 562.252 370.491 16.34 748.808 670.75 957.072 527.235 42.208 289.462 543.421 51.362 626.455 672.456 947.269 868.482 445.173 795.556 30.131 36.876 318.197 462.873 594.289 748.991 79.192 655.299 799.655
456.187 366.719 582.899 260.701 946.214 1000000000.0 470.112 232.635 634.179 58.69 727.286 109.779 436.469 933.506 810.858 358.49 729.01 45.691 80.72 602.114 749.243 717.287 187.238 663.565 255.869 506.231 725.218 274.282 640.993 197.687 801.928 35.911 667.244 912.332 536.895 314.545 812.969 953.043 268.32 745.869 749.629 330.264 859.976 319.907 698.612 400.95 567.414 598.954 810.849 236.159 180.865 226.955 763.609 153.681 484.292 491.731 241.285 23.74 573.945 594.185 914.019 666.557 969.668 568.587 410.009 850.579 319.335 810.385 761.998 64.909 994.693 407.428 887.536 291.293 149.563 989.285 569.317 561.514 890.292 610.284 54.18 962.255 593.877 149.586 452.703 783.195 400.76 972.412 773.369 362.06 784.542 923.79 180.726 905.141 924.39 246.572 610.53 117.235 502.235 725.303 523.782 59.76 752.027 454.121 272.009 770.663 976.648 788.064 162.463 463.701 205.257 569.443 466.965 418.971 999.826 220.394 591.796 68.53 602.11 362.117 795.036 767.534 223.746 947.526 980.25 319.378 345.639 334.609 710.578 552.506 87.037 115.635 71.145 322.83 135.378 306.014 528.289 297.296 554.284 35.326 442.26 860.723 937.461 421.749 775.5 804.362 911.353 273.772 893.592 387.782 240.477 599.747 943.121 187.562 639.189 898.496 307.273 714.32 915.721 417.919 232.142 295.576 497.792 957.602 632.297 947.208 434.868 757.539 527.147 303.508 440.258 174.572 410.417 791.895 540.456 520.219 931.915 82.293 629.271 941.855 128.025 11.215 892.246 615.036 828.969 325.525 323.659 838.33 421.396 275.821 853.934 99.707 485.334 625.568 556.307 347.988 55.174 988.566 690.074 131.527
963.159 770.164 342.324 456.121 315.01 470.112 1000000000.0 709.28 297.523 47.391 490.153 682.094 509.286 826.115 198.516 986.734 172.548 516.933 480.819 167.891 61.319 328.551 218.913 3.607 242.252 757.652 532.184 440.474 491.159 861.345 622.577 596.717 841.338 559.218 468.024 202.48 388.089 797.478 223.599 773.119 589.384 965.466 685.136 221.797 711.215 804.364 339.122 854.232 729.067 28.284 178.582 825.439 972.595 683.933 236.684 711.349 391.741 647.666 943.653 146.66 419.507 247.741 855.657 541.119 933.577 301.978 493.984 746.965 246.747 184.807 82.61 457.26 163.2 634.676 444.215 743.025 542.953 345.725 223.584 380.242 350.36 477.647 729.346 16.217 92.654 526.761 790.806 68.603 659.106 254.259 82.115 749.173 207.692 200.009 55.22 455.698 304.999 846.889 237.997 582.911 546.73 572.417 422.097 750.805 383.835 843.132 162.612 374.092 244.453 841.109 67.213 779.75 387.389 863.904 799.608 710.242 998.588 139.942 181.339 162.662 334.786 839.797 166.232 582.135 922.259 44.329 290.126 703.126 487.536 532.863 180.141 203.522 872.609 272.515 785.58 796.136 445.795 77.958 662.692 862.83 420.445 781.615 672.039 942.957 382.113 162.273 458.371 580.609 795.387 638.609 816.845 521.993 595.458 677.253 459.268 386.378 616.71 213.866 545.136 759.565 930.608 950.499 473.02 805.176 890.412 779.119 332.327 209.863 567.104 840.272 78.432 916.859 485.524 975.598 984.162 14.016 831.815 693.374 121.402 266.154 583.605 168.411 324.965 944.481 49.453 435.505 899.825 428.0 586.315 366.411 646.016 184.266 797.525 304.797 507.476 162.371 587.555 395.041 581.339 425.72
870.147 143.034 892.809 893.081 139.782 232.635 709.28 1000000000.0 260.478 781.911 858.651 392.388 751.339 589.871 886.67 297.539 243.874 102.258 10.089 9.492 755.228 461.151 673.026 135.938 532.97 81.143 903.834 718.189 584.737 754.157 615.223 879.955 697.421 461.875 816.305 903.292 797.171 256.443 584.783 145.262 879.601 583.766 880.173 868.888 478.756 205.637 81.745 625.659 113.691 426.742 329.801 573.141 547.795 739.892 84.724 3.557 57.945 251.012 480.822 244.626 362.683 807.931 980.149 441.334 796.449 13.282 525.024 105.133 992.166 969.341 432.26 868.889 608.884 817.957 40.276 694.46 200.908 978.665 96.733 998.748 445.225 591.111 679.373 799.178 147.962 193.461 378.316 179.41 76.338 971.082 648.053 121.018 777.059 317.201 815.947 470.999 395.077 828.77 124.392 203.185 750.167 972.255 162.708 161.992 998.347 860.897 715.539 672.783 943.355 434.713 237.006 658.665 552.439 691.979 665.946 558.309 721.627 57.108 218.038 350.926 12.55 819.296 350.889 22.578 423.893 38.788 809.02 139.364 684.317 767.958 466.509 574.186 17.333 848.214 460.451 495.126 20.632 153.63 160.786 106.185 944.422 74.47 903.613 459.133 550.464 732.485 651.292 862.532 505.226 596.427 962.759 421.806 674.783 721.771 912.184 475.224 775.164 29.394 568.71 855.528 12.096 445.335 704.65 939.814 313.387 813.534 127.951 268.592 547.106 79.631 170.151 633.998 576.085 263.553 232.009 784.437 425.248 822.447 263.469 809.453 523.092 329.646 935.848 25.548 702.371 180.496 930.297 784.75 521.78 750.238 487.224 23.832 881.336 155.49 819.539 97.588 647.2 78.49 248.413 705.749
722.189 249.525 648.437 744.906 399.306 634.179 297.523 260.478 1000000000.0 309.546 534.848 101.228 565.464 600.645 129.138 341.05 55.515 461.456 520.09 14.24 478.967 94.226 912.702 333.881 860.56 202.85 621.794 92.429 945.233 811.534 37.583 196.783 104.181 456.872 613.509 894.353 240.29 958.736 92.05 492.807 197.984 525.63 480.944 365.302 481.643 560.346 746.534 932.261 513.797 56.802 715.887 326.322 80.695 782.988 909.041 179.117 639.082 354.384 607.767 994.43 417.153 463.633 493.368 724.069 9.251 606.317 31.978 72.74 33.175 438.647 53.215 73.145 811.837 879.092 238.641 522.132 647.188 835.533 629.009 577.657 826.038 42.16 472.858 976.824 609.589 735.995 622.12 263.182 899.029 652.881 797.24 595.855 829.087 609.501 527.555 197.963 749.132 989.097 529.472 691.107 504.249 693.592 89.159 725.333 773.884 601.198 71.025 116.991 477.031 726.831 188.379 978.909 569.142 330.687 581.264 267.672 640.375 168.115 857.183 108.134 591.872 40.882 503.091 995.487 568.792 661.122 203.978 952.966 774.641 954.382 638.298 277.375 464.874 235.407 849.353 897.714 888.898 910.742 295.643 626.575 11.532 788.433 153.839 233.795 885.328 348.925 88.276 318.495 4.388 713.656 595.973 140.678 136.027 508.39 747.434 979.503 561.306 532.457 699.379 686.501 638.038 83.134 624.342 804.007 974.889 257.787 132.409 825.002 360.382 769.669 774.235 120.65 916.374 959.91 841.708 374.864 618.377 564.357 386.919 548.61 101.625 943.355 471.15 931.784 982.064 849.081 24.794 526.142 984.096 790.926 912.857 579.434 396.219 46.045 563.287 439.313 899.046 773.785 744.59 896.246
905.479 83.721 364.865 858.37 800.792 58.69 47.391 781.911 309.546 1000000000.0 899.375 392.331 245.14 605.439 780.353 732.242 923.082 261.584 629.05 865.011 446.312 219.982 531.883 71.061 494.41 85.749 273.76 686.727 755.169 151.532 15.524 316.791 178.114 184.485 541.612 612.446 748.932 985.323 344.582 205.966 525.12 393.004 561.214 695.612 469.818 552.191 864.775 885.143 965.776 327.111 580.042 27.62 208.974 719.421 605.707 593.62 38.311 938.395 122.85 745.455 880.771 211.288 12.054 691.397 681.018 590.468 559.259 130.322 581.747 475.196 24.325 65.629 864.024 436.917 376.483 392.132 201.342 540.766 181.296 751.877 671.673 329.145 793.467 198.975 643.03 159.212 807.583 488.809 278.661 780.067 885.164 660.022 7.09 811.362 849.145 219.843 41.413 475.856 629.747 773.598 339.666 413.294 999.062 542.714 406.777 34.411 214.571 77.286 506.4 326.513 203.373 957.086 12.78 481.059 865.796 763.521 9.706 430.9 198.669 783.828 928.811 462.445 535.185 16.775 500.05 523.318 47.18 248.988 168.659 248.239 358.189 588.633 97.578 541.741 114.926 947.943 445.679 674.311 940.543 369.773 301.432 12.164 480.921 706.868 103.788 608.339 23.51 402.021 32.762 535.341 420.576 222.975 598.541 613.765 910.776 814.502 525.367 281.612 386.774 168.167 341.481 330.477 93.376 369.151 104.507 609.293 736.604 690.145 133.346 340.673 706.921 532.936 853.211 897.153 765.002 361.625 408.09 398.723 101.84 7.055 314.675 557.905 255.012 686.36 409.352 238.725 746.671 709.334 599.178 325.149 789.461 423.643 57.27 984.445 456.925 882.605 792.481 453.555 841.142 794.305
958.935 131.574 284.091 79.593 556.179 727.286 490.153 858.651 534.848 899.375 1000000000.0 708.721 860.386 686.65 886.115 682.1 832.06 711.022 361.541 958.02 236.393 997.416 212.123 774.314 405.088 550.032 922.794 893.741 43.916 776.904 603.349 977.082 411.665 575.957 72.259 384.486 161.509 990.808 237.02 867.542 837.107 615.791 839.706 612.373 564.242 465.95 321.16 9.189 239.444 974.066 101.986 374.966 699.595 42.193 267.215 198.307 986.141 949.065 796.365 574.393 29.958 238.568 661.427 577.526 377.409 338.21 694.337 430.665 953.624 140.407 16.04 867.367 905.358 795.63 679.431 500.974 890.788 498.835 155.642 845.708 835.847 176.354 532.82 862.371 402.42 228.667 677.513 435.211 990.377 101.582 878.194 361.425 146.183 456.192 401.878 357.476 218.197 546.667 533.176 763.527 553.62 166.217 999.875 782.364 125.536 377.124 188.869 677.233 337.552 623.744 901.923 109.901 934.414 392.2 539.142 896.369 34.777 819.27 182.786 286.419 412.479 413.568 252.505 101.243 358.426 274.572 27.356 606.74 901.158 113.055 811.887 173.86 856.277 984.61 192.248 400.053 323.272 788.112 890.175 720.364 34.56 841.495 880.521 578.547 239.666 412.127 693.8 1.226 501.634 521.791 262.114 505.285 811.815 611.952 582.974 576.265 983.13 982.065 938.853 593.383 205.44 261.902 697.719 914.052 164.918 379.964 755.876 988.38 222.195 78.298 962.442 482.464 308.252 633.734 39.548 429.8 516.275 462.644 592.87 921.956 424.511 216.023 711.865 962.158 906.713 541.877 748.403 91.929 860.804 672.811 879.773 274.301 155.004 315.19 381.963 221.096 964.972 688.807 963.297 513.438
284.331 609.748 720.037 806.928 834.686 109.779 682.094 392.388 101.228 392.331 708.721 1000000000.0 325.076 52.066 808.357 200.234 735.916 213.333 801.567 661.559 990.338 992.433 94.422 421.89 852.462 379.367 137.972 330.514 844.935 116.594 462.062 776.071 959.412 853.276 260.443 243.767 160.125 806.767 453.05 680.955 575.946 64.554 638.424 68.139 101.582 859.419 507.078 373.963 391.46 584.634 544.374 326.779 841.498 657.788 709.827 44.821 446.318 955.336 520.502 736.071 266.082 742.42 997.339 570.191 744.091 671.512 532.198 63.544 929.379 81.594 650.773 424.163 677.223 907.475 841.958 287.98 86.572 789.13 317.324 394.678 272.065 117.136 824.341 149.096 28.206 375.642 998.246 356.235 920.761 444.631 632.433 429.778 328.388 988.097 563.536 113.275 418.375 734.103 259.989 847.62 496.087 520.083 465.977 240.942 436.019 537.514 719.614 561.11 403.384 72.606 174.446 828.933 397.192 373.544 890.563 224.11 385.332 378.389 665.063 858.584 139.844 494.236 873.583 854.709 813.237 332.595 676.222 257.052 329.096 37.736 397.821 486.508 253.512 768.629 5.291 48.728 274.188 198.609 295.193 478.706 848.186 312.285 710.005 658.069 630.203 495.688 878.937 588.668 783.701 868.879 1.354 216.095 540.412 281.567 900.397 343.432 743.389 376.599 658.657 706.655 58.449 252.551 518.784 940.979 906.601 816.466 845.423 12.695 796.975 265.756 752.591 438.453 27.341 919.154 652.294 537.693 415.577 12.961 650.97 703.796 29.406 655.997 839.462 128.929 263.183 28.225 712.969 384.926 199.099 375.304 510.103 306.125 430.109 433.251 556.537 426.315 112.871 990.885 439.513 551.734
218.211 124.457 728.86 777.178 106.77 436.469 509.286 751.339 565.464 245.14 860.386 325.076 1000000000.0 426.334 193.247 585.546 541.214 279.335 995.931 185.116 533.133 604.149 99.526 617.908 202.444 96.022 25.368 409.172 339.352 186.082 333.896 251.032 763.708 527.913 749.083 775.937 881.672 676.375 270.19 267.047 551.514 32.582 134.35 965.94 430.368 992.953 175.702 886.061 68.501 909.658 550.052 577.135 477.605 23.738 180.734 271.435 904.903 915.739 209.089 33.675 91.033 603.269 513.941 199.665 233.219 712.351 242.667 853.46 785.146 385.175 241.537 504.975 249.455 149.234 184.299 729.444 210.691 796.792 602.629 995.707 796.957 629.922 820.836 849.178 922.146 938.551 449.56 798.529 81.369 861.897 304.263 546.187 143.864 370.396 711.929 226.401 959.672 173.121 976.112 720.934 955.523 981.287 712.195 61.931 865.418 254.356 558.161 367.011 18.519 720.841 787.739 926.424 959.691 819.495 904.112 557.722 699.981 926.262 983.518 607.885 471.63 501.892 552.2 857.911 227.042 549.108 134.281 575.47 771.065 923.879 444.985 650.196 530.106 508.227 44.96 54.071 561.835 899.324 73.523 252.973 305.815 918.446 727.013 82.443 921.515 829.401 1.112 268.774 254.584 80.253 77.948 214.841 334.888 866.642 252.385 460.954 29.457 79.222 952.099 937.1 725.707 764.634 570.298 931.687 601.358 464.138 200.807 904.187 243.533 589.83 215.773 115.289 780.199 172.753 763.248 943.145 820.845 633.596 146.33 731.176 803.072 93.053 518.695 157.858 894.611 455.38 222.8 896.817 237.149 919.582 48.446 977.269 131.818 854.945 80.116 132.466 935.842 456.619 160.527 699.892
674.529 491.557 814.301 691.753 848.484 933.506 826.115 589.871 600.645 605.439 686.65 52.066 426.334 1000000000.0 695.211 927.762 944.338 672.505 205.897 548.399 135.786 410.862 293.983 126.428 118.506 759.81 831.238 657.545 983.891 684.001 368.706 775.319 60.585 729.439 585.906 329.55 772.162 116.989 357.546 337.179 87.374 620.121 795.569 81.616 267.109 449.878 609.356 306.523 993.475 824.765 58.99 15.411 385.308 779.971 763.921 381.171 302.692 185.262 446.961 793.668 299.836 229.095 444.789 752.422 789.866 704.188 327.295 800.378 215.438 504.75 582.103 58.556 689.537 560.403 943.596 651.1 932.65 284.415 113.68 681.328 141.493 7.809 938.864 527.773 167.014 548.386 720.546 190.241 413.822 380.502 348.111 874.116 493.154 127.474 743.199 534.195 940.008 128.174 600.87 740.786 407.985 777.004 558.395 757.418 869.608 126.757 904.464 375.837 284.694 26.862 38.869 972.963 491.53 771.172 285.793 105.311 661.031 492.587 266.379 514.805 46.548 388.017 231.987 239.032 801.096 623.424 846.945 901.327 805.534 512.795 966.202 15.966 308.584 183.115 171.129 399.224 731.608 954.321 582.922 721.373 893.123 344.956 20.204 968.472 823.527 430.804 855.291 239.346 83.554 301.934 808.379 682.931 916.996 606.797 590.773 143.26 751.776 724.503 952.024 965.198 67.18 684.876 137.941 605.944 845.45 906.442 159.308 320.282 931.706 463.546 580.038 440.503 133.351 383.678 701.626 680.479 8.963 322.386 502.791 499.614 878.207 209.507 701.376 543.792 317.97 273.662 262.143 514.269 979.099 620.706 492.348 450.131 766.379 705.815 889.783 866.358 949.007 919.553 761.652 53.812
310.095 649.58 51.387 514.864 542.91 810.858 198.516 886.67 129.138 780.353 886.115 808.357 193.247 695.211 1000000000.0 868.55 477.608 778.609 667.144 199.813 715.802 501.279 920.782 890.436 647.758 7.438 762.603 635.921 862.785 901.276 846.013 223.865 462.251 969.556 689.49 667.475 549.504 280.073 281.7 766.335 882.166 672.607 894.031 823.439 20.552 397.129 204.248 65.41 863.505 298.052 139.404 898.493 473.033 885.446 148.344 300.625 528.789 200.393 389.801 590.566 963.681 121.373 304.296 353.933 458.712 803.298 361.101 305.169 683.259 364.059 159.365 169.589 318.549 154.554 820.509 419.468 169.052 743.093 356.724 864.837 480.555 12.012 719.545 800.499 75.947 414.775 656.163 32.685 765.476 509.705 573.516 536.108 429.082 65.68 966.107 950.964 187.155 480.12 297.686 454.877 508.692 946.864 382.153 775.948 688.893 843.549 339.339 741.336 278.908 206.523 712.473 582.357 818.544 628.676 32.788 992.082 7.533 857.105 368.93 411.035 993.657 435.156 590.079 940.296 915.987 800.158 107.656 181.824 193.077 799.942 85.443 942.433 966.062 631.195 822.935 216.9 258.392 381.091 370.97 414.399 406.464 391.962 104.907 362.042 268.223 147.73 400.222 656.57 889.678 328.94 263.387 208.269 609.141 533.292 894.1 956.206 293.735 124.296 605.335 398.612 657.442 306.386 88.858 537.562 466.506 373.781 457.449 799.273 564.95 700.145 178.691 885.34 256.938 207.565 607.195 814.683 703.612 907.005 857.908 905.159 114.121 26.244 165.795 64.481 472.497 511.158 446.799 354.317 760.398 184.705 911.147 289.396 705.786 148.898 124.303 390.244 601.482 462.729 570.97 310.277
193.028 664.489 892.646 805.787 738.682 358.49 986.734 297.539 341.05 732.242 682.1 200.234 585.546 927.762 868.55 1000000000.0 232.901 423.126 893.748 253.852 608.596 421.002 999.649 329.989 438.499 407.599 240.628 390.047 703.483 345.17 678.009 635.953 40.24 342.677 548.772 404.596 48.887 303.843 20.96 315.923 804.164 776.707 173.238 608.815 932.343 311.908 77.479 981.219 650.729 670.376 799.766 500.834 713.048 457.369 654.502 355.588 904.08 491.673 750.78 244.71 844.073 265.506 461.047 772.298 712.283 950.388 997.981 432.04 81.96 677.616 631.182 299.287 146.306 992.062 549.351 221.141 728.358 750.394 683.298 155.821 534.636 469.319 26.917 88.384 213.772 101.974 605.998 911.45 630.335 782.028 435.577 475.144 884.827 107.071 568.122 276.44 715.782 238.79 978.092 356.343 290.017 866.772 224.773 791.952 330.992 603.126 476.563 190.003 917.333 162.206 284.503 571.095 223.289 717.351 417.798 92.356 862.534 319.436 673.037 211.334 40.966 409.961 850.391 608.452 965.462 356.396 485.862 820.446 235.808 882.015 267.014 130.06 745.75 54.991 834.003 337.76 270.598 315.708 231.298 912.55 763.133 264.139 391.692 972.454 183.485 235.614 832.625 231.284 844.337 178.511 48.803 308.909 351.752 502.177 973.064 7.853 924.436 599.277 774.295 81.643 457.764 83.2 262.779 331.718 228.72 469.752 568.501 506.75 685.237 544.451 948.745 424.527 671.11 275.195 991.458 377.111 885.176 648.089 825.641 408.739 794.86 3.83 112.021 320.156 142.906 254.81 358.477 673.23 316.762 908.228 977.646 152.203 289.937 644.373 970.561 370.995 263.378 480.96 204.309 452.813
126.046 766.417 404.028 874.03 185.271 729.01 172.548 243.874 55.515 923.082 832.06 735.916 541.214 944.338 477.608 232.901 1000000000.0 792.666 825.586 866.241 405.981 22.294 406.127 249.082 920.489 307.351 90.43 307.411 610.248 16.578 84.276 991.831 579.943 382.574 34.417 439.593 331.545 59.585 897.765 569.654 446.185 614.241 637.26 656.36 532.735 763.543 569.221 523.211 689.861 574.174 763.671 220.8 254.84 896.54 475.102 523.15 35.204 168.805 718.999 576.894 135.278 694.948 219.528 333.668 328.697 788.902 684.093 183.718 556.497 616.711 376.173 404.58 722.075 200.957 253.435 391.035 171.618 422.632 303.303 530.803 932.521 665.447 847.254 84.477 413.417 459.805 418.796 284.221 45.863 659.873 970.824 121.458 954.772 970.486 343.216 118.259 445.168 458.035 955.227 978.118 854.831 570.259 998.799 727.74 494.637 358.874 931.124 695.175 978.444 910.155 9.388 263.645 448.216 454.995 574.947 377.131 23.653 504.642 699.007 701.651 797.273 872.042 828.401 873.223 902.053 716.096 510.601 24.094 500.014 222.799 757.942 97.693 91.703 574.201 432.977 910.841 468.943 24.889 203.357 526.874 304.663 166.913 357.249 759.033 495.802 585.817 305.39 19.097 216.422 845.965 473.23 914.738 15.347 647.918 464.688 23.606 908.726 387.487 935.082 505.662 762.588 391.046 422.826 168.55 182.564 160.908 939.955 734.032 945.351 486.142 120.066 359.466 639.989 250.53 891.433 311.348 288.39 319.491 617.562 492.654 850.748 51.521 553.453 224.516 778.143 181.928 727.375 785.065 275.764 425.774 544.51 435.285 54.208 755.931 642.373 991.415 906.501 154.86 839.459 781.813
573.558 223.014 404.838 96.803 155.52 45.691 516.933 102.258 461.456 261.584 711.022 213.333 279.335 672.505 778.609 423.126 792.666 1000000000.0 205.747 93.718 990.214 828.316 21.876 99.814 404.069 617.979 965.785 809.598 4.824 134.38 655.333 655.387 497.399 650.123 731.409 883.12 771.226 499.972 306.424 78.502 438.026 408.947 772.171 67.152 589.123 810.2 496.985 467.136 332.093 649.041 101.515 261.404 31.078 968.969 569.981 679.418 122.43 948.709 874.035 115.476 190.86 86.145 631.688 521.814 96.63 669.121 527.173 383.292 993.221 991.357 250.983 264.673 283.612 975.561 61.223 134.988 498.216 672.019 406.472 872.245 69.189 212.162 18.623 241.482 166.85 22.618 363.344 721.947 923.42 154.584 110.307 303.608 8.954 342.779 93.149 45.05 586.211 236.286 13.761 573.851 394.741 476.555 159.181 186.723 695.53 221.13 536.527 350.114 519.085 258.757 1.924 522.427 134.733 633.879 19.123 400.284 298.764 930.812 348.047 995.502 785.152 51.618 982.164 516.176 619.619 713.989 557.348 696.883 31.196 811.396 9.715 197.87 599.641 478.055 817.97 440.354 150.459 251.443 81.543 849.49 235.849 685.377 935.521 572.397 175.963 304.292 343.142 414.238 13.381 396.937 119.26 899.284 317.247 877.595 515.598 100.005 638.323 290.483 484.513 150.37 528.233 370.525 368.215 79.853 774.848 597.657 127.817 904.107 313.914 352.852 117.488 298.909 318.216 296.943 720.476 87.08 152.386 618.67 111.945 203.94 401.952 584.743 572.614 904.455 431.765 272.94 480.705 535.401 587.478 51.196 696.86 912.775 470.639 615.974 478.812 466.073 624.114 913.76 926.951 395.596
121.435 255.657 271.977 595.562 555.851 80.72 480.819 10.089 520.09 629.05 361.541 801.567 995.931 205.897 667.144 893.748 825.586 205.747 1000000000.0 12.803 118.736 194.136 445.13 65.785 80.501 7.345 121.685 865.611 214.889 130.021 215.25 250.53 601.41 683.501 416.855 194.736 939.454 257.215 36.236 102.861 565.429 729.143 313.108 575.261 905.602 133.327 786.256 773.677 502.712 451.269 230.752 984.946 976.642 966.252 966.687 708.156 591.149 58.415 869.292 340.738 867.332 285.272 615.559 252.138 349.277 888.511 542.193 607.092 87.284 652.584 755.429 568.988 330.971 425.236 617.708 946.67 547.599 437.381 660.812 404.989 620.74 850.735 130.652 241.098 657.165 444.129 198.447 969.307 734.123 631.964 35.533 606.293 107.792 68.493 390.266 402.546 583.756 975.165 308.1 343.512 440.151 718.532 69.087 213.769 609.871 191.558 433.511 889.803 264.02 182.604 608.415 862.201 89.466 703.857 684.541 394.615 985.643 279.337 227.423 758.794 953.445 654.232 712.569 448.954 427.395 268.34 128.943 92.128 934.965 119.36 460.744 695.068 560.48 276.558 820.106 366.888 443.155 912.797 566.374 688.369 512.694 173.585 102.453 76.611 629.647 618.976 877.38 344.385 458.016 909.295 663.816 887.782 684.493 130.113 208.877 661.21 388.03 961.278 189.594 824.631 429.142 435.989 418.669 823.698 953.773 198.828 832.895 288.952 25.431 696.909 502.735 43.957 186.783 385.131 220.925 75.752 550.434 200.382 495.152 691.156 99.208 474.236 536.971 805.119 237.286 602.699 436.548 752.686 525.054 181.135 144.353 580.273 341.56 318.551 376.35 189.38 278.281 171.341 949.071 746.832
883.99 583.128 43.718 256.727 931.13 602.114 167.891 9.492 14.24 865.011 958.02 661.559 185.116 548.399 199.813 253.852 866.241 93.718 12.803 1000000000.0 231.889 782.497 837.837 638.608 727.457 740.516 641.126 875.185 960.412 581.106 516.248 924.535 277.465 324.155 130.505 611.507 256.562 739.865 575.772 296.163 467.754 131.583 839.381 783.064 169.748 596.01 732.118 474.798 59.565 213.775 311.806 101.227 71.015 581.771 698.152 905.014 465.748 668.726 66.385 18.579 246.785 858.274 141.543 429.035 434.722 731.501 462.525 235.043 78.701 434.287 513.037 990.7 746.891 81.543 143.182 829.404 107.083 664.717 377.807 856.582 800.653 121.988 772.858 822.326 8.672 855.186 143.207 92.608 744.408 194.371 438.418 424.048 580.535 795.993 447.687 238.806 806.034 768.681 117.812 277.999 464.966 394.441 17.152 812.7 190.589 751.661 884.6 233.254 486.744 46.137 778.438 701.813 104.77 51.083 206.993 511.887 847.862 831.572 519.9 456.738 751.184 88.296 317.71 181.675 429.579 851.554 391.384 816.873 124.6 264.708 847.556 660.854 675.961 972.102 216.215 564.976 445.322 838.363 289.41 811.167 383.804 722.564 951.534 893.542 642.361 302.829 576.527 825.16 778.898 319.779 176.295 46.818 667.21 36.615 929.25 848.877 691.816 17.175 522.093 957.57 414.457 471.197 791.356 205.078 232.509 236.938 963.599 598.726 784.312 461.152 539.581 854.787 133.594 513.919 972.916 599.973 167.479 269.107 402.182 722.503 693.099 867.125 396.712 587.692 124.883 823.471 453.664 237.048 603.041 82.784 603.794 274.994 354.228 811.099 360.21 173.973 868.395 934.125 544.651 706.512
780.234 18.297 552.689 534.125 264.816 749.243 61.319 755.228 478.967 446.312 236.393 990.338 533.133 135.786 715.802 608.596 405.981 990.214 118.736 231.889 1000000000.0 388.254 495.56 681.622 35.917 611.503 48.112 258.631 717.609 31.144 459.153 998.592 644.056 236.292 837.136 768.017 992.821 159.045 461.427 70.315 764.453 57.914 873.795 794.961 21.971 626.489 563.725 521.346 601.16 261.509 864.779 688.041 141.23 312.195 192.125 979.405 113.582 447.01 398.635 598.412 270.814 623.96 257.457 860.074 582.291 648.963 614.003 363.957 691.232 491.501 63.584 213.785 186.368 314.356 825.347 398.001 353.736 384.496 916.556 213.442 547.651 567.948 423.337 71.906 534.583 645.954 391.074 519.185 774.127 944.715 389.952 769.177 417.199 849.725 150.313 908.75 910.199 165.138 506.908 533.696 543.918 74.889 954.643 966.107 207.694 184.213 973.647 730.494 14.75 767.331 518.586 547.359 948.047 747.557 573.983 960.376 857.583 330.915 275.688 575.326 603.755 673.14 786.238 796.71 983.322 945.118 875.123 783.766 544.891 613.647 996.147 108.804 498.879 798.684 47.008 519.921 703.43 978.843 653.304 567.594 560.163 120.852 888.245 994.182 480.22 602.9 672.401 717.826 184.968 26.261 524.19 643.231 337.191 137.897 170.598 865.952 191.147 562.279 656.168 577.611 208.729 2.318 848.781 678.819 15.317 116.183 932.649 806.503 603.102 553.893 515.512 971.041 16.391 926.168 960.001 313.989 326.732 414.739 292.428 653.207 671.789 913.464 386.38 644.189 295.884 511.935 986.714 966.292 322.074 756.032 700.373 945.164 919.68 917.387 300.063 686.296 482.898 752.044 26.369 710.331
258.866 284.851 811.238 939.271 661.514 717.287 328.551 461.151 94.226 219.982 997.416 992.433 604.149 410.862 501.279 421.002 22.294 828.316 194.136 782.497 388.254 1000000000.0 565.261 568.706 907.453 288.352 691.942 488.5 172.698 953.859 879.393 909.139 498.483 493.671 230.121 971.536 410.469 534.878 978.105 412.629 379.734 189.506 399.944 40.58 970.391 35.865 830.823 612.938 269.479 88.811 89.705 494.144 880.924 846.879 649.122 8.059 443.524 816.248 661.407 830.222 7.997 371.139 522.695 477.313 646.945 210.786 79.854 298.43 484.856 771.84 819.939 129.129 417.835 446.441 536.893 686.651 862.768 212.34 785.059 997.704 342.77 578.867 727.437 898.247 84.873 321.971 486.658 837.335 926.085 242.688 141.649 219.252 814.868 496.329 821.662 755.75 726.302 326.02 969.165 658.646 28.216 667.275 268.79 778.767 137.069 350.623 238.491 170.457 268.675 287.69 133.112 61.215 532.754 834.915 216.041 711.513 656.135 868.879 824.45 130.695 28.563 289.678 700.359 185.586 310.487 725.547 982.718 822.899 591.208 960.095 899.848 604.924 633.32 588.335 542.787 710.357 105.46 717.622 960.146 501.402 258.188 433.176 884.52 578.198 756.134 953.842 326.187 650.937 995.795 948.692 409.078 982.163 56.839 620.217 373.458 927.351 456.987 114.075 264.108 586.681 440.302 416.324 934.745 274.876 606.815 69.49 760.143 569.792 337.509 473.895 518.482 836.998 754.322 399.405 912.929 611.263 585.383 135.047 235.624 208.789 131.746 63.078 445.369 467.339 474.334 114.541 532.896 166.417 673.262 310.172 553.18 765.406 518.636 575.805 547.613 389.797 372.852 949.261 33.813 30.905
281.911 376.607 399.163 923.808 245.669 187.238 218.913 673.026 912.702 531.883 212.123 94.422 99.526 293.983 920.782 999.649 406.127 21.876 445.13 837.837 495.56 565.261 1000000000.0 953.68 262.287 136.812 394.271 446.99 243.462 516.479 926.492 714.0 258.234 367.793 441.07 971.449 955.822 666.3 292.136 827.82 914.597 48.337 39.775 960.124 708.067 485.06 495.679 876.941 464.506 646.791 96.533 891.326 178.262 854.17 24.526 917.96 409.085 594.111 153.975 496.388 650.539 130.366 785.857 40.833 656.257 47.477 620.411 656.554 775.2 676.85 71.072 57.586 558.181 240.293 999.862 579.447 748.218 98.733 161.061 153.257 560.119 929.319 758.455 194.536 956.318 219.823 316.357 9.782 176.526 736.051 815.594 927.297 805.411 401.53 475.827 420.908 435.524 614.137 854.664 543.474 482.088 294.61 441.895 567.024 318.259 377.264 797.106 577.947 722.14 591.777 464.481 518.083 193.88 957.085 20.84 843.215 653.414 311.897 532.127 339.683 270.777 222.603 355.387 912.928 566.511 462.035 969.274 317.675 946.819 147.445 421.74 993.738 84.713 995.637 337.503 545.564 271.09 338.353 619.375 288.936 623.827 340.512 645.878 451.871 924.549 31.105 300.124 844.801 266.014 18.078 777.024 884.363 686.193 334.994 259.63 1.914 49.035 410.829 715.648 14.396 978.953 341.031 613.372 12.934 159.604 411.767 301.708 651.886 822.147 836.548 234.393 921.844 748.041 544.511 180.183 95.137 103.258 623.898 401.699 382.89 649.392 805.399 25.884 806.459 408.894 470.145 411.736 400.154 825.068 356.059 895.439 307.69 602.844 673.394 364.343 356.746 500.269 98.763 617.18 408.831
574.51 581.294 192.269 73.142 510.797 663.565 3.607 135.938 333.881 71.061 774.314 421.89 617.908 126.428 890.436 329.989 249.082 99.814 65.785 638.608 681.622 568.706 953.68 1000000000.0 348.382 660.6 646.655 577.67 674.437 833.924 898.381 91.814 399.326 957.331 600.504 169.873 83.447 257.891 382.983 909.42 299.807 896.11 785.093 965.715 439.596 430.084 937.991 398.301 252.067 800.389 652.317 263.253 594.89 885.464 607.954 971.527 822.019 715.422 38.578 659.941 35.635 208.569 664.081 461.942 868.083 745.968 672.139 714.454 736.521 63.176 414.351 72.087 687.931 817.062 144.877 819.43 216.991 794.705 786.964 48.118 844.997 481.68 986.641 130.288 665.715 465.162 284.493 361.543 727.625 621.977 147.461 545.872 385.493 202.146 309.14 587.441 987.458 74.026 338.443 187.867 121.959 418.988 355.872 67.815 314.905 948.925 196.656 262.952 655.806 388.149 696.517 840.469 506.25 375.956 63.696 86.15 91.169 305.78 229.785 81.664 912.398 11.996 812.707 439.655 117.603 187.938 308.421 997.813 384.523 577.694 919.695 739.226 81.245 372.37 456.959 882.635 125.637 785.437 89.807 222.328 545.767 477.671 631.786 166.227 701.246 428.441 9.053 650.244 386.9 558.468 650.485 482.511 365.348 42.603 190.372 715.193 701.507 569.017 680.188 868.922 792.305 666.93 440.672 266.827 246.083 756.588 825.16 66.671 976.814 384.394 619.669 537.123 918.598 65.917 976.088 963.158 525.121 151.852 366.577 136.947 767.886 102.472 66.024 359.674 547.801 779.986 79.637 225.232 754.806 615.782 401.41 464.421 169.108 251.744 647.144 37.532 726.196 637.773 530.174 887.173
318.76 46.072 483.576 635.311 180.688 255.869 242.252 532.97 860.56 494.41 405.088 852.462 202.444 118.506 647.758 438.499 920.489 404.069 80.501 727.457 35.917 907.453 262.287 348.382 1000000000.0 754.829 588.228 151.141 459.687 965.372 212.536 855.285 641.102 572.622 348.591 521.612 247.103 333.883 914.035 279.209 40.619 602.364 434.462 443.649 181.816 636.016 25.723 844.636 413.326 95.098 124.139 403.659 645.091 734.67 72.056 177.533 439.549 175.24 568.99 890.783 334.261 383.347 487.331 438.426 645.657 709.644 787.354 160.334 836.048 202.322 959.403 353.168 695.255 255.846 751.528 138.766 716.101 768.371 12.517 714.269 38.165 339.947 263.835 61.196 894.46 772.604 601.01 464.864 38.087 238.666 763.721 678.403 20.752 641.707 416.955 832.066 357.328 390.224 887.447 257.343 484.679 277.738 788.781 574.863 1.732 454.725 62.592 170.917 353.373 778.764 494.963 810.714 574.796 761.972 232.78 304.649 426.465 691.521 421.287 785.661 782.229 935.895 378.17 464.061 470.976 987.625 622.276 708.46 830.859 847.118 462.661 929.332 635.411 436.518 930.782 112.392 957.443 147.525 251.001 254.791 151.339 148.681 247.588 434.335 480.466 890.379 86.653 79.52 845.397 735.0 377.463 370.131 349.599 281.839 266.446 724.048 924.551 472.614 858.77 509.157 701.913 59.736 149.628 75.651 492.415 981.177 48.215 913.563 435.501 43.744 228.145 178.392 760.233 5.16 256.433 23.128 364.939 778.749 68.836 333.384 819.64 730.288 645.82 571.909 220.792 851.108 136.32 941.186 33.333 880.868 342.555 464.392 944.593 915.502 929.421 840.523 173.177 267.789 933.749 818.072
