200
1000000000.0 989.288 371.232 494.83 763.883 592.93 387.253 508.04 922.039 411.122 502.502 947.757 875.747 292.293 23.348 727.933 634.749 588.194 169.9 766.893 563.379 348.642 656.34 958.877 2.8 996.677 407.047 894.905 420.169 850.709 949.461 918.414 831.86 184.101 738.026 837.119 786.635 375.143 141.443 57.622 204.153 974.468 622.988 164.477 343.097 403.052 405.825 723.095 79.282 631.222 712.634 113.242 69.711 864.296 573.028 121.307 199.295 321.205 304.628 708.086 54.69 533.072 196.95 863.702 412.539 504.253 823.216 583.691 245.853 238.993 524.719 636.711 237.433 316.105 375.128 705.742 244.84 178.966 171.776 236.388 566.233 252.062 579.152 795.565 440.889 548.742 518.552 339.752 870.85 85.239 666.694 576.823 483.509 396.197 210.903 189.3 376.252 60.959 415.077 883.795 765.413 275.532 662.994 281.396 205.133 84.277 166.79 20.057 56.324 206.416 16.557 988.7 345.331 289.045 385.003 524.749 345.471 241.054 336.758 344.677 306.227 691.505 380.638 606.425 56.095 916.474 980.845 829.574 765.838 3.285 881.382 135.807 135.094 697.38 564.948 464.528 611.6 503.13 761.149 391.507 466.547 393.017 664.105 484.212 657.512 761.089 352.191 535.915 615.67 834.089 659.445 64.554 108.025 138.854 791.275 142.174 976.682 622.037 834.476 517.571 409.539 146.824 198.76 219.42 796.765 528.41 703.401 923.789 434.7 658.014 212.852 350.998 505.987 399.982 220.032 250.731 222.488 802.324 575.735 336.294 634.034 847.349 72.938 411.005 801.491 261.956 556.435 511.836 707.08 264.913 95.828 41.078 369.153 658.286 43.415 157.23 135.497 165.595 225.603 867.281
989.288 1000000000.0 902.082 229.038 130.621 468.836 964.024 586.42 45.337 791.05 230.703 751.685 235.045 117.787 544.611 429.416 234.836 597.401 467.412 494.238 977.148 591.096 592.384 201.106 967.614 689.02 167.35 118.877 865.016 936.303 790.983 901.106 661.24 140.154 73.915 318.983 944.377 824.487 974.958 233.789 226.787 265.352 374.095 798.755 772.512 191.269 994.641 887.249 531.731 602.483 665.125 430.495 960.16 463.643 297.784 154.837 394.943 954.389 328.988 800.564 36.713 173.778 591.792 940.533 521.763 593.031 181.518 239.767 375.909 903.778 284.055 832.208 521.732 54.397 575.663 527.711 742.797 748.995 354.944 912.422 608.635 44.291 72.996 158.807 194.845 242.657 847.105 287.786 95.181 653.416 12.888 837.785 588.278 818.853 834.041 115.478 584.647 180.664 18.676 67.524 153.555 202.258 926.816 795.526 737.441 360.419 690.391 754.318 848.362 545.057 31.051 879.078 251.87 103.115 502.345 795.559 738.766 380.814 595.025 599.145 564.885 239.827 295.22 916.043 8.572 882.163 321.079 960.902 968.759 703.022 546.381 959.553 333.653 634.773 842.682 757.618 787.605 584.091 146.012 217.506 898.624 433.724 133.172 614.78 97.184 273.901 187.7 772.298 758.882 524.395 388.577 767.298 220.122 738.431 792.908 68.138 749.72 878.224 891.151 481.784 329.703 847.058 288.218 810.18 593.715 302.015 194.24 711.131 18.254 314.553 154.717 945.698 310.721 487.619 544.064 707.636 146.611 898.381 161.036 113.034 411.619 179.03 194.212 672.596 909.387 98.832 720.781 941.689 957.533 370.142 191.308 384.635 350.111 850.463 604.63 653.269 843.99 454.379 540.553 827.758
371.232 902.082 1000000000.0 719.651 963.301 538.517 944.398 290.278 797.277 574.536 350.453 197.972 206.919 646.086 95.561 81.709 268.123 45.304 422.602 233.253 715.39 174.707 903.81 666.979 647.372 715.058 393.425 813.376 211.509 51.736 673.503 565.914 772.581 793.625 419.747 432.205 713.853 105.431 99.851 583.058 601.095 818.503 184.544 662.47 891.046 599.707 907.835 480.312 550.029 109.498 220.515 11.096 522.368 54.038 519.219 626.75 847.86 503.887 597.714 389.858 789.749 188.573 194.453 593.203 113.332 720.908 578.211 182.035 947.512 747.218 343.427 879.615 756.519 904.915 691.551 742.672 850.213 753.759 149.16 515.255 677.949 348.421 963.327 373.097 177.489 3.946 988.898 987.203 70.268 795.993 996.141 281.489 344.949 262.911 554.02 211.107 507.87 512.802 282.892 765.698 838.651 97.804 127.84 428.316 283.248 780.463 541.983 967.25 123.059 802.692 454.281 622.479 586.762 246.095 340.14 523.588 896.068 172.249 38.6 690.003 221.888 944.104 895.303 714.722 152.978 922.896 604.357 526.11 971.487 665.302 881.711 223.131 989.252 351.235 381.378 362.625 449.668 28.982 673.265 317.117 721.324 609.628 482.208 532.691 254.333 504.934 851.422 538.962 914.926 960.771 675.008 360.759 337.031 540.12 553.836 590.114 750.049 323.723 647.662 778.24 627.332 822.891 778.499 538.325 912.588 792.778 775.326 626.943 191.933 25.01 387.737 959.52 236.499 388.753 938.13 853.528 593.981 786.566 40.315 694.586 516.044 792.815 94.285 42.56 776.81 380.973 743.237 808.969 929.823 943.179 910.895 153.757 782.484 480.19 242.897 769.001 442.677 351.59 430.706 933.463
494.83 229.038 719.651 1000000000.0 86.829 580.088 709.597 628.382 670.245 521.461 985.373 779.189 999.27 166.349 157.073 627.169 102.293 629.48 250.934 917.927 468.214 651.108 487.066 844.133 143.558 724.688 795.183 523.103 538.417 768.214 384.145 421.269 965.686 937.058 239.195 537.512 117.953 155.825 780.647 974.799 348.69 564.457 139.845 480.161 440.337 330.808 61.303 95.598 704.217 595.843 302.905 963.797 939.501 690.151 471.09 778.459 326.129 988.337 618.171 915.953 918.914 789.652 484.609 710.278 996.891 898.13 199.836 880.007 712.618 426.139 531.195 732.902 704.465 233.618 757.45 605.642 542.155 178.392 357.235 907.835 939.832 515.698 654.188 298.599 310.648 738.532 913.319 502.855 72.402 338.476 434.148 877.954 770.668 164.082 453.154 951.04 450.56 216.141 951.559 541.42 580.903 563.02 669.074 691.299 104.601 301.218 624.576 229.784 114.79 295.892 534.819 396.904 260.473 80.473 459.591 809.059 305.046 12.126 237.986 724.66 305.312 877.95 802.935 261.354 436.383 121.726 810.192 318.968 794.331 599.856 68.922 448.147 96.67 990.239 389.85 63.211 780.249 486.868 708.526 203.332 445.957 485.544 310.358 781.74 300.24 363.903 101.572 554.663 574.937 237.881 198.149 507.017 700.077 578.884 176.118 168.474 842.48 570.713 531.983 826.939 176.395 808.864 266.098 677.224 152.046 153.721 423.438 36.918 183.231 576.387 995.114 165.495 138.416 457.485 767.113 738.292 961.852 667.46 1.048 468.395 924.072 516.346 344.556 284.011 517.564 81.708 483.121 707.146 702.584 31.677 11.337 814.304 939.737 993.962 281.313 986.945 35.817 811.002 29.228 287.931
763.883 130.621 963.301 86.829 1000000000.0 779.437 131.283 235.331 897.624 494.304 685.942 420.723 286.781 696.238 576.217 704.18 708.29 775.365 556.45 276.02 993.673 151.003 267.401 303.492 905.265 788.063 967.649 996.945 440.754 263.915 981.625 836.818 955.889 448.573 282.033 189.607 371.794 817.83 740.796 125.442 438.841 674.501 815.956 120.016 157.829 511.691 699.986 840.161 725.159 724.742 739.744 740.175 191.224 115.945 587.358 710.449 829.017 255.732 319.644 401.427 388.167 115.999 452.263 214.877 545.369 490.23 535.016 206.651 345.914 737.916 853.039 159.515 314.865 649.192 362.434 166.825 916.694 690.303 375.784 724.83 599.946 965.415 167.37 173.253 13.024 253.862 364.521 86.55 611.523 97.163 772.91 316.512 142.422 790.527 192.548 943.622 909.495 789.561 966.862 796.934 121.549 271.079 731.137 907.083 542.691 554.942 856.173 545.645 187.968 365.744 376.007 404.964 286.264 202.53 879.963 456.074 717.087 503.664 883.537 146.884 281.421 699.381 125.685 469.99 485.297 202.318 586.627 789.946 862.559 240.46 108.919 463.016 370.624 506.401 379.043 930.467 373.949 573.863 775.57 989.571 789.932 921.504 63.093 984.914 725.033 167.408 638.03 949.832 785.873 428.908 982.707 680.517 817.427 592.538 423.594 366.595 718.027 332.018 90.665 888.184 610.196 81.645 846.028 266.941 898.647 755.841 53.775 602.249 304.422 408.528 14.802 772.937 524.13 191.373 755.737 200.797 229.074 744.98 643.395 674.328 500.882 334.971 510.343 862.292 976.837 862.759 310.49 963.612 603.646 581.342 433.542 955.08 369.328 52.143 362.981 804.938 883.743 131.365 794.711 795.865
592.93 468.836 538.517 580.088 779.437 1000000000.0 492.996 426.235 854.787 369.449 151.625 950.342 899.251 428.854 231.688 979.664 117.337 729.388 749.075 611.252 308.056 197.766 189.407 482.978 359.803 598.37 161.767 373.992 637.567 271.713 583.569 155.046 52.113 837.326 893.522 998.353 637.269 453.075 914.612 40.986 804.603 780.346 329.955 688.185 183.328 843.603 954.866 114.469 75.547 879.129 503.274 124.506 398.466 846.083 781.438 798.922 369.685 567.929 789.918 251.283 115.857 554.915 376.722 354.077 968.568 969.001 190.942 307.577 163.411 734.215 43.664 685.359 755.161 5.411 918.662 468.555 366.327 733.657 47.493 397.353 540.651 782.515 112.245 117.139 486.18 486.349 327.959 808.208 879.298 261.6 584.074 589.326 278.445 734.529 108.793 601.266 267.548 162.569 997.358 207.606 529.933 650.687 934.5 679.238 476.532 997.168 339.138 519.932 786.709 891.714 357.46 56.279 347.373 812.988 622.834 181.603 125.802 590.654 549.496 359.141 216.447 279.277 71.385 443.102 723.689 914.407 501.014 176.341 840.805 992.338 786.669 293.988 950.281 805.211 298.791 220.327 798.883 679.171 274.267 452.164 234.383 402.474 458.221 146.681 437.529 998.095 955.688 812.411 635.182 18.135 598.48 916.274 940.238 958.874 989.578 786.552 732.7 191.653 383.612 700.062 458.11 428.254 272.05 847.136 184.396 528.305 92.112 126.311 761.154 291.812 308.816 459.929 936.665 141.413 15.835 414.284 9.511 432.327 153.718 596.127 968.063 854.228 842.242 474.499 664.543 225.965 889.316 259.686 311.699 75.986 174.792 155.05 956.466 204.116 658.788 260.799 719.58 181.39 740.106 162.556
387.253 964.024 944.398 709.597 131.283 492.996 1000000000.0 582.467 702.401 114.972 637.307 615.178 147.131 788.962 423.22 464.447 179.134 878.239 764.056 821.595 776.958 63.789 762.939 222.435 263.765 536.493 243.929 72.368 249.944 556.707 543.938 472.547 312.774 484.549 850.022 779.67 218.609 707.937 613.174 116.218 632.842 57.327 202.32 669.623 771.785 472.196 465.453 80.605 337.4 240.901 981.651 162.406 714.317 698.219 335.862 581.237 477.215 709.261 194.467 82.656 358.234 943.741 685.305 800.275 117.414 543.704 106.882 571.548 617.228 321.526 121.446 122.312 461.886 341.405 388.55 909.239 692.695 961.883 97.736 756.116 689.112 545.351 108.053 265.372 370.228 786.226 112.347 547.442 357.633 571.51 737.994 717.78 698.743 401.889 404.504 367.941 346.275 383.53 392.933 288.906 115.844 124.768 45.775 847.787 401.034 457.55 789.853 548.432 187.601 365.216 725.088 383.467 709.398 778.559 78.591 200.898 498.778 169.306 374.779 762.094 265.177 244.919 100.124 120.034 55.926 156.325 625.946 408.87 803.241 3.661 409.627 180.469 656.736 627.324 251.621 951.395 361.977 976.051 776.517 868.591 190.964 741.58 780.616 1.259 450.684 426.019 939.317 998.724 201.404 102.965 99.319 24.673 354.417 136.422 478.226 243.467 357.039 811.524 258.719 603.548 610.256 129.219 835.664 174.865 175.393 499.243 13.92 112.056 142.911 652.255 195.304 252.542 912.696 531.101 473.442 555.7 482.446 87.664 310.342 914.586 847.452 4.586 400.321 695.193 312.466 910.8 857.439 998.574 596.591 970.404 471.075 542.377 409.565 6.657 641.024 539.135 187.287 360.39 913.058 706.869
508.04 586.42 290.278 628.382 235.331 426.235 582.467 1000000000.0 753.558 336.114 245.807 73.582 680.839 696.3 868.269 986.174 863.685 10.355 626.399 96.42 26.359 576.652 500.317 490.827 183.779 486.443 634.846 358.073 415.277 636.541 102.313 684.138 971.815 3.247 225.428 322.25 474.552 914.147 959.438 6.44 838.793 9.372 692.676 26.844 418.655 202.185 674.231 298.631 295.809 601.866 326.16 230.648 274.009 970.401 580.389 752.324 115.817 659.651 957.098 129.38 364.933 883.818 895.771 658.152 407.801 669.671 304.388 901.767 353.081 933.5 196.039 330.508 90.185 962.973 202.588 703.607 213.776 883.557 1.188 640.003 465.925 913.118 18.805 196.915 665.935 428.738 200.554 813.755 133.46 835.181 535.899 953.589 350.613 917.975 124.076 210.906 142.558 892.718 986.169 972.308 398.097 243.123 607.861 455.278 975.797 394.884 643.795 987.136 93.023 648.112 532.084 71.999 545.466 941.626 972.971 184.736 447.048 98.521 544.547 140.444 409.006 708.531 656.174 80.098 27.217 420.189 710.666 627.102 613.853 101.433 664.471 941.967 758.689 208.436 765.133 487.976 723.562 684.185 57.295 837.018 881.133 443.703 225.827 652.276 686.8 817.054 391.531 531.096 473.036 160.481 685.557 753.54 188.112 350.388 11.983 623.694 347.94 840.164 735.466 891.639 660.986 752.405 649.806 929.912 867.277 744.067 694.237 134.234 189.925 25.109 810.132 159.691 432.102 839.719 725.237 156.065 422.605 234.634 71.343 21.579 348.548 655.518 993.709 73.372 411.913 917.166 626.801 412.924 588.017 32.987 712.244 782.075 195.701 87.808 64.04 654.877 997.115 188.432 873.149 112.587
922.039 45.337 797.277 670.245 897.624 854.787 702.401 753.558 1000000000.0 218.649 571.443 252.35 636.218 356.963 7.87 514.128 453.604 914.998 281.085 379.502 16.636 795.753 137.287 678.86 58.795 15.677 733.479 104.747 997.768 727.729 550.294 403.122 160.261 83.209 738.43 890.915 411.196 719.975 660.488 161.202 83.395 9.424 899.678 962.8 887.542 496.009 60.993 352.356 353.561 171.742 930.469 354.018 412.979 841.448 55.847 527.961 966.693 921.221 266.25 144.587 688.721 412.134 284.93 550.495 123.393 469.591 213.344 552.915 77.164 732.529 955.852 523.273 126.386 682.539 596.244 514.07 29.633 525.47 458.26 777.956 756.921 171.468 237.467 355.044 374.925 282.189 137.385 360.888 210.661 894.909 857.95 157.308 465.309 63.674 264.528 959.045 851.651 802.195 600.374 222.703 367.8 148.987 961.681 84.779 772.733 657.452 301.985 118.672 693.463 46.932 340.649 402.367 247.933 149.717 58.536 125.809 682.504 749.168 940.122 669.786 707.631 141.927 390.199 399.675 917.047 631.459 714.993 675.682 640.542 684.222 714.431 279.985 635.976 915.565 64.562 225.703 982.777 251.975 601.021 725.842 242.302 17.736 151.687 234.532 465.048 285.216 893.159 462.305 647.05 612.256 701.359 15.618 209.774 456.728 157.705 84.232 265.515 965.103 618.427 824.478 225.961 303.119 87.369 420.098 996.279 423.384 536.277 185.976 353.053 397.597 596.022 471.181 563.567 960.573 427.761 868.458 902.856 237.27 934.429 78.962 372.539 109.925 973.973 125.068 662.461 382.47 708.8 97.449 324.283 10.895 758.136 746.561 104.261 21.915 509.509 578.156 407.999 520.224 805.107 491.625
411.122 791.05 574.536 521.461 494.304 369.449 114.972 336.114 218.649 1000000000.0 523.312 746.82 90.934 867.983 289.439 811.312 799.724 573.906 585.847 238.891 954.188 155.652 262.448 831.427 205.758 127.369 728.471 11.697 762.673 474.2 779.173 464.213 701.48 589.05 581.33 245.507 779.667 567.893 313.78 30.045 3.913 982.663 490.546 762.315 291.61 132.861 361.883 495.288 811.314 380.273 603.018 546.413 91.158 580.172 514.903 380.803 292.476 634.828 383.036 63.671 978.16 547.911 385.855 159.34 511.153 862.689 739.206 72.921 669.621 777.51 816.516 574.333 732.081 614.353 501.522 851.553 138.657 953.447 396.432 470.57 436.128 218.383 85.134 227.535 791.73 778.574 567.023 244.357 505.054 332.718 377.797 30.131 537.692 862.347 173.381 390.313 32.218 355.305 42.745 695.351 184.847 182.673 628.272 43.002 605.546 896.231 499.549 87.113 765.372 784.195 254.644 507.424 53.985 255.88 342.038 719.442 880.778 307.482 929.467 63.507 68.846 457.735 620.873 419.265 335.391 999.411 839.248 818.508 344.385 661.524 379.351 130.907 917.978 839.194 781.546 310.028 972.022 605.216 290.25 268.06 876.625 542.49 388.664 750.32 86.372 361.01 377.498 975.786 598.442 851.749 919.522 142.01 301.435 423.489 905.238 829.664 811.923 414.852 457.723 458.475 960.866 451.089 479.04 322.774 963.854 344.447 421.163 166.819 846.494 835.882 618.922 804.062 713.211 633.726 394.051 278.155 340.857 101.671 836.804 610.45 76.432 514.019 826.738 942.177 927.363 140.864 841.284 762.559 90.524 906.959 327.637 167.163 17.963 268.895 6.849 231.904 912.921 2.556 650.838 816.317
502.502 230.703 350.453 985.373 685.942 151.625 637.307 245.807 571.443 523.312 1000000000.0 22.856 624.098 859.887 672.123 780.53 779.017 578.191 60.788 876.246 401.632 535.939 768.182 757.398 763.651 656.194 882.325 271.154 663.383 968.037 439.449 222.921 719.051 273.648 175.526 513.654 179.54 774.905 167.271 84.313 942.32 871.829 229.122 744.428 449.29 418.916 797.05 975.599 320.657 997.51 862.087 226.188 583.794 517.202 6.693 179.548 756.381 219.493 563.533 104.957 805.292 384.594 149.197 638.361 649.268 932.979 982.452 778.897 452.678 744.478 306.818 927.304 522.908 956.885 222.288 281.347 836.578 526.893 102.22 403.487 319.68 5.009 595.729 789.532 531.597 986.76 425.507 601.267 899.414 545.332 329.006 735.131 213.077 430.841 803.769 357.272 655.2 622.0 733.151 238.345 843.834 708.923 628.686 782.368 285.792 445.453 138.912 142.228 616.319 584.035 745.432 952.822 873.695 502.518 430.768 826.361 8.552 173.739 664.212 746.401 643.218 91.552 38.971 930.305 103.877 666.801 489.926 57.334 22.755 92.309 821.994 285.705 312.599 514.457 829.468 854.734 872.239 394.123 562.63 72.742 326.67 298.311 130.554 588.537 782.435 546.01 927.437 154.393 672.54 26.317 162.116 492.111 57.31 636.09 192.345 730.469 244.734 131.638 55.366 100.54 719.624 50.482 501.199 588.436 969.675 775.992 942.635 568.871 780.587 11.984 300.941 717.712 989.619 292.772 780.406 699.898 669.67 955.131 244.586 9.867 48.692 479.512 57.477 396.324 963.054 273.102 365.615 171.734 558.903 868.313 664.527 653.154 884.354 328.961 216.827 424.251 570.028 257.643 636.474 508.06
947.757 751.685 197.972 779.189 420.723 950.342 615.178 73.582 252.35 746.82 22.856 1000000000.0 472.764 36.032 442.072 674.911 489.439 942.838 707.314 636.548 386.572 1.86 599.457 87.826 572.285 564.184 789.29 875.826 109.842 162.576 780.624 180.944 429.222 945.311 444.746 490.788 872.148 652.571 646.184 718.693 660.311 557.223 979.502 52.129 663.065 858.108 761.014 987.967 116.529 62.036 666.138 796.411 200.425 662.717 544.295 346.73 968.298 864.476 557.852 556.051 330.717 270.476 628.997 126.979 317.806 84.123 31.052 382.122 32.042 247.988 68.359 623.998 129.478 912.828 307.895 28.024 39.119 585.937 361.389 450.982 375.227 221.907 14.671 38.937 58.702 42.001 320.235 589.215 419.64 449.203 342.856 488.113 860.979 256.224 210.908 625.604 96.804 590.772 232.044 428.33 476.69 280.092 382.23 324.276 554.491 693.387 60.359 513.165 584.908 479.872 684.806 646.792 213.424 83.783 217.413 135.742 953.154 44.562 510.842 763.468 622.307 464.145 633.957 993.373 376.213 574.281 181.197 874.664 461.29 684.608 224.084 293.708 761.926 83.003 890.485 158.89 434.733 320.886 674.839 548.347 278.222 532.376 691.668 75.335 67.788 229.737 955.461 789.635 213.547 899.309 134.836 78.271 748.712 855.692 109.671 692.489 155.97 338.384 909.593 152.036 221.596 834.004 997.599 956.72 746.018 35.714 523.328 308.66 363.53 816.419 349.053 299.941 741.72 135.957 356.945 478.466 233.064 980.446 447.641 806.761 859.675 192.904 524.338 511.531 413.651 7.58 606.903 433.167 687.281 588.489 178.371 298.892 541.812 223.789 690.161 469.494 749.074 942.411 403.617 557.076
875.747 235.045 206.919 999.27 286.781 899.251 147.131 680.839 636.218 90.934 624.098 472.764 1000000000.0 231.664 307.722 111.76 594.02 507.559 287.235 322.273 612.531 285.848 478.549 114.733 186.755 55.839 842.561 995.657 699.113 240.66 394.063 134.817 906.478 142.458 76.019 818.773 683.056 782.035 407.591 895.42 502.298 10.058 686.346 330.504 52.442 630.716 651.994 913.741 994.148 209.025 596.694 328.137 890.671 723.039 245.881 462.324 77.899 987.88 129.75 752.146 614.161 671.29 489.652 496.613 31.285 319.742 796.139 869.047 858.409 621.123 646.664 566.353 199.556 570.712 239.623 927.073 103.218 842.38 119.299 826.794 940.273 965.222 932.956 515.6 913.986 566.901 882.139 735.698 486.943 484.438 911.334 507.697 198.954 633.89 116.224 437.862 895.289 19.014 367.581 792.063 412.976 337.381 122.866 790.551 644.164 730.212 984.743 769.842 580.13 548.547 180.354 383.855 165.648 404.195 735.995 952.85 609.055 496.788 335.212 615.325 928.299 359.182 221.624 99.833 852.393 668.736 787.126 527.926 547.993 210.081 266.785 925.952 665.541 724.282 924.285 372.293 495.39 71.115 378.376 201.129 16.285 755.269 165.268 55.183 955.275 907.707 159.242 288.818 403.116 980.17 683.854 638.035 726.343 152.722 234.556 504.43 948.622 507.275 442.718 432.211 24.847 557.17 892.038 981.625 905.662 373.284 912.763 684.468 397.871 696.517 772.957 258.995 448.085 273.274 212.602 839.948 481.662 666.195 40.518 570.993 497.144 989.448 666.618 591.428 273.254 549.545 905.77 991.624 250.985 191.862 891.683 275.614 689.008 531.634 779.645 35.006 714.021 208.205 123.858 217.74
292.293 117.787 646.086 166.349 696.238 428.854 788.962 696.3 356.963 867.983 859.887 36.032 231.664 1000000000.0 312.327 983.176 405.821 697.231 567.616 899.581 4.152 209.827 172.458 84.452 441.74 555.487 930.855 361.288 723.86 510.397 701.744 931.898 295.586 31.718 508.467 844.959 304.47 648.02 537.413 182.629 592.795 130.443 737.374 291.159 153.718 219.603 87.223 242.628 8.715 673.869 63.398 382.263 165.248 468.341 462.499 250.198 298.388 695.247 646.827 870.132 468.202 540.755 578.033 204.703 971.637 213.699 767.809 255.822 986.775 953.981 911.88 627.916 511.256 387.219 18.032 853.305 665.059 547.011 998.669 649.384 161.528 174.531 767.862 158.881 904.961 992.321 693.604 608.263 582.164 155.905 169.819 719.472 291.634 238.969 723.851 143.394 22.651 572.102 783.245 661.485 277.117 721.017 463.655 308.561 126.0 489.327 580.336 236.576 961.668 223.956 68.22 51.656 598.477 434.688 835.939 808.435 330.561 830.225 576.083 333.002 189.685 867.072 695.571 227.414 70.896 329.278 14.96 603.147 429.755 366.477 450.964 75.702 330.538 979.806 352.59 249.759 257.871 56.912 79.845 643.464 405.428 9.143 960.344 821.107 875.629 569.179 575.639 162.517 652.538 917.971 38.405 501.229 346.377 255.006 795.077 719.151 713.358 425.71 545.707 673.054 122.217 405.528 704.652 674.636 546.398 338.483 700.021 56.718 131.504 284.656 131.587 502.353 147.443 401.612 648.792 483.27 201.55 686.154 33.704 775.729 244.912 131.03 601.605 725.779 986.455 699.928 801.767 394.791 667.287 163.393 675.356 507.052 63.85 846.139 599.798 743.271 418.467 506.7 681.198 843.46
23.348 544.611 95.561 157.073 576.217 231.688 423.22 868.269 7.87 289.439 672.123 442.072 307.722 312.327 1000000000.0 115.662 149.066 596.115 676.269 391.277 738.761 730.296 674.694 958.094 904.036 413.135 737.17 162.276 77.135 84.941 402.637 68.396 496.453 92.612 162.878 775.582 439.798 180.361 405.882 451.836 210.967 653.036 526.615 681.588 134.204 383.553 661.175 796.336 379.909 736.017 916.861 737.834 414.116 47.189 801.102 755.873 416.169 767.883 919.275 967.411 796.05 606.962 223.82 388.043 401.981 304.724 167.395 570.204 181.434 313.499 773.393 687.495 730.56 201.861 299.858 611.97 243.891 543.879 161.71 940.932 973.746 1.132 167.422 347.983 752.516 892.491 347.81 25.806 985.976 455.128 423.008 70.627 121.502 533.736 761.869 789.564 406.862 866.496 829.616 959.927 751.339 739.879 890.298 827.097 188.93 39.019 384.43 601.2 833.482 622.985 212.872 792.799 243.719 940.097 550.581 24.918 814.889 940.979 917.044 700.283 153.071 457.871 376.928 452.931 444.997 895.761 449.952 381.702 87.889 887.328 386.105 175.242 826.89 319.659 985.097 563.6 360.917 95.614 990.445 837.927 963.06 386.318 832.797 574.482 427.039 439.092 433.25 724.566 821.743 220.007 143.955 738.164 796.623 238.19 255.578 48.966 472.097 293.682 867.336 732.56 359.303 109.326 533.424 669.7 86.013 101.343 99.884 470.021 801.146 732.868 291.936 510.244 61.427 254.767 668.205 476.833 686.869 21.463 948.24 218.993 705.436 685.6 701.979 372.217 996.159 349.754 9.73 548.549 198.051 116.398 647.263 667.833 175.553 625.694 778.771 150.28 798.301 783.003 951.895 373.75
727.933 429.416 81.709 627.169 704.18 979.664 464.447 986.174 514.128 811.312 780.53 674.911 111.76 983.176 115.662 1000000000.0 890.159 608.34 891.731 723.112 597.206 147.829 703.776 587.891 220.365 560.61 427.102 311.73 29.117 798.881 279.927 772.448 937.794 713.064 335.685 172.966 957.787 515.617 678.255 536.875 156.172 460.444 374.787 851.221 693.997 443.315 157.369 439.75 528.268 877.612 652.594 927.247 902.586 172.738 284.515 202.942 597.341 660.062 381.042 400.032 548.379 763.885 595.725 836.886 980.719 148.454 829.796 365.722 268.251 915.45 775.856 277.421 922.922 501.718 427.369 801.962 882.498 721.021 161.895 420.797 725.159 96.716 639.258 344.835 396.011 843.867 300.033 975.001 289.549 515.436 561.461 883.398 943.738 271.47 512.266 1.382 64.681 563.481 944.899 291.554 808.436 441.361 528.31 892.199 363.222 339.275 526.732 605.384 641.026 154.091 651.248 749.056 729.86 328.592 20.58 728.042 48.64 709.243 341.02 411.988 331.485 61.379 141.501 16.665 286.325 486.739 312.511 79.902 202.282 924.022 136.135 620.852 311.84 282.023 805.058 858.637 415.867 955.991 973.228 618.188 566.921 959.3 84.533 940.753 499.323 83.622 333.577 624.806 761.345 97.69 642.149 346.509 679.465 465.872 397.739 665.398 766.728 803.658 777.951 30.596 914.648 611.36 789.018 431.506 502.602 98.19 538.405 359.362 62.564 953.261 682.919 69.043 550.319 801.014 177.346 768.328 951.861 752.132 745.582 607.051 653.597 102.851 750.829 828.137 994.168 431.832 578.835 552.729 166.858 868.802 482.226 731.412 122.217 287.908 288.356 143.704 16.463 317.789 114.881 691.685
634.749 234.836 268.123 102.293 708.29 117.337 179.134 863.685 453.604 799.724 779.017 489.439 594.02 405.821 149.066 890.159 1000000000.0 740.908 359.884 287.432 239.826 340.732 840.914 947.152 148.588 101.319 744.87 566.157 858.565 587.076 492.603 847.188 79.203 781.609 605.503 504.129 749.659 777.273 683.296 317.734 852.647 118.507 829.368 353.07 468.876 749.185 170.848 108.939 774.34 140.834 751.552 846.21 45.001 140.113 413.332 725.221 955.63 146.87 566.594 832.369 882.294 662.344 728.854 654.943 347.573 857.712 497.432 136.953 887.53 866.468 478.803 993.024 913.94 849.079 213.396 46.672 79.771 824.577 309.772 496.458 836.716 856.024 1.635 188.497 505.682 956.385 192.273 828.274 576.269 357.766 653.071 337.316 453.208 52.328 704.716 556.779 366.168 458.074 599.598 784.376 386.895 773.373 458.325 17.678 460.261 340.003 235.702 180.711 271.309 20.169 303.499 634.233 158.83 128.182 195.748 938.689 765.21 158.314 510.769 74.038 223.099 309.336 34.671 32.732 629.707 722.365 322.272 591.92 472.483 983.303 609.879 215.069 301.258 711.201 162.214 590.955 375.646 945.988 853.581 444.45 530.277 756.435 558.714 921.717 553.988 93.929 417.066 80.445 320.688 776.428 412.648 966.444 694.042 369.817 294.232 651.098 876.743 386.522 315.139 442.933 644.227 492.521 956.947 985.18 69.871 336.981 321.82 569.494 785.308 403.536 508.14 613.299 258.138 908.236 595.931 676.168 353.512 880.897 836.236 38.367 803.672 206.752 25.329 823.39 662.663 590.677 477.487 304.074 21.645 397.093 779.023 14.495 751.995 578.666 100.693 55.842 648.847 129.038 681.413 359.778
588.194 597.401 45.304 629.48 775.365 729.388 878.239 10.355 914.998 573.906 578.191 942.838 507.559 697.231 596.115 608.34 740.908 1000000000.0 892.987 774.72 967.254 883.79 751.311 214.555 515.763 240.018 684.703 870.779 157.777 798.777 408.798 860.636 281.481 328.164 339.015 847.388 69.146 123.118 106.502 380.459 885.223 733.328 174.694 245.803 817.479 902.57 70.471 207.811 163.369 100.513 542.222 32.565 545.03 731.738 299.477 336.29 584.282 391.792 684.455 215.924 198.373 532.122 448.118 950.494 740.908 207.816 203.247 721.996 484.451 126.461 666.559 26.397 199.199 938.285 238.761 812.805 365.987 312.415 63.355 556.879 899.7 785.853 261.707 574.21 655.988 863.022 242.938 799.563 193.233 874.532 358.721 947.573 375.554 364.021 500.579 811.51 501.831 875.632 736.749 442.47 643.209 738.26 458.222 408.221 688.184 646.161 582.902 276.006 758.698 106.052 194.892 908.993 497.879 910.912 766.031 644.237 922.342 182.036 426.038 474.382 971.802 344.037 339.47 662.585 860.526 750.537 247.938 596.086 310.573 214.965 994.473 661.286 544.267 822.281 117.221 560.567 565.223 675.173 725.208 479.043 42.299 268.813 406.264 6.766 891.453 497.806 12.027 428.766 545.7 733.2 196.204 469.775 994.514 103.63 723.471 315.967 809.897 277.145 705.226 717.076 717.583 403.694 428.374 969.779 967.917 377.335 208.561 442.704 428.511 21.432 219.463 922.516 184.271 896.846 481.943 532.157 665.21 53.029 343.958 372.259 360.709 921.301 511.893 536.047 624.001 664.701 918.402 899.136 977.909 298.997 910.256 196.491 449.318 651.139 157.935 76.554 718.383 70.995 251.26 842.995
169.9 467.412 422.602 250.934 556.45 749.075 764.056 626.399 281.085 585.847 60.788 707.314 287.235 567.616 676.269 891.731 359.884 892.987 1000000000.0 106.831 926.014 326.868 477.794 243.72 63.361 889.302 758.391 5.808 442.453 132.509 40.578 65.791 347.812 467.235 247.179 108.899 382.564 581.331 410.398 149.312 221.201 21.931 355.235 296.667 427.54 685.442 236.876 122.096 782.148 337.686 309.054 896.903 78.347 853.908 370.944 5.247 391.33 919.364 55.715 23.745 80.427 429.279 878.442 770.82 581.727 121.376 816.985 610.51 699.476 308.677 414.953 497.263 456.413 375.404 655.676 858.883 143.419 207.371 844.388 14.087 423.647 931.68 737.16 48.194 81.045 620.885 709.433 482.541 339.749 914.504 147.625 385.138 881.128 205.023 457.711 508.984 965.846 950.829 142.149 291.487 359.5 561.135 401.387 544.015 96.64 642.361 273.946 21.112 603.125 300.911 578.452 254.927 35.606 387.956 623.483 631.163 571.511 917.247 35.842 319.241 409.339 325.812 53.545 459.111 803.614 789.581 83.853 341.337 701.775 397.436 542.396 537.325 977.266 923.062 478.636 360.152 796.951 308.904 289.751 101.558 243.8 888.267 509.788 436.087 141.926 516.257 488.596 18.906 503.522 270.055 503.326 742.699 369.297 693.732 377.401 26.913 76.931 290.179 44.354 816.328 664.803 602.925 167.604 950.672 940.559 721.958 494.68 345.277 451.467 521.58 551.876 247.008 637.443 714.289 15.323 607.121 751.429 787.75 41.015 642.711 963.948 179.138 885.345 407.451 493.019 71.397 275.544 461.316 191.481 316.309 936.006 147.131 575.848 208.905 282.182 540.738 156.434 297.68 568.961 734.574
766.893 494.238 233.253 917.927 276.02 611.252 821.595 96.42 379.502 238.891 876.246 636.548 322.273 899.581 391.277 723.112 287.432 774.72 106.831 1000000000.0 775.039 189.104 127.369 889.34 346.852 12.446 949.609 952.317 63.166 335.998 28.988 820.949 689.748 749.595 792.02 30.496 425.002 279.409 514.02 299.627 296.227 602.46 293.527 971.958 92.902 894.099 966.705 580.326 139.151 669.861 81.19 707.111 349.522 295.57 407.802 977.892 219.485 916.097 965.599 388.641 288.436 50.435 4.893 126.976 59.904 187.123 946.772 146.924 811.066 667.925 979.774 101.558 304.885 940.501 217.563 662.148 529.089 844.829 358.256 784.673 761.236 304.117 29.999 938.16 978.693 51.636 109.138 296.87 128.064 815.874 102.963 927.961 71.773 593.762 638.021 339.816 738.69 643.185 896.095 281.349 690.056 258.456 737.634 13.503 120.061 350.754 35.079 321.389 531.987 549.035 353.404 193.148 732.136 846.455 677.501 362.184 781.54 100.308 189.034 248.514 699.721 935.892 113.983 698.34 455.586 860.516 326.381 430.26 807.284 967.373 931.678 724.807 296.053 941.359 194.699 845.598 722.008 913.98 68.169 668.199 743.921 712.123 978.154 810.119 252.279 722.297 789.935 599.147 684.389 91.551 299.973 726.712 89.785 137.89 248.903 753.006 283.776 710.67 502.38 111.321 595.583 241.496 180.065 448.433 337.947 37.88 212.024 775.547 143.311 400.148 410.288 105.628 344.348 303.062 236.053 762.844 709.258 637.457 502.297 910.417 770.812 522.381 667.146 356.556 251.386 186.191 131.874 717.899 328.076 342.049 496.574 209.324 940.768 229.014 632.824 391.595 978.275 274.347 149.928 817.344
563.379 977.148 715.39 468.214 993.673 308.056 776.958 26.359 16.636 954.188 401.632 386.572 612.531 4.152 738.761 597.206 239.826 967.254 926.014 775.039 1000000000.0 914.641 696.859 310.14 345.49 598.199 19.398 696.275 96.595 905.794 248.551 471.828 331.047 401.8 942.054 61.654 955.3 506.739 187.616 982.063 378.721 85.531 78.123 592.401 400.012 532.572 706.199 5.596 939.686 592.588 491.344 413.025 540.177 357.268 890.555 406.188 547.525 295.312 908.408 142.414 171.392 650.095 576.175 353.437 671.036 531.175 794.633 146.971 749.361 919.54 777.957 213.426 131.077 93.298 721.936 644.913 159.936 366.447 233.741 839.841 34.331 112.185 99.762 229.069 854.664 577.281 244.042 481.476 988.841 527.63 678.632 893.396 611.104 908.34 846.387 589.723 474.644 95.486 388.564 801.283 958.465 392.611 705.963 457.551 549.063 569.338 149.592 453.947 830.485 310.532 913.705 145.682 680.951 140.435 781.265 679.012 574.24 797.65 449.987 34.266 23.551 566.84 456.259 313.713 468.042 898.458 214.376 472.023 381.662 981.106 456.445 427.916 335.481 175.112 691.256 235.973 717.813 183.671 20.268 233.748 496.7 63.912 4.985 30.965 707.778 478.052 996.489 630.869 432.485 396.294 471.679 371.673 49.743 332.277 390.332 636.3 267.719 622.373 429.322 962.305 842.617 145.175 945.565 901.096 34.692 185.171 707.834 822.682 693.684 944.674 960.203 268.471 351.286 455.545 634.963 11.151 29.937 892.823 90.3 922.223 558.595 998.896 666.967 739.98 297.338 854.218 57.393 714.502 948.445 720.216 573.497 257.33 579.081 514.961 863.712 417.373 709.128 679.066 258.057 958.427
348.642 591.096 174.707 651.108 151.003 197.766 63.789 576.652 795.753 155.652 535.939 1.86 285.848 209.827 730.296 147.829 340.732 883.79 326.868 189.104 914.641 1000000000.0 904.744 369.12 157.481 596.902 283.79 429.033 913.074 724.967 882.662 33.667 20.428 356.869 376.202 556.245 936.849 982.089 600.233 218.236 340.343 13.129 212.942 433.975 237.584 312.328 785.481 560.825 790.439 222.746 628.712 897.917 485.579 56.96 69.726 545.503 594.071 426.257 219.318 259.958 815.661 52.197 655.888 143.657 942.212 477.048 879.635 362.489 29.672 304.31 59.34 794.101 841.862 576.813 731.812 979.489 552.919 343.682 818.069 126.596 242.01 590.484 139.853 626.467 664.895 753.277 612.553 487.579 120.711 759.191 590.994 402.3 623.988 747.796 36.388 944.446 674.754 252.179 989.645 993.54 158.056 545.773 821.916 815.557 705.728 871.738 729.744 948.704 530.359 54.595 192.466 839.941 213.868 238.468 368.28 90.674 885.51 728.858 824.191 282.429 682.602 552.347 247.083 277.625 642.9 833.641 478.058 851.883 684.063 530.596 636.086 371.023 483.938 986.396 561.921 217.995 8.467 475.438 292.847 924.584 322.564 184.366 757.799 847.195 958.373 960.666 230.698 473.995 854.251 144.88 862.454 779.598 201.948 965.38 576.371 874.736 513.339 510.24 368.52 521.952 139.289 184.661 426.151 842.004 900.056 563.015 869.6 979.706 625.919 414.146 356.371 672.033 445.249 684.904 447.138 857.251 677.112 369.037 363.207 527.032 872.197 239.058 83.213 320.948 109.975 878.342 573.976 311.868 452.905 763.713 480.206 243.039 261.124 852.795 228.639 421.381 194.801 224.886 377.331 344.555
656.34 592.384 903.81 487.066 267.401 189.407 762.939 500.317 137.287 262.448 768.182 599.457 478.549 172.458 674.694 703.776 840.914 751.311 477.794 127.369 696.859 904.744 1000000000.0 465.098 70.571 736.495 407.485 232.026 742.686 623.019 712.631 976.329 445.273 488.953 107.771 924.746 35.169 507.675 851.342 885.425 700.092 627.916 898.35 96.61 436.826 531.657 648.747 640.797 925.364 378.326 267.651 636.227 832.833 191.483 205.806 568.579 463.132 349.035 392.807 327.119 910.441 38.114 768.805 724.636 505.061 968.982 382.646 91.895 13.077 249.122 943.808 377.715 964.901 968.83 396.004 92.171 267.57 840.58 671.554 817.941 14.935 862.165 981.293 109.171 579.715 758.945 509.829 236.652 220.79 931.725 412.509 496.985 929.949 952.123 465.708 158.767 218.632 928.901 346.973 124.068 583.123 378.405 207.97 208.552 389.199 36.922 864.929 541.336 442.162 994.778 221.574 820.805 766.516 120.811 222.694 392.634 877.982 936.217 579.489 155.307 128.853 556.823 659.869 917.879 735.351 560.231 791.786 556.609 212.332 52.498 819.344 399.198 806.686 366.249 11.366 661.485 907.574 449.628 246.83 996.036 389.926 920.131 659.538 582.433 251.722 676.341 27.986 965.897 498.697 759.571 688.537 524.054 58.462 427.52 4.629 497.888 617.784 926.976 865.977 729.326 420.187 759.388 835.423 155.88 898.859 750.578 235.885 202.259 353.779 351.047 787.381 830.621 336.833 539.698 84.682 608.335 456.32 750.295 854.281 767.712 719.78 46.349 806.986 350.128 188.435 587.059 460.903 44.509 462.846 850.507 461.09 974.878 244.177 746.597 957.363 818.756 301.882 932.653 199.378 961.376
958.877 201.106 666.979 844.133 303.492 482.978 222.435 490.827 678.86 831.427 757.398 87.826 114.733 84.452 958.094 587.891 947.152 214.555 243.72 889.34 310.14 369.12 465.098 1000000000.0 898.684 411.87 797.569 569.73 935.846 299.093 555.933 714.255 909.588 384.488 381.355 733.057 33.811 849.947 458.59 989.236 762.827 579.367 99.666 990.862 793.214 527.846 560.306 686.32 837.347 892.788 292.591 787.024 125.609 607.933 617.191 243.899 23.373 836.443 903.536 372.256 775.542 977.422 608.064 897.337 109.611 448.293 896.095 253.901 895.352 941.67 582.875 146.984 610.084 938.441 565.797 654.851 243.065 24.266 367.263 553.631 573.926 981.747 687.947 999.812 206.791 132.312 30.405 307.699 92.477 804.816 387.648 62.913 522.755 950.518 855.656 864.712 283.49 767.266 283.781 296.812 616.446 490.947 124.393 938.939 106.666 704.938 126.563 986.5 928.585 717.532 136.023 653.86 658.751 702.395 757.223 329.898 209.049 476.58 939.605 172.118 925.69 208.989 646.603 293.776 788.005 592.884 561.271 105.857 429.027 965.983 540.864 394.164 252.277 941.707 168.258 639.142 877.641 57.907 622.227 464.055 200.236 310.089 618.57 952.845 387.754 872.859 132.436 938.881 367.532 226.103 455.317 23.75 447.013 987.401 779.137 9.231 83.732 655.075 711.757 524.797 443.115 335.774 922.195 259.822 630.165 360.715 498.506 257.738 820.718 119.607 189.198 754.737 410.374 690.876 707.504 76.708 157.669 693.577 190.447 147.266 466.711 536.655 869.324 371.751 40.467 907.53 464.319 877.151 753.192 719.378 390.684 310.628 548.211 722.445 142.157 47.587 441.323 873.571 223.168 469.722
2.8 967.614 647.372 143.558 905.265 359.803 263.765 183.779 58.795 205.758 763.651 572.285 186.755 441.74 904.036 220.365 148.588 515.763 63.361 346.852 345.49 157.481 70.571 898.684 1000000000.0 639.545 515.17 976.241 132.004 412.032 661.977 94.207 268.97 94.658 641.403 31.764 976.222 110.842 796.17 387.855 606.387 424.709 740.037 349.259 245.341 223.464 524.976 637.25 405.718 161.133 663.337 513.207 162.552 29.548 145.914 819.376 444.654 15.941 915.367 217.325 219.21 520.314 174.983 475.012 105.365 334.585 868.889 340.554 534.627 789.521 798.105 318.955 9.215 122.846 338.853 817.09 251.721 171.348 461.173 993.516 785.234 90.045 564.18 88.59 653.358 948.73 537.552 974.309 997.725 425.485 950.083 717.568 907.882 796.24 953.36 531.942 626.523 741.72 566.234 537.591 476.946 148.323 272.316 344.571 776.131 122.288 634.22 40.956 8.086 623.145 96.936 508.122 220.78 331.501 666.088 651.543 492.752 793.593 520.473 162.028 671.066 359.285 576.182 701.884 409.49 452.911 805.067 344.131 61.977 974.471 929.6 212.999 644.492 449.37 644.655 817.146 810.271 139.388 506.123 900.391 924.938 408.274 888.228 509.001 456.355 998.381 853.542 697.333 403.289 306.87 872.039 293.23 109.952 746.338 475.91 827.573 682.844 993.682 829.096 918.456 593.604 884.885 855.318 595.018 746.896 666.097 813.195 168.14 394.044 848.996 624.451 47.598 739.366 505.615 134.315 534.467 456.372 407.5 340.278 499.245 748.916 203.649 510.99 525.458 145.899 299.801 765.858 970.051 919.751 410.057 998.585 102.064 829.481 519.302 361.775 534.647 407.84 824.239 415.523 597.05
