200
1000000000.0 795.913 260.948 23.561 514.052 88.845 249.029 9.564 989.427 44.28 72.526 908.577 381.282 35.953 677.67 353.649 471.678 443.081 433.995 995.624 397.928 530.533 720.135 770.116 923.407 25.322 174.091 525.121 340.043 842.037 455.059 175.244 598.925 85.377 242.042 523.527 288.147 3.669 542.165 189.604 905.117 239.805 80.04 777.878 726.1 903.853 535.468 964.728 810.517 850.249 684.784 620.308 877.609 290.96 750.364 229.599 242.381 308.875 612.095 123.936 188.352 236.667 239.64 424.842 288.723 174.278 787.605 753.133 753.501 152.775 267.405 285.079 84.713 325.543 682.403 174.503 683.804 51.209 584.432 841.201 542.031 167.99 390.981 381.106 516.242 333.135 311.685 705.231 978.819 936.846 217.873 523.291 34.053 867.006 284.907 119.179 585.522 113.632 947.304 619.64 302.595 450.599 34.32 941.921 561.762 645.811 328.297 883.143 471.398 494.08 656.229 196.336 650.47 834.614 380.052 297.078 193.831 238.467 191.974 774.288 290.287 535.71 313.588 460.602 437.291 700.325 758.612 268.653 507.679 120.087 979.087 778.714 838.967 548.277 220.936 64.922 657.245 434.925 359.41 725.129 912.644 870.22 136.796 518.962 208.565 410.827 701.283 366.469 239.501 968.92 526.205 878.376 741.938 578.953 372.969 956.003 820.731 59.526 302.019 413.827 815.233 284.22 937.145 953.526 858.652 994.164 126.306 788.623 792.36 352.907 859.419 536.28 409.432 317.494 662.598 563.577 763.801 460.059 719.383 322.571 427.775 246.523 537.529 898.759 51.404 544.545 817.87 582.989 706.121 888.635 39.078 756.741 383.579 805.156 509.862 268.155 219.8 275.13 522.548 290.137
795.913 1000000000.0 393.171 478.102 521.828 211.109 281.254 345.58 867.173 504.405 530.197 583.278 913.765 969.263 662.491 61.223 382.541 385.356 432.962 844.923 804.109 999.514 886.299 377.938 4.155 435.966 127.096 351.614 379.306 301.364 469.952 96.523 35.529 653.286 699.798 260.798 360.041 140.452 896.929 955.775 386.117 709.646 484.327 119.944 559.202 287.677 179.762 851.157 751.056 991.775 881.192 930.554 395.555 849.626 368.665 654.454 589.115 419.676 904.308 142.081 951.011 291.249 812.972 602.446 514.278 61.203 192.093 863.829 225.653 143.213 482.117 998.341 569.0 396.665 545.952 856.997 389.484 628.851 8.617 828.469 234.722 665.91 41.738 996.294 383.637 931.851 805.094 413.191 678.956 127.464 19.66 587.641 958.54 227.963 339.819 832.461 322.432 76.538 758.341 972.519 835.265 106.235 626.605 734.055 141.459 404.931 722.323 438.654 601.081 835.537 139.929 391.419 246.752 85.801 507.769 859.085 332.181 992.619 332.783 648.354 671.59 538.755 412.124 434.382 288.97 939.612 446.167 102.473 572.622 749.534 975.829 819.446 672.772 165.434 893.303 441.367 282.835 255.304 504.007 289.111 917.649 345.813 86.534 565.002 727.178 890.421 817.377 852.747 616.651 318.712 126.096 688.314 279.638 166.242 772.462 9.546 40.202 194.89 137.456 608.069 831.708 257.767 639.196 848.776 578.296 344.553 909.462 131.02 800.764 913.836 105.316 573.18 552.559 185.47 906.848 767.415 455.989 492.667 815.578 824.95 985.017 260.58 876.4 946.845 836.072 707.424 44.98 756.664 815.868 581.447 658.819 271.125 138.921 253.761 719.399 222.247 576.87 922.007 713.74 284.196
260.948 393.171 1000000000.0 615.481 261.54 142.211 157.688 535.692 846.349 331.931 891.274 57.641 193.079 580.391 472.753 667.053 628.996 347.735 257.274 181.068 881.832 119.01 499.228 914.99 669.103 430.745 725.074 434.212 719.042 152.355 586.812 795.408 166.413 619.071 679.807 498.288 763.369 745.784 549.286 855.914 77.14 881.345 407.539 953.956 487.949 658.525 951.055 646.217 776.755 290.814 551.813 12.755 441.17 246.59 924.403 834.939 463.888 577.962 83.658 597.293 629.562 214.905 882.38 423.483 780.384 608.89 350.399 153.851 478.415 154.673 603.785 563.835 214.62 497.436 392.658 895.429 585.327 514.526 546.192 169.934 239.801 94.189 974.826 424.07 627.071 836.064 852.046 19.453 568.458 339.599 217.911 277.483 490.835 912.448 866.638 994.935 443.174 160.65 141.912 49.447 959.092 488.77 759.708 615.946 699.927 710.796 815.56 664.034 737.506 397.413 373.934 175.447 607.71 348.301 613.095 791.01 88.294 282.709 300.717 628.909 484.178 825.787 969.236 921.418 709.397 992.591 284.166 704.195 292.295 981.383 395.025 48.306 204.599 954.328 933.5 6.088 615.674 661.061 767.329 368.583 511.928 500.177 504.951 102.558 154.239 621.681 561.056 485.327 958.977 825.348 311.425 668.572 460.713 122.271 48.48 46.887 713.28 747.03 170.652 321.585 273.379 895.248 681.146 552.283 910.6 165.116 442.64 898.46 103.066 637.936 48.689 434.46 689.826 226.91 82.598 24.041 274.603 342.899 850.961 883.849 192.412 800.864 607.744 548.264 428.0 410.113 331.258 180.043 100.503 3.325 932.817 481.603 13.06 585.247 391.313 653.605 689.642 108.935 287.681 69.571
23.561 478.102 615.481 1000000000.0 108.226 72.98 453.878 440.091 817.125 44.707 981.305 966.112 499.243 657.123 862.914 316.886 280.485 405.464 925.939 276.097 532.841 750.213 184.774 408.937 471.47 984.999 524.692 992.919 247.767 331.719 961.438 102.128 980.269 887.459 733.918 636.17 985.614 641.33 440.696 452.61 79.921 649.852 810.002 115.05 930.638 920.732 472.067 157.345 70.185 55.25 541.868 359.966 581.762 570.631 14.941 686.161 552.752 408.039 372.568 482.693 127.03 22.937 359.088 650.279 924.93 859.794 485.803 774.425 884.882 775.485 150.35 179.731 445.948 163.743 824.2 650.192 144.266 382.646 725.418 203.255 447.635 229.864 794.751 813.676 566.872 926.028 946.69 972.655 816.174 469.643 368.969 724.913 535.565 466.05 845.81 933.439 628.108 66.539 279.14 522.677 735.061 833.035 607.911 829.737 267.466 341.832 536.953 8.522 918.911 8.869 842.237 350.165 665.687 164.771 823.083 18.051 896.08 624.371 440.414 478.191 776.001 17.723 575.347 478.102 542.777 49.587 957.604 431.035 472.843 852.733 876.219 404.929 5.049 641.917 221.246 677.963 472.653 244.335 650.509 865.481 484.353 438.503 900.398 927.886 310.449 246.174 834.489 280.871 506.121 189.878 783.996 44.321 41.591 879.189 688.802 548.377 460.369 878.385 644.161 699.879 452.733 625.678 660.073 185.359 446.958 993.004 107.401 958.966 248.121 684.575 974.146 631.967 590.756 833.808 947.964 566.091 511.892 378.776 222.149 989.826 614.439 429.241 115.021 368.36 308.506 589.615 270.204 467.189 19.988 29.787 11.349 356.827 448.059 429.928 498.812 582.813 419.135 756.095 937.743 42.19
514.052 521.828 261.54 108.226 1000000000.0 503.716 475.985 930.557 916.978 947.529 157.903 640.888 883.777 308.485 940.015 172.668 356.94 761.917 504.226 625.614 592.291 644.577 564.409 287.885 717.208 554.994 338.18 917.104 248.038 713.81 336.809 591.046 522.213 991.965 42.877 614.232 794.46 228.675 581.727 436.443 805.109 247.688 379.612 436.836 696.958 623.66 461.504 23.508 849.251 635.615 294.867 800.897 278.558 854.227 457.742 217.369 439.236 906.716 975.494 641.389 58.201 262.064 688.551 268.969 584.145 900.869 98.429 107.333 655.052 75.328 384.955 116.656 193.825 586.283 327.567 71.102 375.204 340.212 233.003 175.432 370.465 887.45 930.645 369.672 342.529 324.006 404.589 896.552 714.634 508.766 946.688 11.68 521.957 207.528 252.825 426.084 437.21 78.084 416.508 646.611 21.243 447.434 615.003 536.537 796.304 98.611 416.547 182.042 725.625 674.506 164.532 275.211 816.811 509.212 362.563 519.354 472.702 982.646 778.644 311.848 372.723 790.679 785.652 756.731 175.666 236.003 789.125 885.741 688.328 261.975 793.66 505.542 419.856 932.875 929.119 932.239 89.797 499.934 140.001 899.505 100.516 845.883 43.879 106.272 333.752 155.964 559.09 298.373 427.384 230.193 124.529 436.253 865.733 181.312 33.392 200.703 41.799 771.096 224.52 319.685 792.118 980.438 841.021 63.246 168.315 868.234 480.988 603.498 896.021 611.738 39.35 554.385 887.992 876.467 919.531 148.808 92.081 197.596 48.047 415.01 768.405 873.09 152.46 532.03 963.777 880.327 679.167 847.551 592.292 166.954 398.944 823.228 41.135 816.822 604.888 23.554 618.465 641.861 647.173 403.397
88.845 211.109 142.211 72.98 503.716 1000000000.0 482.779 119.533 615.848 585.254 177.13 907.637 295.115 970.985 902.822 881.734 114.745 170.714 505.771 69.866 700.526 417.974 557.258 63.663 534.412 224.008 744.734 771.839 205.386 237.137 511.852 26.416 128.497 493.037 514.014 595.04 212.068 669.288 150.32 161.026 735.475 806.678 986.261 212.484 583.941 1.763 877.521 178.392 81.745 77.67 488.711 18.373 836.522 902.288 752.512 510.268 791.885 298.24 307.875 297.512 152.303 748.061 56.63 989.917 339.548 905.603 702.268 837.943 272.552 695.364 695.555 689.612 724.969 369.699 937.343 940.255 192.486 597.599 681.655 896.99 318.956 674.307 519.073 326.42 3.292 366.015 397.95 820.15 382.318 77.791 414.221 271.218 225.225 357.138 137.95 348.499 110.097 775.746 668.226 248.316 601.695 977.508 219.973 768.921 563.701 157.67 765.035 504.275 615.308 768.55 716.425 403.791 117.659 877.718 380.512 308.592 259.683 754.556 557.692 460.536 188.301 644.026 643.085 658.26 596.66 575.608 167.795 230.544 771.788 7.766 44.631 570.572 99.777 266.783 974.265 343.342 294.845 837.991 226.345 668.334 445.349 399.689 559.168 732.581 57.542 612.414 296.883 891.875 807.404 984.754 24.726 335.302 275.396 271.544 173.959 810.631 685.813 564.038 404.319 956.161 220.754 466.634 774.445 704.731 449.452 846.459 519.421 223.095 954.168 272.859 392.628 94.92 34.08 73.099 986.441 134.956 628.529 506.531 255.038 153.811 867.736 213.081 838.935 736.827 799.59 145.222 829.152 27.803 407.26 199.422 64.06 777.465 469.716 272.718 732.21 906.475 215.488 700.974 387.883 982.074
249.029 281.254 157.688 453.878 475.985 482.779 1000000000.0 464.424 665.589 439.679 199.86 493.432 223.593 573.526 964.907 689.494 965.523 557.796 257.245 45.332 853.436 561.323 228.876 189.943 540.86 614.632 678.241 931.287 241.274 616.444 864.203 549.428 890.913 700.534 19.026 463.72 471.298 804.069 849.015 815.16 321.824 723.167 729.513 230.47 613.7 228.601 771.332 392.02 987.755 533.903 961.779 690.618 665.682 519.378 689.72 62.441 526.239 926.596 669.857 524.62 503.958 353.976 83.897 302.305 275.553 588.166 543.155 175.438 725.191 984.017 868.787 943.466 237.549 457.301 737.791 416.301 505.647 37.37 152.487 79.237 43.808 338.114 820.587 621.446 573.89 443.467 47.189 569.924 625.255 524.897 543.04 218.554 192.472 183.31 764.94 906.01 800.922 332.498 811.23 6.892 777.57 951.712 706.26 486.6 405.105 961.03 410.277 818.001 616.079 562.873 240.686 960.727 653.298 786.303 508.835 635.432 508.304 22.837 74.821 233.502 951.318 276.577 188.506 230.091 331.18 664.017 337.929 105.266 410.689 128.3 960.842 475.561 119.722 208.191 172.092 855.017 763.383 221.619 145.381 742.014 470.607 415.024 902.204 678.188 694.902 652.043 456.367 97.09 71.411 497.295 204.511 273.963 490.43 709.246 989.438 918.336 883.432 420.01 784.951 70.87 329.073 577.135 782.833 672.403 525.063 856.235 955.859 537.551 525.92 818.291 153.133 627.41 596.172 988.965 836.284 733.384 678.874 51.891 346.063 746.274 985.831 818.38 352.205 150.742 119.926 98.535 152.839 696.937 20.239 439.169 954.142 266.591 852.34 199.078 401.73 360.308 72.663 510.391 222.116 449.43
9.564 345.58 535.692 440.091 930.557 119.533 464.424 1000000000.0 504.082 386.445 627.695 265.837 153.309 695.061 993.78 708.207 446.358 771.453 694.585 855.264 246.255 520.053 357.024 846.248 258.035 929.784 730.631 402.519 281.482 178.784 167.033 103.039 739.853 236.666 2.507 444.004 287.323 449.622 797.78 858.667 118.869 511.787 789.879 546.62 137.63 261.521 965.941 662.846 693.592 716.267 787.462 631.588 334.764 566.33 909.014 425.909 725.589 905.67 464.385 736.639 569.768 287.493 528.107 136.872 475.388 612.873 599.218 720.913 374.667 246.534 73.083 696.65 492.205 906.002 228.155 496.133 70.522 743.734 294.888 469.866 859.871 268.684 399.874 736.276 50.382 915.991 791.536 366.471 129.517 954.485 952.609 567.72 625.23 24.022 221.364 29.876 72.848 462.787 559.249 937.6 793.475 929.19 465.328 667.552 82.712 820.369 64.333 234.126 259.192 316.792 500.901 839.814 460.985 258.521 448.138 362.394 444.722 52.212 714.864 140.564 388.357 624.782 107.877 245.951 682.89 773.249 897.697 845.115 354.926 491.094 122.993 835.042 861.361 837.374 248.906 225.635 577.721 976.384 59.918 789.979 720.644 629.727 423.788 503.898 420.262 177.021 677.498 461.147 174.591 628.859 582.108 938.242 540.279 283.62 424.538 372.018 440.475 518.204 259.574 82.301 245.176 928.615 237.507 339.695 975.847 257.04 536.521 514.065 583.63 704.75 349.634 140.218 360.923 334.071 58.646 825.883 802.496 713.885 277.783 317.168 558.6 739.292 690.677 460.784 847.918 71.296 189.218 909.806 163.076 977.318 872.009 647.842 281.477 262.085 830.92 358.439 80.718 763.798 517.47 552.313
989.427 867.173 846.349 817.125 916.978 615.848 665.589 504.082 1000000000.0 529.097 280.442 858.172 377.292 824.511 265.0 38.961 27.63 26.493 549.601 917.417 601.397 275.226 817.486 638.645 499.522 879.03 897.904 347.677 973.823 325.491 825.143 95.672 822.78 653.733 761.842 733.285 935.196 891.144 735.405 290.784 663.5 167.615 535.932 993.275 865.751 120.95 170.878 280.398 13.379 324.274 795.994 774.34 65.686 244.052 832.967 541.037 736.949 671.867 493.422 962.015 669.15 382.11 522.246 584.98 476.281 599.097 802.498 577.6 663.453 552.353 283.382 701.103 732.321 582.62 984.444 726.707 693.614 18.776 636.445 485.451 659.259 542.424 116.08 480.254 818.69 854.292 638.638 64.461 534.501 311.691 789.629 939.38 930.404 89.026 983.669 960.766 823.482 776.769 608.344 475.22 79.999 279.814 393.625 721.778 338.983 825.702 481.612 660.614 93.528 67.495 703.182 392.0 583.551 804.579 589.528 298.116 717.047 986.659 574.862 647.447 850.86 588.155 613.331 225.766 703.051 186.229 852.039 201.281 673.775 109.05 301.338 137.32 341.97 139.748 876.465 288.887 254.817 782.159 685.537 843.022 289.974 80.172 248.82 724.332 53.053 877.958 793.085 818.315 633.831 807.772 631.505 447.508 999.833 92.27 274.814 381.116 869.101 589.104 999.289 459.776 1.897 138.425 688.828 500.082 738.487 449.287 527.513 653.774 130.732 974.129 54.923 989.594 749.26 927.914 819.481 801.613 580.928 480.668 63.383 320.363 889.982 227.043 47.736 877.086 58.487 521.771 586.786 93.565 35.276 114.883 287.696 877.622 991.817 377.726 382.286 654.616 418.756 72.762 341.191 717.197
44.28 504.405 331.931 44.707 947.529 585.254 439.679 386.445 529.097 1000000000.0 316.586 154.24 412.201 347.168 734.929 340.044 22.432 472.219 46.506 530.607 227.116 420.21 727.487 943.434 139.981 83.316 336.892 500.95 776.926 831.647 426.854 34.759 107.626 121.249 885.223 125.995 722.978 57.067 708.874 479.935 580.887 565.538 607.447 360.16 200.349 745.826 438.105 757.068 311.243 417.259 477.425 405.849 510.098 876.648 275.577 431.473 321.29 29.568 192.557 613.459 642.824 404.376 372.452 82.351 885.74 690.329 74.058 846.002 464.38 931.935 428.226 794.176 925.821 874.571 751.504 538.319 228.111 350.182 426.988 902.161 818.79 537.979 253.652 951.854 911.747 637.368 869.191 69.998 522.143 954.607 411.347 617.874 992.934 84.705 652.096 163.913 39.892 493.327 381.319 54.684 345.967 778.291 321.223 776.847 558.091 740.113 379.811 763.781 946.258 383.375 492.968 109.847 766.093 445.657 873.11 661.687 92.63 275.288 862.623 9.569 522.717 188.013 191.287 994.78 635.505 680.62 438.571 715.688 996.518 922.055 872.477 910.035 842.282 118.51 488.114 192.366 480.703 136.522 766.196 227.978 765.598 51.186 234.648 263.033 319.303 699.157 926.74 542.09 843.819 22.585 950.719 778.101 220.768 6.571 27.589 167.021 40.703 819.285 683.096 141.267 434.75 230.834 161.494 662.78 11.007 926.715 829.35 859.904 664.785 272.669 397.413 556.82 101.34 246.553 306.075 45.709 847.585 159.592 775.469 253.313 17.067 848.021 383.23 876.841 917.842 657.421 739.853 417.861 131.178 99.741 54.848 681.984 217.08 676.757 278.762 778.916 372.98 119.271 498.133 143.684
72.526 530.197 891.274 981.305 157.903 177.13 199.86 627.695 280.442 316.586 1000000000.0 733.917 525.944 715.997 546.952 117.277 281.609 728.968 452.496 494.07 288.754 591.127 341.31 827.704 198.759 817.839 164.82 34.456 880.027 765.829 28.888 792.706 922.603 992.24 298.312 231.437 701.556 943.483 269.801 603.339 476.995 549.306 109.834 370.847 995.997 881.554 917.516 351.326 685.216 330.777 740.718 242.565 416.55 35.997 905.491 613.579 637.999 720.671 216.176 678.367 722.225 291.664 900.494 526.589 505.249 569.346 71.839 27.975 49.17 451.278 889.942 109.942 874.778 477.607 264.788 270.84 193.735 365.77 641.522 752.596 394.882 26.825 687.982 880.809 303.37 110.735 2.69 416.649 196.389 204.698 362.904 881.63 71.672 751.622 699.45 987.026 659.21 617.244 664.548 841.004 273.282 814.375 705.377 301.324 329.426 827.667 300.144 333.244 287.461 972.066 752.939 103.192 759.14 47.28 165.821 458.176 768.958 504.218 260.815 910.992 904.525 510.296 84.135 137.55 152.157 309.286 968.647 428.161 247.583 126.0 666.583 310.803 547.316 92.417 180.975 477.506 993.007 326.614 961.1 741.768 577.226 493.047 153.274 682.707 446.664 542.022 7.769 293.583 145.903 808.941 497.258 684.924 264.315 781.303 414.975 927.39 660.38 244.111 616.233 560.723 548.405 720.988 192.689 700.342 442.007 102.094 597.52 425.321 525.12 119.178 201.459 338.96 656.584 206.702 826.824 326.723 51.611 210.454 289.066 845.892 844.807 711.76 596.452 801.748 520.686 164.916 747.516 670.355 586.901 887.026 179.623 34.585 35.818 63.944 356.472 415.049 190.558 279.18 868.205 800.452
908.577 583.278 57.641 966.112 640.888 907.637 493.432 265.837 858.172 154.24 733.917 1000000000.0 308.727 803.495 252.912 250.722 819.39 522.132 328.524 264.013 21.267 114.054 993.027 580.277 46.562 476.646 472.787 65.997 950.166 156.85 796.701 676.616 570.59 554.691 73.01 750.828 497.29 645.005 901.308 200.83 540.244 911.736 709.844 624.459 362.831 806.561 558.204 813.192 28.369 717.491 606.735 730.424 574.803 319.246 127.997 657.385 791.622 941.867 960.228 810.069 566.123 863.168 48.891 934.052 666.531 282.899 564.072 253.266 503.984 880.069 899.874 308.451 520.981 442.531 910.898 403.882 754.378 793.071 529.388 5.764 160.979 687.981 866.778 471.062 941.405 530.421 10.245 731.59 962.983 231.06 730.83 75.035 877.492 337.029 769.678 776.006 881.135 453.588 86.905 497.734 98.38 12.815 924.605 156.878 954.215 986.11 229.169 286.17 900.192 671.435 576.381 708.684 978.515 61.288 117.61 921.542 563.876 758.85 839.967 190.452 996.453 181.886 757.517 926.339 258.511 625.474 544.146 419.876 341.13 834.164 267.746 211.892 868.737 262.31 627.559 56.375 114.469 744.44 236.389 77.442 923.768 16.638 124.067 290.547 545.989 651.549 582.583 907.098 126.698 641.888 85.987 836.359 391.346 959.178 811.559 308.429 193.439 712.02 929.385 626.731 631.791 256.16 88.357 494.896 173.775 882.266 918.772 681.197 992.043 289.427 133.598 327.061 365.396 310.921 701.66 746.554 240.1 887.809 519.557 476.805 161.517 766.15 756.678 684.768 678.528 654.597 17.32 966.189 816.887 857.91 476.545 561.614 909.837 64.023 121.441 320.639 349.04 776.499 530.263 655.702
381.282 913.765 193.079 499.243 883.777 295.115 223.593 153.309 377.292 412.201 525.944 308.727 1000000000.0 876.483 901.537 724.59 313.902 352.555 388.813 29.261 579.315 812.75 974.273 793.236 704.964 545.105 767.808 178.865 218.529 847.791 344.167 269.985 4.671 427.858 752.455 445.954 530.688 166.131 678.338 535.72 107.029 101.163 418.326 343.048 476.739 743.179 699.969 492.097 241.073 460.348 688.571 715.691 520.776 912.441 519.119 23.653 32.78 806.284 336.324 207.37 349.713 254.112 290.891 580.137 685.832 289.551 439.901 51.65 256.814 480.129 173.55 720.803 46.885 16.286 485.436 829.277 540.437 233.941 73.995 482.776 440.068 8.457 139.529 949.79 263.585 940.902 261.275 951.792 246.197 848.129 669.524 404.4 866.589 133.043 440.827 42.149 841.51 884.975 394.43 649.465 101.636 131.721 576.993 36.841 994.993 629.603 186.717 398.305 427.486 517.547 864.659 838.849 889.323 31.348 415.978 499.69 377.182 127.272 188.941 408.266 822.434 774.274 140.185 68.79 465.489 112.978 212.976 785.052 660.104 131.659 754.431 350.037 593.0 428.922 728.875 467.027 471.006 859.307 498.581 622.566 308.122 115.476 553.441 373.504 511.171 790.575 946.369 937.778 702.282 676.441 421.644 409.124 776.63 666.37 920.907 795.361 320.244 750.212 526.818 179.515 96.963 754.66 122.678 407.124 504.052 560.092 402.819 282.066 854.82 326.184 310.448 67.405 620.648 894.592 343.696 958.637 789.03 383.755 312.516 651.13 255.46 633.567 787.756 761.772 40.505 500.393 246.921 967.624 538.008 278.343 961.254 278.899 559.368 190.606 643.878 746.321 233.506 554.398 742.42 437.296
35.953 969.263 580.391 657.123 308.485 970.985 573.526 695.061 824.511 347.168 715.997 803.495 876.483 1000000000.0 312.067 166.523 780.632 786.331 317.758 627.421 32.835 778.985 276.752 971.503 889.11 90.218 941.915 237.299 186.015 516.413 243.665 265.141 956.866 112.136 303.857 303.833 177.207 477.006 340.882 252.154 283.421 862.289 868.875 779.817 112.086 397.484 701.647 4.573 287.748 945.0 388.464 594.323 611.143 536.492 917.653 158.683 395.818 134.443 285.589 888.672 729.179 139.155 839.108 173.386 388.025 166.054 706.586 651.036 183.401 431.238 720.426 951.793 603.008 663.279 33.401 680.455 939.534 254.411 501.639 456.457 415.937 664.792 877.812 181.421 704.955 732.753 806.869 161.605 233.771 207.315 143.143 407.942 77.601 559.662 387.377 116.198 369.552 482.936 744.122 298.6 98.857 86.904 519.618 452.181 694.661 699.108 532.352 292.673 215.447 242.903 288.711 90.325 908.84 98.372 977.075 492.744 638.962 971.497 141.817 527.463 901.734 881.835 247.534 806.527 730.924 571.249 146.733 160.671 503.917 193.708 626.958 245.884 479.525 338.093 564.844 43.862 220.133 93.205 901.338 853.741 186.962 805.899 647.467 753.01 152.828 863.925 562.037 888.308 712.767 460.138 993.982 133.175 740.022 462.223 67.97 9.81 836.177 271.193 888.863 376.345 388.093 587.087 241.856 235.618 757.604 107.733 938.681 753.93 544.013 458.368 476.33 534.605 265.543 689.609 61.064 323.723 535.148 714.107 136.761 693.93 829.097 48.42 362.992 596.429 568.464 646.951 514.126 496.439 843.713 435.069 861.703 142.059 904.667 899.046 962.303 495.974 627.565 210.71 253.611 57.587
677.67 662.491 472.753 862.914 940.015 902.822 964.907 993.78 265.0 734.929 546.952 252.912 901.537 312.067 1000000000.0 230.393 689.631 175.595 57.365 746.473 642.697 101.934 662.001 719.093 232.884 348.293 9.758 145.171 581.524 587.284 135.497 511.122 450.185 868.596 754.554 765.636 840.281 630.15 988.308 389.458 573.007 315.886 148.705 566.282 522.307 178.612 860.08 674.477 275.285 657.883 319.55 656.981 164.38 958.993 518.026 156.55 359.352 762.782 264.257 712.717 261.078 875.291 345.29 524.969 792.752 204.516 405.132 38.468 432.212 892.087 801.121 877.325 481.27 88.549 484.024 504.589 467.036 933.164 499.198 558.462 879.525 500.787 501.052 792.138 266.724 821.415 340.254 580.095 971.594 994.02 286.49 688.603 219.202 599.421 131.515 716.593 132.842 726.459 811.656 986.405 533.731 437.451 2.301 387.657 105.034 822.294 825.822 119.905 397.791 237.198 59.391 490.321 11.942 557.816 989.513 384.592 574.799 35.479 238.984 937.011 260.962 695.39 872.788 934.353 743.98 830.293 445.105 682.197 9.922 593.309 487.05 751.213 617.337 636.44 697.978 111.987 728.296 259.512 716.504 265.36 379.155 155.446 863.39 488.712 787.142 363.267 815.004 47.737 281.155 954.602 342.438 496.387 474.182 68.712 633.333 715.38 152.968 513.325 167.507 525.914 764.789 165.097 794.526 948.155 756.767 652.612 587.203 992.392 822.57 847.624 177.135 225.387 639.71 553.017 403.392 105.733 486.189 515.98 412.9 509.788 534.087 269.545 68.635 935.155 125.617 743.673 612.361 855.838 60.312 278.606 507.166 60.387 943.897 427.441 18.913 33.682 510.154 464.024 119.787 824.999
353.649 61.223 667.053 316.886 172.668 881.734 689.494 708.207 38.961 340.044 117.277 250.722 724.59 166.523 230.393 1000000000.0 445.614 110.216 507.423 131.352 105.192 229.494 460.161 793.037 959.268 936.674 877.679 455.432 111.705 859.056 327.583 4.341 120.09 599.907 867.568 804.979 528.525 265.6 100.888 844.646 569.838 224.008 925.157 600.438 60.966 226.494 882.145 283.033 795.499 90.117 187.948 330.74 224.609 328.94 762.466 155.788 882.509 284.693 968.525 956.424 995.746 289.411 436.84 578.493 728.411 200.164 887.056 887.113 543.5 658.582 828.291 788.906 542.016 135.188 688.763 887.276 621.729 938.929 159.758 553.687 719.819 703.428 95.695 589.834 730.903 858.077 373.069 930.839 86.82 301.575 96.746 441.54 183.941 405.471 623.78 686.396 250.512 413.824 26.187 748.15 105.497 732.051 125.753 735.24 106.719 206.693 71.075 955.474 668.567 244.186 69.188 725.424 502.141 12.807 874.928 853.798 137.541 935.523 438.833 427.39 507.046 858.02 99.489 693.73 849.298 482.412 709.894 410.098 314.943 831.449 268.448 193.228 354.384 578.351 28.964 371.681 285.274 927.617 618.674 552.315 377.031 59.895 68.392 257.899 935.502 101.774 64.222 657.366 776.607 423.175 888.697 367.87 341.83 11.516 751.559 918.217 14.924 915.902 236.123 731.429 270.393 351.757 521.407 876.453 258.445 528.342 15.686 995.487 904.023 286.008 718.853 752.864 494.661 797.075 995.098 709.573 770.758 920.633 134.341 664.254 985.134 578.907 51.538 859.152 506.846 797.723 621.637 911.763 911.54 344.585 489.893 402.16 77.727 860.692 564.297 446.639 710.966 449.049 894.111 487.864
471.678 382.541 628.996 280.485 356.94 114.745 965.523 446.358 27.63 22.432 281.609 819.39 313.902 780.632 689.631 445.614 1000000000.0 881.131 795.569 18.868 531.426 810.494 481.307 438.261 98.441 937.939 433.321 921.174 903.481 500.42 344.543 903.562 998.586 65.722 945.887 704.179 363.511 571.172 221.967 851.224 165.187 272.953 101.406 547.001 394.366 162.345 235.857 719.535 321.857 358.452 779.773 377.474 140.305 123.577 411.424 256.01 184.584 284.655 595.817 625.408 281.969 646.964 79.326 715.827 781.446 205.167 571.059 816.805 540.748 931.248 780.386 166.218 367.519 900.763 751.177 27.465 921.708 473.478 413.865 703.49 20.376 602.532 476.483 408.017 162.505 637.518 321.81 611.154 818.622 680.694 961.352 179.159 35.452 720.551 986.742 230.041 315.024 330.086 165.401 694.621 40.8 641.354 130.402 132.932 665.615 219.611 378.046 572.228 857.041 386.551 52.017 396.845 820.748 621.029 394.409 108.814 24.922 919.11 218.474 660.717 142.428 541.261 370.979 245.984 998.868 520.33 480.795 696.048 594.501 614.183 614.655 69.488 71.459 30.571 990.515 9.669 167.11 581.869 50.331 848.78 824.236 651.267 481.28 230.75 887.369 24.46 534.766 696.659 993.92 91.233 189.805 857.385 382.3 322.94 73.256 697.656 48.427 221.391 754.571 474.461 953.41 711.586 973.072 510.629 492.007 435.312 817.126 11.857 750.08 587.61 258.596 382.615 747.869 20.605 695.042 510.077 223.756 880.328 477.019 602.62 131.577 320.053 970.33 39.382 852.265 487.955 475.794 175.914 981.976 933.305 444.713 410.799 428.923 198.153 481.542 736.548 197.916 279.073 726.821 193.595
443.081 385.356 347.735 405.464 761.917 170.714 557.796 771.453 26.493 472.219 728.968 522.132 352.555 786.331 175.595 110.216 881.131 1000000000.0 312.473 303.045 379.68 376.651 743.196 297.794 905.261 296.401 732.802 685.5 794.408 237.592 671.554 615.052 640.749 146.706 185.541 181.393 152.695 794.14 850.855 549.249 779.825 456.48 181.688 409.011 337.604 651.696 943.433 208.002 492.202 467.535 701.661 533.15 838.771 449.481 739.772 911.1 599.228 164.526 291.284 786.188 331.68 54.403 138.886 608.764 617.724 759.571 209.14 256.388 817.849 716.188 152.153 2.812 423.951 723.404 884.261 924.498 845.089 24.724 752.816 585.445 283.379 304.33 624.867 424.588 68.517 443.375 102.934 494.5 215.423 13.188 72.525 34.518 649.043 400.094 803.454 27.13 586.524 126.377 722.408 659.545 283.583 237.37 435.978 225.474 460.792 905.309 274.099 598.566 949.385 817.436 474.89 471.048 538.785 431.793 895.901 746.35 335.967 567.192 838.813 37.512 489.646 501.089 605.335 2.523 65.473 11.26 332.842 395.001 349.93 712.359 926.984 733.25 237.548 538.792 929.486 291.029 232.453 672.644 966.677 799.52 890.132 917.727 219.921 583.551 589.056 609.336 183.769 875.112 871.266 442.429 158.515 875.291 862.649 750.093 987.407 167.688 50.489 947.713 553.415 210.098 634.937 674.423 372.515 799.825 378.525 402.075 880.348 240.59 752.692 10.524 378.73 917.203 185.389 143.278 138.389 237.45 339.669 416.698 395.439 78.795 804.908 894.201 203.503 286.688 126.964 673.61 977.47 801.785 128.138 491.382 93.338 543.542 581.398 791.79 986.897 32.758 202.682 214.759 627.034 464.475
433.995 432.962 257.274 925.939 504.226 505.771 257.245 694.585 549.601 46.506 452.496 328.524 388.813 317.758 57.365 507.423 795.569 312.473 1000000000.0 191.116 183.887 518.131 561.495 266.617 780.029 866.976 164.981 961.686 45.853 496.029 925.309 228.974 771.782 723.874 800.519 579.087 393.792 517.771 654.469 842.328 427.608 991.413 833.108 243.059 935.074 630.681 339.311 368.445 889.967 415.084 356.723 206.768 629.713 222.464 305.644 626.799 214.339 463.633 820.058 798.351 847.234 76.304 902.055 816.697 656.829 932.554 950.866 962.346 628.302 683.287 531.019 482.091 528.232 607.022 98.067 588.098 858.249 957.567 597.969 588.221 416.806 106.213 807.536 616.454 157.667 810.415 942.459 219.481 931.927 200.955 612.848 215.053 66.385 238.642 376.833 322.973 173.238 210.462 120.183 255.06 545.77 131.708 485.294 519.171 266.402 294.091 381.753 577.552 38.713 801.304 408.428 995.403 218.507 89.766 480.067 823.488 109.477 81.362 532.096 454.459 587.286 168.422 143.017 812.86 607.249 599.89 491.147 78.997 521.516 336.157 752.93 889.216 338.508 32.869 155.959 944.474 396.801 513.946 874.857 844.938 211.219 13.823 784.545 591.092 913.719 632.103 263.656 464.083 508.958 345.943 770.32 431.171 944.618 456.984 949.037 509.44 42.987 839.838 13.389 291.366 244.048 303.731 116.36 276.5 238.85 67.567 88.558 483.314 492.236 248.048 635.992 74.722 148.614 61.275 417.86 307.764 16.769 521.4 103.143 802.065 787.619 285.723 362.23 448.341 854.42 231.113 506.033 222.953 893.169 723.799 248.425 536.174 610.657 820.816 319.692 899.076 447.236 656.139 931.807 639.745
995.624 844.923 181.068 276.097 625.614 69.866 45.332 855.264 917.417 530.607 494.07 264.013 29.261 627.421 746.473 131.352 18.868 303.045 191.116 1000000000.0 886.958 788.597 587.346 665.161 970.131 419.137 862.517 813.772 235.872 426.179 682.566 325.897 555.177 104.52 630.578 907.47 133.263 314.88 479.18 792.837 43.95 404.378 219.966 732.309 89.853 456.193 147.008 835.494 233.522 204.615 603.336 692.434 154.597 851.682 218.17 836.326 517.369 759.425 984.029 133.573 76.682 418.762 135.172 314.863 111.966 109.462 499.037 350.911 398.201 680.89 605.903 400.372 606.214 988.466 949.21 326.787 741.091 178.238 803.943 682.327 222.859 448.612 712.751 281.115 172.444 943.998 126.155 833.172 750.251 843.362 453.156 179.789 652.855 706.995 584.071 641.95 88.616 250.889 12.527 186.605 520.898 443.546 324.444 349.377 228.597 516.486 377.029 158.146 194.495 715.026 215.816 518.605 601.968 985.802 349.055 687.056 850.244 440.862 724.391 434.392 644.002 637.639 796.822 28.769 92.959 989.508 180.385 670.202 475.554 749.024 771.289 362.411 815.154 238.846 42.374 584.79 463.934 239.727 246.94 928.912 345.891 36.687 260.047 322.161 801.887 81.227 927.055 23.533 267.249 508.204 607.79 765.185 298.55 20.587 282.699 340.26 502.339 91.953 121.184 174.56 703.747 321.417 874.852 631.252 243.741 919.128 108.905 327.614 580.35 442.785 546.561 76.066 383.985 643.209 153.716 165.563 887.989 654.298 796.901 503.531 664.145 838.578 645.671 813.147 646.444 445.045 936.466 70.582 730.539 401.628 24.356 577.726 915.79 737.377 457.981 37.053 697.838 914.321 818.94 823.355
397.928 804.109 881.832 532.841 592.291 700.526 853.436 246.255 601.397 227.116 288.754 21.267 579.315 32.835 642.697 105.192 531.426 379.68 183.887 886.958 1000000000.0 634.385 844.917 469.669 613.445 382.083 961.475 713.719 360.452 63.37 297.314 914.856 515.166 797.853 187.822 188.658 426.532 919.874 951.608 799.425 397.832 917.972 503.872 793.261 849.827 854.509 432.71 112.829 728.012 697.567 348.66 897.93 607.096 79.944 629.366 84.236 326.053 478.827 967.852 601.683 520.751 365.629 282.518 575.466 548.389 602.499 734.405 823.57 46.22 214.538 995.107 172.681 779.421 725.828 150.087 693.093 861.532 58.703 554.146 818.016 94.135 684.786 422.197 293.472 841.619 644.409 805.675 583.505 294.056 749.75 886.681 197.251 233.862 174.378 79.808 590.49 327.697 725.09 209.521 319.359 333.189 91.484 71.967 181.195 697.674 149.354 544.566 339.226 710.945 817.743 500.103 285.221 440.237 679.497 176.731 214.217 360.03 829.62 915.602 904.423 556.979 767.105 669.505 815.039 319.765 866.796 926.609 422.39 892.527 955.19 826.816 942.741 285.672 112.808 629.589 123.188 268.694 303.403 772.711 108.615 121.183 274.724 873.929 54.317 504.223 932.27 718.875 935.167 58.283 286.948 61.319 493.246 270.196 432.696 431.344 539.371 964.392 877.695 319.902 371.104 244.49 216.698 205.516 147.705 833.677 860.547 593.03 479.601 283.63 819.03 167.639 539.025 55.169 208.595 131.912 995.736 60.564 776.871 606.762 340.589 493.214 567.752 428.815 824.263 949.625 325.604 438.104 144.165 453.789 737.579 533.095 657.656 706.938 441.813 185.321 721.893 918.348 137.768 392.646 887.764
530.533 999.514 119.01 750.213 644.577 417.974 561.323 520.053 275.226 420.21 591.127 114.054 812.75 778.985 101.934 229.494 810.494 376.651 518.131 788.597 634.385 1000000000.0 925.719 684.287 316.978 500.631 377.869 641.98 469.484 464.574 6.224 211.67 145.904 842.077 369.344 970.633 962.67 931.628 857.705 870.066 371.354 354.94 372.905 243.679 199.169 894.239 864.481 512.162 60.765 328.319 633.428 323.681 999.192 531.827 578.547 140.974 480.59 894.414 820.806 359.269 76.265 893.88 703.088 227.268 96.504 60.056 986.233 484.45 365.516 838.758 310.013 990.068 519.777 725.72 363.377 187.088 301.041 878.863 421.217 915.413 591.391 966.499 647.65 336.513 289.861 307.466 796.298 948.043 993.569 48.248 829.516 453.714 549.838 465.916 469.861 646.265 733.87 305.048 579.823 737.585 5.381 187.893 599.817 937.18 712.93 292.934 248.838 877.141 463.895 675.678 207.874 561.651 413.133 305.653 92.621 50.276 791.75 351.859 906.361 896.914 330.011 126.295 782.552 119.653 724.642 394.03 31.775 175.356 968.22 94.281 976.233 258.143 165.171 511.781 141.358 704.836 413.935 109.985 807.045 439.579 412.667 606.619 235.102 440.744 545.813 415.844 484.921 182.433 30.504 313.318 864.546 104.482 182.839 865.534 215.058 291.095 932.172 507.151 934.117 635.425 647.425 609.545 340.678 988.641 560.33 437.121 601.251 763.485 584.436 251.295 556.021 565.139 103.817 260.318 293.333 985.38 177.479 537.436 166.271 722.315 87.874 213.192 835.688 870.022 776.978 593.431 96.104 503.722 594.858 853.902 733.602 627.548 355.427 903.867 259.023 96.732 198.08 87.847 174.529 589.837
720.135 886.299 499.228 184.774 564.409 557.258 228.876 357.024 817.486 727.487 341.31 993.027 974.273 276.752 662.001 460.161 481.307 743.196 561.495 587.346 844.917 925.719 1000000000.0 475.428 887.745 679.331 924.037 796.945 740.722 347.278 801.384 756.521 428.46 397.6 207.881 156.218 232.086 687.397 177.293 998.78 249.053 853.443 962.526 77.416 142.617 375.793 465.956 310.328 234.396 391.728 939.151 212.294 785.114 416.047 366.834 778.406 442.038 400.677 502.61 57.949 591.144 179.393 657.265 333.202 854.631 587.098 77.256 63.654 674.134 989.419 893.985 368.804 340.731 673.205 380.009 602.425 392.748 920.569 187.583 959.418 796.774 374.409 20.187 139.042 487.371 91.338 869.165 758.082 244.631 628.361 581.241 176.504 577.121 248.644 94.672 622.751 740.81 567.987 813.574 402.345 656.652 195.09 213.099 972.82 48.146 594.999 694.717 844.152 67.947 557.054 540.405 615.457 238.722 702.786 116.79 205.379 131.853 287.265 126.425 586.697 405.183 511.446 189.748 403.25 780.945 929.105 5.354 610.732 716.999 892.397 611.234 948.681 73.695 997.652 11.856 170.232 727.05 549.309 627.714 278.681 964.119 50.804 182.048 522.226 163.609 405.318 962.406 940.541 537.551 265.661 20.695 462.975 702.455 513.028 42.741 571.336 675.351 749.833 127.529 988.401 782.646 994.779 896.979 848.866 381.924 310.559 80.115 723.963 712.88 610.701 348.056 407.772 794.737 29.474 342.324 772.689 279.111 699.805 394.07 809.966 144.012 244.989 507.785 419.395 156.701 628.704 998.297 692.098 716.809 643.554 566.115 664.849 561.273 136.908 922.208 796.42 374.467 182.187 319.49 398.514
770.116 377.938 914.99 408.937 287.885 63.663 189.943 846.248 638.645 943.434 827.704 580.277 793.236 971.503 719.093 793.037 438.261 297.794 266.617 665.161 469.669 684.287 475.428 1000000000.0 667.396 304.897 338.436 284.089 557.924 298.901 62.616 409.139 209.586 26.083 728.382 331.317 948.349 20.646 582.358 533.442 508.587 849.323 395.458 902.604 231.611 96.762 324.89 435.729 614.209 612.634 133.13 176.83 600.698 396.825 686.603 304.86 954.233 720.872 363.547 918.826 327.505 606.456 933.359 222.494 648.494 945.877 996.398 675.856 659.167 927.928 699.085 797.911 156.379 19.807 753.224 293.403 786.898 774.353 361.671 857.6 370.742 589.341 292.116 57.777 829.782 909.964 692.131 395.914 403.519 944.142 634.856 958.694 879.574 27.659 162.187 941.718 941.148 208.081 109.64 363.387 726.65 691.171 105.414 192.958 251.285 171.38 294.613 159.284 975.559 581.268 117.738 462.888 971.637 605.259 491.189 306.457 528.3 36.138 444.774 136.419 857.159 417.789 71.126 451.014 692.458 13.521 100.093 377.823 817.661 650.111 772.398 430.313 371.247 564.656 73.011 939.459 585.102 499.818 608.487 782.58 46.533 644.137 788.781 194.556 230.079 963.664 311.87 880.605 523.47 848.574 809.724 344.479 921.201 896.544 49.871 20.648 577.166 175.517 668.348 680.482 527.402 630.094 152.544 170.593 856.652 298.933 747.684 971.87 183.746 43.4 715.912 703.721 146.002 815.688 673.912 476.756 533.607 884.144 243.341 630.735 241.746 152.329 477.864 794.64 591.332 946.672 702.62 901.372 691.521 687.971 955.969 65.111 751.65 239.068 784.635 177.877 585.063 783.809 546.343 220.791
923.407 4.155 669.103 471.47 717.208 534.412 540.86 258.035 499.522 139.981 198.759 46.562 704.964 889.11 232.884 959.268 98.441 905.261 780.029 970.131 613.445 316.978 887.745 667.396 1000000000.0 516.73 502.147 388.782 709.792 765.454 754.522 31.656 477.553 556.262 758.178 859.825 593.732 450.562 529.204 948.439 137.089 814.719 69.354 99.499 279.831 855.194 413.475 71.369 580.099 526.051 903.298 159.116 898.772 276.081 612.25 430.399 268.847 481.55 491.96 900.531 967.053 68.755 540.552 496.586 757.925 206.503 17.539 18.678 700.964 198.444 158.59 99.686 206.455 855.023 405.114 156.425 574.488 694.176 903.073 233.967 610.743 172.535 87.281 40.393 963.116 284.247 297.328 747.918 944.405 692.23 384.448 545.507 757.766 35.776 762.281 84.493 783.338 812.513 47.501 337.141 7.105 372.371 273.54 939.585 384.64 141.9 51.757 597.041 544.538 250.417 942.99 27.311 667.058 271.804 271.439 313.159 412.386 613.289 367.003 283.496 746.933 883.051 988.499 194.148 374.508 646.222 49.401 62.792 498.112 390.356 357.943 609.27 54.788 14.794 342.515 797.214 604.742 474.776 226.124 232.023 860.069 535.015 495.116 82.996 123.321 189.378 678.639 249.584 264.492 120.024 679.233 31.72 685.912 112.417 153.05 65.846 839.793 312.616 455.083 50.93 120.303 435.434 204.992 122.04 542.877 615.976 215.487 940.95 930.525 235.65 406.438 346.459 299.782 898.685 839.709 980.579 103.684 668.778 205.78 364.143 437.896 848.788 461.922 174.651 346.414 131.703 58.068 510.511 822.865 205.161 920.298 849.652 902.287 576.289 914.689 644.711 266.728 30.132 380.235 848.415
