200
1000000000.0 168.616 709.108 546.257 409.461 566.026 813.203 35.657 415.783 832.776 116.08 542.752 866.661 344.207 849.445 179.697 943.417 18.701 821.873 144.011 219.746 394.882 61.105 740.299 351.919 47.522 419.571 449.108 924.847 521.486 760.616 318.663 147.046 923.851 254.694 467.841 596.697 677.638 139.198 186.707 65.688 641.932 405.692 248.348 2.512 158.15 248.203 851.814 159.362 410.334 457.027 291.437 765.452 600.436 664.97 220.475 278.58 956.239 692.193 408.893 946.917 372.261 628.93 851.137 513.902 907.235 419.812 346.888 799.863 225.379 557.528 585.463 797.751 854.497 250.093 729.083 19.539 726.922 488.798 643.701 694.091 424.019 821.63 550.422 554.782 349.331 177.095 413.881 889.458 621.857 429.451 377.555 6.691 613.546 527.967 528.098 820.519 592.343 42.03 860.324 842.138 411.964 12.364 927.407 938.617 273.271 443.945 736.696 635.097 729.435 590.781 340.22 207.528 282.314 334.415 478.271 522.7 284.64 464.42 517.66 671.002 835.342 278.84 688.693 136.218 984.284 923.511 575.523 221.097 297.001 659.37 764.086 876.613 481.011 252.795 482.571 224.566 286.14 316.448 640.039 657.244 54.968 860.745 178.636 179.176 389.07 883.602 642.461 947.958 86.541 337.335 838.147 900.13 750.057 173.511 534.846 300.896 852.5 348.183 634.856 429.331 575.121 394.627 395.23 675.836 728.008 474.492 571.675 98.423 962.247 138.834 116.959 419.585 558.403 306.722 370.002 273.264 46.832 419.961 720.307 956.28 627.051 166.52 877.565 947.182 558.465 717.897 37.131 990.554 936.243 309.766 14.11 222.449 562.229 772.837 923.032 523.586 383.386 871.006 521.31
168.616 1000000000.0 142.139 635.084 666.952 482.995 905.314 399.757 338.597 350.166 788.652 616.977 67.71 740.675 362.532 519.837 337.46 793.437 88.863 239.765 176.425 558.048 604.546 952.658 333.512 525.076 293.17 409.5 16.198 511.681 807.262 125.701 167.07 104.467 212.261 73.104 402.878 101.454 582.946 449.018 712.068 628.79 526.344 519.215 919.326 884.11 370.116 112.596 418.548 570.149 911.37 607.552 437.704 473.303 825.385 730.389 391.415 53.219 400.652 953.238 475.683 523.307 658.001 928.223 554.935 200.363 302.076 674.754 731.216 922.563 807.454 879.407 538.073 240.442 882.835 520.901 367.854 960.815 765.802 443.285 338.876 758.146 604.832 184.64 146.067 846.543 277.022 534.893 375.456 922.659 673.194 313.127 745.061 533.777 901.569 327.589 844.989 587.381 226.035 846.763 675.952 298.148 784.628 404.852 664.488 203.518 258.312 322.114 594.685 653.468 501.471 34.178 626.408 754.36 667.043 391.211 19.489 818.575 958.851 725.715 918.712 28.308 138.615 952.862 555.864 228.923 387.054 211.091 622.142 179.77 328.243 288.796 516.329 91.15 202.758 681.551 940.453 740.497 923.605 85.971 767.821 444.954 626.744 177.464 560.934 565.448 304.093 38.874 561.717 655.856 362.762 123.903 339.386 992.927 742.621 842.496 325.152 170.474 481.533 349.172 880.042 35.031 476.251 425.345 596.375 937.903 255.5 381.71 558.993 684.774 851.503 920.363 341.241 569.011 341.834 36.763 686.839 297.426 452.362 320.579 722.496 99.593 202.394 340.322 513.635 805.323 718.954 27.052 544.618 458.376 529.421 106.055 325.273 3.354 707.05 939.895 274.713 118.125 298.297 548.822
709.108 142.139 1000000000.0 70.094 422.759 38.524 164.347 938.034 209.046 933.041 364.526 893.429 232.856 270.451 175.531 15.253 578.906 390.643 438.824 512.525 935.53 672.321 721.154 118.091 265.522 66.042 539.155 662.02 632.176 54.462 928.637 310.708 96.391 139.698 317.801 790.319 843.318 664.834 544.055 628.519 66.096 418.056 587.413 548.916 81.832 324.594 81.325 654.438 848.73 745.076 678.662 806.392 317.182 327.513 708.763 172.088 876.795 153.996 606.347 54.018 902.719 592.049 927.905 420.479 729.421 341.2 39.86 250.063 109.034 317.347 219.398 6.747 444.321 252.334 616.047 362.656 624.112 647.526 796.261 984.269 894.535 680.704 492.073 245.751 269.509 704.265 727.702 132.985 933.875 746.991 83.979 191.762 543.789 672.973 152.279 299.6 496.773 874.932 61.967 459.378 85.413 884.558 983.737 922.164 938.785 626.159 921.524 783.41 804.444 435.606 83.306 321.279 22.645 600.63 346.585 850.111 797.108 500.725 327.586 832.318 28.811 183.595 958.387 489.394 523.655 121.674 629.979 320.092 515.08 940.021 147.437 853.368 765.85 459.086 705.609 713.4 107.129 5.245 301.999 581.69 221.438 188.007 72.184 608.883 318.02 855.879 407.39 269.648 558.397 744.815 932.302 684.477 89.746 383.794 12.451 682.835 267.47 959.053 18.738 585.39 86.121 286.218 528.496 473.716 663.997 680.058 269.921 116.963 193.293 572.117 194.569 148.888 96.571 537.989 701.088 797.476 893.901 263.374 879.519 917.443 463.32 421.446 379.005 850.645 309.189 554.701 533.909 328.876 877.616 96.45 423.745 513.497 369.214 511.709 346.893 462.865 171.783 817.867 256.221 383.773
546.257 635.084 70.094 1000000000.0 392.891 704.373 842.416 367.039 755.161 773.494 557.308 733.433 82.743 961.38 45.558 265.44 355.381 834.832 976.214 637.923 825.085 607.102 189.351 382.388 705.492 928.282 238.471 508.85 823.442 883.223 653.044 765.507 487.266 731.692 958.68 978.979 741.111 684.349 57.606 309.491 542.196 754.506 342.249 742.072 310.158 763.083 949.352 635.807 877.603 250.445 339.335 934.644 8.905 238.979 114.271 898.819 487.737 861.035 748.597 168.677 732.719 897.797 888.314 631.929 417.186 761.743 662.499 365.156 420.796 886.415 575.896 727.526 66.466 136.496 785.317 698.091 717.658 268.038 130.837 817.196 427.691 629.765 218.622 303.329 565.944 487.333 709.54 986.482 701.376 653.666 156.009 919.01 99.794 867.393 575.395 885.736 875.165 487.864 173.364 335.923 601.154 662.7 915.296 348.362 593.22 477.892 180.833 192.73 565.613 839.637 653.977 570.279 185.37 268.677 912.046 108.171 663.496 336.616 952.326 882.185 679.458 289.625 252.611 179.553 448.798 437.881 176.652 114.798 108.677 42.738 21.461 315.65 847.228 796.123 508.157 644.51 630.919 367.876 553.28 570.313 192.568 147.071 878.343 122.437 67.022 349.007 863.234 967.345 163.72 833.451 894.108 694.842 185.215 835.545 515.395 67.242 188.175 709.76 890.195 391.554 791.928 242.703 967.55 831.657 109.471 213.068 56.855 94.664 681.258 571.21 339.561 963.851 659.447 471.759 753.523 906.774 79.976 549.639 334.651 746.448 200.849 959.939 925.903 98.651 713.675 774.581 450.202 70.878 868.645 251.478 833.736 946.489 952.108 642.136 587.037 913.512 606.18 759.909 176.788 459.582
409.461 666.952 422.759 392.891 1000000000.0 129.267 558.816 725.114 407.268 885.78 22.13 853.604 107.657 313.65 327.019 541.162 223.706 415.702 757.612 174.714 888.17 895.23 811.781 991.23 327.868 582.419 565.338 316.997 731.189 875.251 375.289 504.78 226.259 437.769 77.056 424.085 567.469 289.118 219.272 539.802 311.787 179.807 846.592 36.991 845.11 866.938 778.32 240.325 815.339 426.185 496.32 818.899 675.509 120.477 394.457 130.004 810.567 502.967 433.85 736.539 926.645 575.876 717.088 516.634 485.733 106.198 477.568 305.488 956.451 915.674 315.028 410.169 491.824 63.087 225.149 310.625 253.171 600.894 672.455 55.753 787.819 726.401 386.207 20.597 56.435 673.386 70.25 529.427 119.086 505.358 455.122 573.923 584.378 52.288 735.672 863.008 677.208 305.322 811.673 367.698 120.669 261.029 258.073 568.379 202.294 707.28 78.528 225.729 728.369 172.331 269.401 65.083 232.416 694.357 979.639 99.94 165.178 262.388 372.479 691.446 827.315 900.771 597.81 426.704 922.463 603.359 742.506 824.592 108.782 530.812 399.8 760.866 883.283 78.968 667.952 962.187 872.626 526.371 294.785 418.763 697.492 613.167 352.326 784.769 240.518 478.198 972.573 548.503 343.836 104.54 329.1 472.077 851.139 578.467 216.808 722.408 254.68 40.686 901.657 420.738 857.769 108.458 788.085 326.867 524.227 70.522 412.419 68.067 381.005 524.432 924.387 130.182 884.627 374.222 890.496 204.448 570.095 523.042 318.862 749.605 153.207 395.123 600.642 779.702 345.087 669.293 782.194 366.909 164.158 863.2 22.427 829.073 79.164 888.23 699.158 908.727 238.281 606.716 232.828 209.217
566.026 482.995 38.524 704.373 129.267 1000000000.0 447.176 372.751 641.816 978.263 483.648 750.546 231.162 969.107 821.325 408.63 793.434 562.405 405.819 357.547 210.152 959.722 791.636 90.4 242.028 419.952 113.442 587.179 909.047 496.09 920.766 450.371 78.131 413.919 929.564 118.809 933.116 591.314 119.228 614.507 801.524 449.337 794.116 209.315 853.881 692.142 857.494 884.164 351.758 505.817 167.819 552.484 735.611 764.348 830.953 338.167 819.27 579.607 85.404 40.422 875.834 307.813 144.997 242.021 205.814 19.356 635.151 678.705 815.808 398.616 588.897 201.341 638.273 665.987 866.209 391.973 100.785 283.425 437.636 910.11 996.486 526.501 48.661 589.761 433.315 270.614 513.212 319.759 787.504 971.574 211.3 427.39 755.96 215.42 200.024 236.353 705.503 642.951 738.247 368.135 18.655 436.429 550.502 866.58 105.801 629.484 352.248 904.017 806.481 850.333 615.233 223.915 692.017 717.427 10.112 31.826 438.73 903.329 277.787 94.326 81.277 698.692 852.402 249.601 810.119 540.45 898.104 285.193 275.917 296.578 16.628 792.383 604.545 272.992 392.506 831.263 665.317 501.057 709.238 80.164 447.576 280.258 827.907 273.529 81.871 136.039 438.264 269.484 285.742 638.592 876.535 984.246 651.239 73.624 136.464 963.286 174.597 493.835 638.29 933.627 476.347 308.389 542.356 405.189 841.581 355.705 276.958 640.117 265.309 830.399 627.008 655.277 202.488 590.742 551.493 384.22 646.076 733.79 684.754 594.74 561.606 106.531 202.736 167.047 110.426 414.492 164.448 433.783 508.771 768.691 91.651 992.815 865.53 978.799 240.648 238.236 550.714 616.167 680.616 144.272
813.203 905.314 164.347 842.416 558.816 447.176 1000000000.0 674.016 244.982 675.829 804.589 31.17 811.549 682.267 864.958 886.828 342.051 810.129 668.799 458.481 946.917 151.292 265.796 698.339 870.636 189.944 931.181 855.418 774.511 797.871 37.684 489.455 980.839 264.006 481.794 568.301 937.297 103.281 165.509 15.957 938.254 654.749 517.457 683.055 738.037 57.423 366.456 867.716 932.813 325.042 226.721 714.652 130.846 670.701 53.617 181.301 618.521 370.605 954.02 499.536 539.254 458.324 116.02 97.742 269.703 680.64 618.764 194.44 679.785 775.198 486.087 134.099 81.868 68.076 820.718 224.922 47.483 955.571 122.427 712.082 584.954 150.033 300.505 650.132 277.369 481.381 655.353 299.308 219.488 797.241 365.943 429.747 185.035 865.78 917.176 316.301 619.05 171.181 302.532 54.916 4.858 621.769 853.416 233.326 221.635 799.4 634.79 280.639 56.112 792.036 436.793 66.922 613.431 579.755 158.114 269.528 578.956 510.313 233.697 914.501 768.497 84.766 684.885 515.481 155.221 373.744 761.645 22.525 473.31 844.716 743.466 911.425 170.104 671.033 633.704 196.689 290.498 327.943 453.651 639.321 260.801 88.443 229.2 902.51 199.475 380.216 255.229 268.002 863.228 239.918 263.977 608.579 244.273 445.763 697.076 628.575 726.469 711.572 56.442 655.484 915.722 639.016 168.836 559.775 521.412 806.33 779.18 279.047 39.542 138.722 998.526 443.614 114.34 556.067 316.504 621.323 653.589 775.703 257.09 471.858 579.682 117.633 780.348 596.756 592.612 551.229 740.819 334.579 145.548 136.256 827.988 936.005 192.174 665.11 69.15 828.653 313.124 216.324 786.541 836.753
35.657 399.757 938.034 367.039 725.114 372.751 674.016 1000000000.0 292.684 204.499 930.699 117.728 140.064 596.085 667.411 699.617 390.818 965.456 95.888 186.861 312.776 19.642 902.446 932.404 446.917 954.127 951.095 115.437 139.584 512.37 789.273 747.285 136.882 838.615 831.586 982.519 698.025 64.847 142.462 737.732 290.744 468.361 585.301 111.439 520.189 525.663 91.619 596.214 271.137 841.581 711.994 103.045 586.836 202.522 626.15 745.344 296.367 290.495 343.193 255.713 731.84 152.068 87.453 57.829 604.46 687.81 266.756 950.07 676.104 548.12 188.019 918.108 68.76 15.642 480.125 419.37 762.405 261.492 599.62 262.406 553.496 173.878 9.632 499.091 288.286 667.9 686.142 617.427 180.872 9.351 71.856 556.719 446.516 714.183 25.605 404.369 676.581 740.829 320.24 271.735 387.586 511.554 302.743 534.228 321.948 9.602 122.762 345.051 10.497 578.629 794.962 261.873 229.536 268.685 581.325 353.312 151.342 938.378 302.266 423.465 404.556 119.316 679.248 713.641 119.67 320.128 752.18 11.046 714.817 846.24 781.218 150.219 936.867 459.805 644.84 267.189 780.068 744.459 122.785 894.931 268.739 480.305 806.711 911.572 114.964 55.342 385.61 675.961 12.502 809.213 637.658 762.535 744.133 732.545 568.447 961.125 932.094 628.1 178.969 758.645 952.385 36.055 428.728 920.382 960.992 974.57 663.955 338.391 963.821 39.359 798.558 903.822 67.016 128.773 216.225 337.943 617.25 225.323 371.459 534.526 221.935 678.36 205.504 364.937 5.341 106.328 980.775 936.368 332.845 507.951 432.482 977.755 282.566 450.372 241.058 820.046 335.956 866.837 354.215 925.208
415.783 338.597 209.046 755.161 407.268 641.816 244.982 292.684 1000000000.0 677.428 811.022 386.68 151.827 252.816 427.78 921.268 563.272 152.387 443.835 175.359 502.811 307.37 83.358 623.875 798.074 949.349 367.567 73.368 786.817 56.013 748.546 407.526 390.056 666.079 307.864 546.35 411.315 759.435 850.523 850.35 494.971 137.341 802.53 738.464 820.24 605.706 237.323 42.76 729.887 688.708 760.26 74.065 808.416 611.322 989.108 493.083 350.532 27.321 121.933 99.338 875.897 670.414 436.107 253.393 163.68 940.342 276.668 863.548 310.702 148.449 449.542 68.943 137.588 417.106 190.892 663.736 490.009 601.486 765.399 758.942 112.235 662.772 584.834 418.846 694.889 884.992 574.928 6.262 561.729 839.538 368.67 43.424 984.591 407.425 976.051 581.99 711.587 667.578 873.974 18.536 50.769 901.013 884.199 976.153 318.123 402.642 732.369 790.601 582.358 24.191 729.575 103.167 334.945 775.425 892.233 724.567 396.904 406.152 907.103 58.378 389.549 167.544 420.076 427.326 302.907 321.32 940.276 236.516 654.879 126.914 437.953 630.751 293.036 897.127 739.779 23.645 508.85 347.66 137.99 22.316 169.048 731.145 175.77 468.933 442.323 985.37 453.19 65.304 866.871 403.72 993.391 857.249 696.922 923.429 219.502 956.069 289.667 675.898 512.784 248.189 70.82 915.434 533.881 78.645 618.242 202.512 818.756 121.139 955.368 484.522 58.03 650.049 16.805 894.683 661.735 92.202 15.089 245.749 985.638 176.063 970.729 726.608 855.98 206.139 811.347 532.819 678.926 353.316 555.858 630.463 838.151 52.186 125.408 150.379 700.669 33.941 840.818 310.351 562.496 587.248
832.776 350.166 933.041 773.494 885.78 978.263 675.829 204.499 677.428 1000000000.0 357.875 282.04 996.003 603.201 301.889 719.63 796.895 515.224 109.051 288.038 566.222 542.461 779.866 709.284 965.936 768.862 284.663 17.0 851.853 625.185 136.976 801.351 950.099 163.108 470.791 176.636 412.502 874.162 520.896 825.697 536.58 47.716 190.01 466.446 964.61 955.733 336.835 90.423 717.65 188.949 73.487 142.245 954.914 72.126 679.502 7.583 687.762 604.193 400.068 268.908 683.414 885.313 700.514 230.688 933.444 503.319 588.995 357.988 382.644 612.975 57.419 732.068 943.6 361.955 84.338 509.231 435.452 210.484 142.919 792.218 15.818 629.208 786.511 393.468 434.32 200.007 749.579 24.272 136.331 265.284 123.74 410.97 356.012 539.171 808.213 848.19 713.234 624.581 870.145 538.52 329.615 607.53 528.049 346.877 255.931 707.764 541.839 726.967 691.226 562.658 99.644 361.063 568.941 23.237 904.313 639.778 597.216 429.226 782.167 782.145 55.66 633.407 3.03 600.09 235.26 513.135 930.546 654.889 499.901 738.53 563.835 747.96 75.297 541.859 399.252 258.545 836.203 978.625 789.487 300.198 1.748 182.103 490.418 655.077 293.333 582.706 598.748 233.893 950.731 49.863 861.109 129.361 698.526 142.59 808.244 360.865 430.752 521.382 190.226 731.747 871.896 136.317 36.325 612.801 325.329 78.168 508.026 970.033 162.696 834.145 707.42 555.5 381.915 211.831 900.865 527.666 145.657 60.433 403.24 538.237 757.512 956.305 272.799 929.9 14.384 729.137 851.281 328.64 664.166 526.035 294.38 585.829 728.198 347.927 663.601 801.556 906.056 677.936 702.091 134.891
116.08 788.652 364.526 557.308 22.13 483.648 804.589 930.699 811.022 357.875 1000000000.0 187.268 158.252 934.684 787.057 900.166 652.294 667.314 154.583 69.711 616.735 569.211 968.216 744.705 922.599 323.58 571.767 959.688 997.954 653.397 198.507 305.831 588.391 173.218 157.448 186.909 5.758 84.208 760.102 444.445 404.063 301.269 241.346 625.456 967.162 938.355 900.962 538.485 530.814 137.788 870.853 387.439 986.388 145.977 878.442 370.647 90.314 144.824 828.805 224.599 858.189 410.203 85.693 330.713 795.859 205.431 148.188 875.467 688.418 219.6 609.099 319.833 680.298 233.222 235.44 889.387 417.893 884.428 750.494 638.029 583.531 835.005 819.657 808.576 428.861 776.43 877.206 719.809 37.093 461.625 473.231 155.785 535.788 19.074 172.798 726.291 203.001 742.357 925.795 210.626 599.027 937.525 555.907 10.764 56.903 7.55 182.535 469.797 433.71 467.397 176.891 623.208 723.952 995.534 332.097 173.493 264.31 836.057 491.875 376.422 930.503 974.423 80.419 211.372 228.34 914.39 947.993 428.694 557.785 773.939 226.826 920.228 932.521 669.668 584.762 148.584 631.558 123.236 44.776 353.597 587.425 653.885 880.915 196.989 351.081 655.187 242.898 315.924 703.113 451.289 464.168 20.324 471.401 161.943 610.447 694.754 869.283 954.425 192.083 450.958 400.726 621.184 854.248 33.411 709.406 740.284 772.916 79.569 718.382 705.612 838.381 264.423 755.449 422.323 991.145 915.537 965.471 761.382 370.429 578.524 989.758 886.969 488.972 717.532 990.514 211.815 393.882 253.394 489.371 934.95 217.32 176.596 39.685 423.713 36.47 99.281 719.954 954.055 422.619 372.241
542.752 616.977 893.429 733.433 853.604 750.546 31.17 117.728 386.68 282.04 187.268 1000000000.0 916.889 778.002 179.052 941.916 330.895 753.148 813.694 260.967 871.267 558.575 387.387 659.104 331.618 928.599 749.456 610.4 15.816 879.633 708.359 362.108 869.672 986.593 294.449 262.675 677.538 471.378 582.918 726.569 428.465 450.631 955.868 29.589 14.114 332.787 834.997 938.365 901.066 139.572 612.148 904.521 301.735 189.082 384.001 810.425 421.201 804.093 759.629 142.092 298.132 579.889 766.585 536.245 819.97 758.483 248.245 771.991 420.039 681.018 996.137 150.18 803.53 72.153 133.89 939.634 124.156 24.957 147.959 242.223 905.062 450.171 997.809 694.398 83.256 129.075 952.654 213.059 133.983 774.671 78.626 988.825 619.23 631.114 652.73 977.917 207.883 952.11 807.508 197.207 576.609 766.196 313.11 781.082 180.713 96.023 105.947 642.126 6.818 699.071 795.989 930.743 790.454 198.75 172.584 455.735 12.674 997.827 364.886 188.378 844.768 650.244 24.592 661.576 794.716 296.634 462.923 668.277 770.213 25.617 402.787 791.168 91.72 632.195 500.473 414.946 994.587 247.516 979.047 771.558 442.909 853.21 239.503 328.436 172.601 933.746 646.798 95.738 235.845 791.812 200.764 565.185 505.302 121.442 174.104 286.028 990.967 829.008 919.448 756.348 386.095 608.106 291.285 823.873 993.24 972.031 473.676 759.426 650.081 228.268 146.556 460.267 158.762 758.121 70.479 921.034 49.52 839.014 174.802 943.238 705.92 559.255 548.108 277.424 286.57 28.784 283.428 768.162 799.8 310.097 120.893 9.051 331.811 490.429 649.603 284.473 526.44 313.831 6.212 558.079
866.661 67.71 232.856 82.743 107.657 231.162 811.549 140.064 151.827 996.003 158.252 916.889 1000000000.0 968.389 304.199 414.479 284.765 20.553 257.846 19.826 410.854 886.803 43.755 982.57 966.919 247.598 51.302 202.093 774.893 666.976 204.163 721.098 456.528 460.7 287.121 899.429 929.04 206.176 432.396 272.371 461.489 626.937 187.343 250.008 513.13 695.352 878.435 453.296 356.256 955.623 180.888 839.296 214.02 534.269 743.051 382.155 9.921 424.583 474.351 329.157 486.513 618.769 342.428 266.955 264.85 232.187 733.179 302.522 110.632 249.574 558.006 263.984 27.503 958.558 79.82 181.963 477.992 481.484 160.025 976.252 137.876 630.611 617.961 536.947 746.859 119.865 733.34 541.085 189.427 732.818 381.626 859.728 814.958 967.949 431.468 535.019 873.827 239.634 69.904 898.567 403.908 309.068 172.433 185.718 317.807 274.624 826.854 14.711 839.694 214.507 503.647 72.285 603.086 670.533 705.869 569.16 80.436 675.734 627.935 712.648 513.486 475.577 837.831 780.573 2.362 225.97 407.888 40.822 605.922 615.616 506.141 609.037 859.707 876.009 909.731 709.549 295.698 145.389 20.477 457.618 157.332 428.025 815.481 166.004 893.731 77.089 334.076 960.483 245.444 272.367 267.785 744.523 880.957 103.405 644.628 303.153 903.718 133.399 39.527 467.443 618.981 38.603 803.874 138.398 79.22 75.906 732.677 472.805 833.637 960.718 182.592 726.156 926.432 378.674 263.399 59.534 737.231 92.518 921.151 365.535 920.771 327.759 534.037 509.689 275.313 405.072 875.302 803.4 928.283 148.775 553.521 556.32 15.014 492.398 916.535 790.939 386.462 925.788 539.933 966.69
344.207 740.675 270.451 961.38 313.65 969.107 682.267 596.085 252.816 603.201 934.684 778.002 968.389 1000000000.0 191.204 572.535 552.552 140.415 784.613 558.543 663.845 798.806 688.292 750.024 584.8 649.997 315.853 174.942 605.332 373.523 99.69 237.508 784.207 371.894 756.073 582.349 287.305 66.688 153.542 704.812 132.189 929.04 31.816 395.089 22.104 945.085 571.168 25.483 140.941 897.725 54.61 548.938 923.05 905.826 325.761 280.25 712.021 534.891 170.982 319.882 970.955 506.515 224.561 526.436 367.529 5.655 966.391 493.916 18.11 625.26 529.357 10.26 916.897 968.531 181.502 368.921 283.469 957.822 66.401 345.268 349.0 359.931 507.839 555.33 941.126 211.402 469.249 937.956 342.074 634.355 978.674 174.741 785.142 80.804 335.112 389.945 488.998 316.014 539.619 132.173 168.066 272.748 804.741 195.915 576.98 305.855 669.319 907.097 764.526 471.582 484.381 73.498 543.733 390.04 707.783 358.896 149.731 43.726 922.021 566.077 392.16 19.243 854.225 46.931 379.726 682.027 718.073 821.519 773.844 592.525 206.071 594.799 235.37 947.315 432.266 434.983 725.467 623.393 492.043 203.681 306.612 326.894 680.495 761.365 270.858 675.964 666.129 726.742 730.414 617.639 487.376 749.775 216.866 803.744 486.803 270.362 537.011 198.093 587.414 829.157 578.09 147.976 699.643 290.191 40.964 802.003 978.176 159.595 631.121 415.035 407.574 719.351 57.652 631.121 517.802 768.065 755.503 323.658 658.948 629.074 863.163 762.935 433.614 635.682 82.885 402.417 271.816 478.993 329.41 680.482 333.414 759.971 155.673 614.902 663.496 471.766 885.318 136.23 66.169 486.794
849.445 362.532 175.531 45.558 327.019 821.325 864.958 667.411 427.78 301.889 787.057 179.052 304.199 191.204 1000000000.0 13.688 998.527 610.328 213.635 540.009 753.035 453.97 634.004 647.343 996.814 613.899 489.243 931.873 868.817 906.368 298.41 877.598 521.654 321.448 315.666 25.562 278.964 560.365 527.479 543.956 796.847 99.694 394.933 524.517 860.957 948.472 735.749 238.275 243.94 58.16 380.349 733.918 522.429 337.472 19.241 604.032 351.238 860.318 335.934 467.432 858.795 846.857 32.087 589.751 811.931 620.052 105.642 934.663 306.371 285.831 688.668 349.222 677.157 127.322 211.572 492.048 870.394 456.742 691.937 441.025 472.601 967.152 946.69 312.578 218.725 208.696 798.308 201.746 853.11 436.106 765.947 968.544 655.777 867.443 436.926 952.302 788.869 815.789 386.875 155.721 964.181 96.895 71.787 38.511 696.227 930.824 858.385 458.642 815.82 484.194 928.775 778.776 101.719 6.874 65.846 754.836 85.097 310.3 106.186 677.521 394.254 519.331 507.106 464.487 347.069 701.267 545.779 79.185 930.386 92.077 257.595 867.921 653.479 798.427 327.732 107.808 232.561 762.492 515.045 539.473 431.219 971.251 36.726 653.438 138.321 727.632 701.615 791.85 415.94 618.948 586.233 18.365 130.65 903.614 325.018 826.293 416.855 762.449 782.843 894.042 787.261 767.724 430.204 411.524 696.645 889.643 557.068 898.044 296.469 740.537 386.896 707.729 526.172 835.036 781.882 403.193 548.266 751.352 231.493 412.371 591.543 358.603 628.569 729.237 959.5 320.912 493.183 640.132 409.444 111.202 411.895 646.904 474.95 340.467 16.416 401.921 527.432 985.335 537.769 524.708
179.697 519.837 15.253 265.44 541.162 408.63 886.828 699.617 921.268 719.63 900.166 941.916 414.479 572.535 13.688 1000000000.0 298.245 380.22 930.424 22.34 391.35 376.86 871.96 550.526 685.447 975.056 313.148 495.865 652.964 675.85 476.758 267.468 172.101 730.338 295.218 453.492 507.862 325.009 489.8 535.256 951.325 362.178 711.05 174.302 503.491 926.373 754.626 341.734 186.301 647.51 109.814 809.278 403.453 384.948 390.519 67.08 610.059 265.11 907.269 118.735 137.613 127.503 387.358 714.052 919.728 537.587 429.602 274.144 367.822 636.241 966.702 486.424 994.643 192.927 173.196 320.322 431.259 245.828 819.638 911.404 672.152 944.21 976.771 303.482 849.501 671.364 570.772 900.225 745.116 616.469 215.539 615.947 410.54 863.74 311.565 986.126 970.319 217.506 663.754 487.608 789.957 810.006 183.812 895.429 776.636 208.503 250.039 975.136 499.487 2.333 862.843 578.725 873.483 920.862 509.738 827.403 824.334 625.96 484.043 855.764 323.218 95.978 358.136 225.592 51.428 461.058 284.109 869.222 83.6 228.734 867.989 689.975 277.282 31.688 580.25 128.872 265.359 455.391 457.708 652.023 554.139 758.509 334.331 805.278 283.112 225.951 463.791 120.232 485.631 839.503 404.567 806.771 645.146 685.786 935.177 621.639 440.471 657.557 982.647 378.656 899.371 468.573 610.451 140.237 192.174 381.197 736.444 841.991 739.014 21.176 959.882 110.517 443.726 28.919 773.48 516.368 546.296 335.807 292.156 81.494 440.06 394.323 26.711 917.833 131.716 724.35 379.693 329.456 304.837 359.12 729.348 958.165 639.706 250.808 171.99 973.407 469.702 159.906 677.649 89.323
943.417 337.46 578.906 355.381 223.706 793.434 342.051 390.818 563.272 796.895 652.294 330.895 284.765 552.552 998.527 298.245 1000000000.0 398.225 654.536 311.039 148.572 943.732 534.78 500.376 82.236 971.117 380.407 389.111 916.325 673.609 817.65 704.376 910.175 390.927 1.197 244.647 516.843 527.587 192.733 906.789 68.268 319.192 52.97 550.519 452.442 723.107 241.68 35.943 297.421 69.434 469.265 908.533 904.658 770.214 102.888 90.89 658.668 362.526 550.157 68.08 835.494 953.06 169.456 662.287 6.923 925.179 305.357 760.734 289.92 811.074 186.069 631.254 835.104 115.981 949.894 108.192 905.505 815.874 102.881 323.169 851.596 454.076 206.943 185.913 675.704 865.741 856.682 720.511 679.261 42.17 87.729 676.012 742.826 484.051 330.296 136.019 864.11 37.954 218.083 220.269 616.472 125.288 739.75 611.332 481.874 438.601 443.431 154.611 125.065 116.05 897.348 821.144 789.759 870.151 902.003 104.025 911.53 945.931 266.348 665.675 764.498 732.524 356.112 619.382 543.151 641.737 925.983 219.971 273.051 685.83 547.624 87.611 874.166 487.035 294.884 131.251 42.253 790.795 857.65 437.056 845.48 952.544 748.161 628.743 485.218 527.158 519.72 865.116 521.954 852.659 588.878 924.147 279.615 811.466 407.702 801.973 541.066 742.099 304.717 88.055 70.446 707.719 19.255 124.561 680.669 343.986 187.264 369.57 514.551 379.166 722.379 446.26 240.32 712.921 143.955 924.71 42.346 891.301 554.213 245.712 971.033 869.055 854.899 870.822 263.209 62.876 610.182 663.022 288.508 212.942 421.095 416.031 677.985 265.763 151.914 317.011 35.941 662.117 298.715 628.153
18.701 793.437 390.643 834.832 415.702 562.405 810.129 965.456 152.387 515.224 667.314 753.148 20.553 140.415 610.328 380.22 398.225 1000000000.0 376.587 880.408 414.389 140.989 484.887 735.373 325.073 480.1 392.513 544.457 226.5 70.894 77.821 184.965 959.294 12.862 926.694 128.667 354.084 584.134 88.921 733.261 7.673 366.095 844.648 282.61 115.804 28.969 740.814 538.338 157.449 976.892 741.214 389.821 365.545 221.914 327.952 158.673 137.382 978.375 55.334 37.162 642.525 334.838 850.854 862.959 852.458 992.926 207.719 738.868 127.686 395.933 657.517 563.027 55.03 447.171 181.703 143.177 826.408 429.22 293.758 694.718 335.489 817.628 567.74 331.151 415.789 362.386 728.022 157.537 389.528 980.446 718.117 510.561 899.776 983.388 970.232 834.214 482.393 571.797 376.774 685.705 852.42 667.674 651.48 607.977 67.812 141.02 874.352 264.238 233.598 332.845 808.607 635.344 776.19 852.257 778.173 855.758 281.457 692.999 959.028 699.878 202.817 406.694 847.695 644.08 47.942 937.259 836.386 542.927 528.096 950.638 430.027 501.234 721.691 68.419 672.821 308.335 1.154 677.371 339.969 868.697 463.703 77.827 367.311 345.344 66.211 911.477 250.411 709.967 387.034 559.273 84.053 928.444 896.208 90.776 793.702 173.141 728.313 372.457 102.617 723.458 771.489 255.44 271.735 307.596 372.521 344.179 266.63 868.294 395.582 136.644 413.914 667.863 803.912 128.456 248.948 452.855 29.538 622.538 692.739 437.06 327.831 825.847 759.35 551.713 477.317 679.151 215.629 204.548 198.816 53.022 348.843 385.455 585.757 352.634 920.614 611.139 529.214 341.808 126.787 734.356
821.873 88.863 438.824 976.214 757.612 405.819 668.799 95.888 443.835 109.051 154.583 813.694 257.846 784.613 213.635 930.424 654.536 376.587 1000000000.0 87.185 951.136 404.964 772.705 203.484 470.508 234.081 193.759 966.592 73.076 20.828 253.317 276.669 183.1 278.894 214.107 235.174 569.615 838.322 343.347 250.342 808.698 611.932 628.651 317.774 908.29 943.207 714.053 498.263 424.43 283.594 874.935 700.453 180.825 449.915 913.661 386.817 435.855 15.752 856.647 342.74 394.609 443.26 912.144 295.385 853.558 805.386 526.28 73.986 912.434 84.451 280.639 823.003 534.53 548.446 968.546 436.729 988.416 199.68 784.053 277.997 29.546 119.851 270.776 199.367 887.6 238.432 843.894 176.816 632.509 249.914 117.018 858.942 205.029 177.411 211.683 23.275 714.07 568.232 464.585 14.362 321.548 52.068 275.628 117.833 408.289 733.534 50.392 726.875 974.866 883.101 995.262 130.072 552.157 966.909 112.735 202.077 545.29 650.999 268.906 727.25 305.815 924.773 828.617 552.622 215.41 71.993 190.504 216.811 772.567 674.455 718.705 440.965 107.383 796.071 903.26 51.36 545.782 462.598 603.261 259.389 47.97 398.02 758.602 736.753 280.587 143.62 897.179 132.155 930.218 176.501 396.75 629.243 120.169 261.081 332.974 478.902 996.275 41.025 93.521 311.019 986.186 468.063 953.403 753.589 70.754 750.274 132.639 495.584 772.336 839.788 63.89 679.619 708.903 791.379 970.536 87.458 888.573 643.752 266.332 247.38 306.797 96.151 893.505 865.587 331.862 217.947 54.342 517.246 668.63 830.821 419.373 507.893 78.315 841.037 166.064 679.441 798.304 297.613 741.343 777.767
144.011 239.765 512.525 637.923 174.714 357.547 458.481 186.861 175.359 288.038 69.711 260.967 19.826 558.543 540.009 22.34 311.039 880.408 87.185 1000000000.0 943.597 661.366 424.262 263.097 986.918 345.132 252.85 618.144 735.239 422.371 525.493 742.133 809.217 9.471 790.008 110.446 543.886 4.842 803.456 970.675 224.633 801.28 325.104 206.104 996.949 588.781 440.228 125.156 794.301 580.935 363.399 690.873 606.369 629.55 146.546 322.323 497.85 956.094 768.039 27.475 735.607 203.224 535.477 964.588 227.989 311.219 379.422 593.886 34.919 572.174 793.156 677.076 668.56 532.965 526.233 177.277 858.595 807.406 863.564 903.41 794.453 872.557 259.214 144.1 988.342 496.632 11.147 695.517 555.059 470.674 969.649 223.506 581.582 434.083 20.128 161.738 135.483 414.219 430.701 868.196 208.7 229.761 572.6 449.458 696.75 318.224 662.836 703.007 457.306 137.881 988.143 285.416 773.33 563.503 380.334 70.492 473.939 382.622 920.051 838.43 904.856 765.333 926.93 110.818 204.842 354.989 793.0 569.719 383.002 874.608 57.483 643.921 350.831 857.22 273.045 788.317 557.969 597.383 490.204 589.95 538.963 506.595 337.63 498.546 842.347 980.567 229.586 391.826 327.014 161.314 37.285 358.62 290.033 899.471 667.194 947.269 453.643 87.69 658.264 180.284 55.6 575.837 765.164 67.616 458.751 80.148 195.767 328.174 218.859 71.724 499.952 487.612 555.942 308.872 670.063 870.56 47.246 961.138 46.811 522.587 147.52 681.601 213.426 249.23 225.122 441.945 950.971 439.214 307.082 940.586 324.914 126.084 340.686 254.844 545.76 672.098 529.254 240.714 377.005 217.715
219.746 176.425 935.53 825.085 888.17 210.152 946.917 312.776 502.811 566.222 616.735 871.267 410.854 663.845 753.035 391.35 148.572 414.389 951.136 943.597 1000000000.0 287.136 477.025 340.593 790.924 595.313 8.322 95.741 743.992 428.367 483.038 836.575 362.159 681.403 586.057 377.647 899.33 921.006 199.975 723.174 718.528 268.261 879.987 667.99 391.366 902.932 969.359 76.446 633.215 840.739 239.099 436.764 516.906 714.463 354.176 28.273 263.496 836.339 340.975 121.732 615.7 909.602 327.499 142.991 47.721 452.395 465.391 711.084 803.693 697.69 640.974 954.574 717.274 154.336 231.289 758.145 965.009 940.245 271.038 350.417 949.237 471.934 715.206 866.499 138.652 364.48 811.338 426.628 820.182 414.498 647.298 674.191 856.188 448.379 515.211 433.225 848.501 167.023 411.469 358.998 351.084 267.85 383.207 895.639 650.213 436.43 198.892 513.752 707.611 574.663 748.241 465.642 665.892 247.747 836.593 337.008 332.741 628.891 597.277 134.695 307.196 180.762 967.815 380.383 847.053 760.383 727.561 207.731 647.515 734.265 908.545 697.552 803.179 591.915 92.845 303.991 726.553 680.005 369.484 898.122 252.003 342.069 155.197 308.888 71.045 345.049 932.616 847.614 519.115 541.703 627.913 121.594 164.151 18.814 378.791 750.346 994.661 507.563 490.471 444.654 689.152 986.202 193.432 649.318 513.22 294.427 979.192 723.293 403.826 296.857 385.931 55.109 596.429 568.131 817.677 593.701 788.375 880.27 566.865 222.611 123.149 164.893 997.398 261.248 678.588 94.548 561.834 83.564 78.025 526.374 300.403 308.819 148.763 175.65 621.184 677.498 992.115 784.697 400.39 469.491
394.882 558.048 672.321 607.102 895.23 959.722 151.292 19.642 307.37 542.461 569.211 558.575 886.803 798.806 453.97 376.86 943.732 140.989 404.964 661.366 287.136 1000000000.0 597.807 84.635 508.126 763.496 527.518 262.705 704.542 580.577 668.373 324.601 669.475 983.601 687.016 150.203 91.421 770.258 709.089 707.446 723.888 655.77 413.325 898.31 871.114 351.356 432.615 980.467 263.928 413.036 877.966 595.008 509.685 990.803 201.775 37.317 790.352 859.621 233.745 19.244 606.554 925.093 310.531 922.702 517.822 70.509 719.598 527.099 279.775 276.151 618.983 749.614 485.142 167.733 496.9 521.74 803.252 768.27 403.055 91.425 550.031 75.606 318.296 347.518 29.169 454.491 947.747 135.413 237.123 51.224 835.364 452.326 841.96 597.716 631.95 641.273 900.544 199.683 300.256 138.153 867.944 443.684 552.887 726.294 547.577 558.822 836.465 532.538 85.878 679.49 20.51 733.288 859.572 885.628 102.714 720.976 116.623 702.114 730.787 743.503 903.564 676.268 914.921 568.22 908.556 433.313 683.909 218.91 372.998 626.838 789.698 165.545 453.296 136.975 462.669 34.706 858.491 447.209 326.357 168.109 730.67 665.133 388.241 566.416 836.498 573.651 280.213 558.824 89.565 704.134 664.748 528.225 789.646 275.408 213.514 249.918 39.907 805.527 642.592 861.317 516.777 548.598 631.564 60.749 350.851 670.177 472.044 630.152 483.238 821.266 735.21 193.512 685.934 537.439 554.506 686.327 33.897 830.929 581.71 360.076 937.482 336.219 155.07 419.921 441.62 951.164 157.463 658.149 724.729 291.782 966.646 519.786 458.374 937.551 78.624 371.287 195.502 124.001 266.309 75.907
61.105 604.546 721.154 189.351 811.781 791.636 265.796 902.446 83.358 779.866 968.216 387.387 43.755 688.292 634.004 871.96 534.78 484.887 772.705 424.262 477.025 597.807 1000000000.0 463.738 360.846 631.136 379.319 191.451 951.29 666.132 559.498 138.029 524.835 939.905 729.75 894.962 879.772 682.225 97.949 610.287 482.243 716.801 629.279 388.302 11.8 162.096 89.185 855.572 956.414 403.356 674.854 248.821 928.686 328.446 819.38 182.86 518.649 827.421 738.232 535.787 453.837 149.927 88.919 720.03 857.378 9.357 438.472 946.414 585.036 594.864 758.775 272.944 540.036 905.556 123.657 322.375 115.355 18.836 631.243 707.516 404.573 33.361 755.107 757.241 146.145 433.074 893.642 506.363 4.057 981.899 811.956 402.289 461.826 136.584 734.715 816.835 15.817 467.802 80.181 557.151 317.556 46.289 194.43 603.686 971.032 76.939 309.371 712.908 634.45 374.192 768.516 683.244 715.155 246.035 244.12 446.428 781.416 954.219 863.716 155.149 348.461 213.403 648.956 495.115 968.317 448.576 685.747 546.969 553.845 28.148 201.693 139.51 799.074 433.48 196.593 81.13 844.553 467.313 11.002 353.631 154.007 177.025 709.55 896.677 139.105 530.974 691.66 336.282 197.048 166.438 164.241 433.679 217.621 351.341 823.569 453.097 194.47 885.559 927.136 423.258 58.475 851.979 823.717 531.644 622.097 860.483 324.829 784.286 635.817 849.015 246.352 455.444 221.112 561.437 603.125 865.43 44.572 559.692 337.534 828.816 275.465 63.784 833.949 874.319 14.0 604.827 924.075 959.7 597.104 49.375 140.366 798.536 111.633 16.499 861.049 618.383 267.799 417.264 45.272 970.324
740.299 952.658 118.091 382.388 991.23 90.4 698.339 932.404 623.875 709.284 744.705 659.104 982.57 750.024 647.343 550.526 500.376 735.373 203.484 263.097 340.593 84.635 463.738 1000000000.0 617.896 8.202 337.783 8.487 416.213 575.211 832.449 332.333 760.197 523.373 474.528 684.43 796.74 156.244 214.155 720.899 819.541 698.15 378.767 118.618 68.994 256.441 992.771 593.301 907.77 889.763 21.871 523.678 791.073 450.134 356.997 166.713 321.976 182.331 591.717 185.272 699.972 31.131 840.743 339.328 398.061 126.3 681.437 469.822 543.055 365.743 755.561 264.014 693.343 680.017 267.729 436.554 831.508 537.389 495.011 332.082 914.973 674.225 163.595 860.901 206.959 373.499 2.742 790.53 956.313 382.504 705.896 423.906 585.092 685.556 966.983 160.605 703.609 905.392 466.202 795.059 354.635 521.333 558.968 304.244 862.46 236.777 131.856 648.813 656.534 529.559 234.925 984.974 680.501 499.302 21.24 506.939 641.706 166.875 271.475 844.777 9.988 667.566 375.303 393.621 861.785 350.575 142.865 722.896 115.006 544.036 347.542 698.45 691.376 906.549 975.337 340.619 745.006 521.999 892.028 327.454 144.223 444.12 712.907 232.585 838.037 925.318 43.508 581.983 921.17 205.066 335.472 168.493 141.558 884.626 416.941 69.236 425.957 246.144 269.28 336.34 146.204 782.142 434.308 911.771 372.07 626.994 389.55 118.726 925.863 325.22 385.401 8.278 888.592 816.384 769.127 79.271 387.534 785.237 22.354 442.98 359.686 432.385 767.858 390.473 411.205 354.544 868.754 315.728 254.984 819.635 104.453 892.612 782.224 399.026 794.377 706.699 252.534 158.827 461.897 539.752
351.919 333.512 265.522 705.492 327.868 242.028 870.636 446.917 798.074 965.936 922.599 331.618 966.919 584.8 996.814 685.447 82.236 325.073 470.508 986.918 790.924 508.126 360.846 617.896 1000000000.0 40.42 365.703 895.74 760.476 553.097 30.75 824.791 951.059 14.871 153.933 296.48 353.367 32.585 760.211 414.943 735.055 394.866 514.523 137.369 749.342 183.279 592.073 715.345 287.747 297.379 452.686 245.138 451.033 897.735 51.057 864.208 398.208 124.457 799.756 251.912 458.019 512.258 545.566 539.074 829.19 478.62 594.027 601.62 696.319 542.901 614.304 351.453 891.508 142.134 284.294 803.189 405.629 721.838 553.891 10.177 979.955 184.8 251.598 347.958 138.516 732.593 917.554 39.478 328.126 357.884 444.4 314.809 129.519 697.621 134.478 103.491 596.316 214.593 332.892 613.903 798.488 74.463 572.677 928.305 780.177 370.405 790.662 601.286 528.379 976.147 880.044 180.935 62.839 213.198 787.955 368.74 425.142 740.698 706.405 866.373 965.729 665.741 246.022 51.251 127.859 224.291 95.163 221.708 927.149 140.295 182.632 533.315 709.343 861.766 796.983 917.103 595.263 496.27 404.942 383.486 888.31 247.476 512.527 142.959 39.233 683.318 931.17 978.172 605.379 362.194 486.975 721.401 240.414 432.134 608.717 938.236 544.875 519.781 698.537 436.545 239.543 378.288 658.309 528.713 224.413 300.811 845.408 497.158 834.519 395.835 142.004 743.181 546.633 193.434 382.35 203.401 614.936 597.979 826.825 33.482 885.166 963.088 327.03 111.195 597.487 816.488 444.969 45.764 920.159 175.232 578.783 115.764 446.497 775.648 921.568 238.363 570.362 408.073 750.257 162.739
