200
1000000000.0 731.467 711.269 627.324 802.777 974.405 278.187 257.978 304.882 676.558 806.423 304.152 709.339 335.994 255.467 229.385 194.478 800.36 258.351 251.089 410.966 3.243 604.623 90.856 220.57 44.793 694.514 447.947 985.129 746.888 633.183 798.744 202.228 300.748 875.376 215.652 957.681 505.193 925.734 576.464 690.499 259.96 932.496 685.701 462.468 896.534 37.943 252.181 573.877 559.396 482.185 474.025 845.443 508.273 157.074 182.078 178.413 807.924 936.1 118.562 10.019 692.923 210.281 29.678 223.42 298.612 774.227 744.338 118.959 515.51 480.471 134.553 671.992 956.877 384.849 910.716 373.224 171.022 931.452 914.52 48.754 144.305 414.242 579.793 448.127 397.582 320.685 677.28 632.751 437.88 993.867 532.657 914.734 587.991 916.201 388.671 513.412 784.336 206.668 674.135 588.306 439.352 690.222 295.186 519.98 881.507 531.996 493.607 610.619 961.276 597.499 738.423 600.558 260.297 39.16 384.666 290.054 239.125 168.122 376.826 641.879 881.476 382.171 241.111 254.014 606.273 629.625 11.109 949.171 972.56 364.51 842.078 791.496 702.583 900.874 689.312 558.761 355.195 844.533 948.123 827.528 8.698 619.486 137.383 772.243 521.695 375.566 907.188 227.623 380.16 955.604 865.162 29.604 253.379 728.648 120.563 489.558 261.802 891.643 520.263 783.581 982.608 553.091 547.299 647.361 347.114 680.47 313.26 559.962 54.87 741.924 203.009 682.572 277.067 211.598 261.157 241.619 91.791 953.173 912.475 878.821 402.063 137.492 493.448 110.136 622.975 38.358 543.96 824.164 633.526 250.056 774.118 859.117 132.134 858.887 810.744 865.663 133.507 111.366 215.549
731.467 1000000000.0 765.458 940.185 417.8 860.907 902.031 181.669 572.449 497.541 240.516 826.276 42.209 620.92 156.28 396.34 336.086 783.426 990.749 315.921 674.071 733.307 948.984 670.721 730.192 895.765 484.35 401.516 373.394 613.927 981.754 676.744 675.642 702.113 684.667 577.635 762.992 954.532 932.729 548.432 850.912 727.785 124.419 635.603 523.601 980.051 52.646 149.256 195.094 732.651 305.425 610.522 278.09 694.013 336.372 484.083 129.466 230.762 146.859 700.589 164.852 36.32 571.315 45.436 632.612 349.296 945.101 538.011 723.196 974.658 435.517 752.925 50.057 425.258 978.926 55.017 419.518 537.645 278.329 393.534 674.628 600.183 330.72 552.401 937.578 105.604 234.113 600.692 37.53 805.24 140.651 64.502 916.705 573.879 756.217 331.148 643.409 949.84 754.196 748.155 830.961 462.276 188.808 437.111 873.944 608.002 848.515 821.156 195.724 234.127 961.159 243.829 196.499 553.075 901.665 279.004 191.454 607.681 963.898 81.563 582.502 447.349 933.233 475.836 550.467 841.407 285.194 103.651 142.574 607.294 337.105 439.436 101.421 292.031 288.576 734.782 487.804 447.251 479.773 36.215 421.25 203.255 474.769 314.026 73.499 886.223 135.06 773.31 228.462 902.279 683.593 542.731 187.946 803.017 884.587 342.283 529.744 259.253 463.086 7.846 617.179 800.502 834.772 925.632 939.803 525.75 734.727 76.357 478.285 647.181 666.41 395.832 483.213 709.889 50.982 286.017 768.292 783.369 471.949 891.741 813.073 426.073 867.468 511.605 625.893 928.189 986.356 203.355 914.809 182.856 951.804 617.535 456.071 880.789 498.505 21.9 729.266 703.329 553.09 781.134
711.269 765.458 1000000000.0 365.346 262.491 391.753 853.011 544.225 144.533 698.885 669.498 733.699 114.325 177.036 413.114 298.635 714.144 980.169 680.443 581.169 161.444 150.2 449.828 847.027 491.82 451.047 255.275 38.204 759.885 958.792 20.826 756.482 73.384 385.934 504.588 880.939 150.398 581.623 364.765 813.357 244.466 31.508 186.547 547.003 915.179 604.441 178.878 187.94 384.464 163.448 378.205 783.433 154.42 344.289 964.038 437.866 361.794 375.755 518.055 960.968 317.128 280.009 102.413 456.546 568.373 158.317 425.52 30.771 554.721 874.609 754.886 396.294 597.404 860.967 294.574 770.889 181.973 538.17 218.716 34.329 154.711 637.335 601.892 773.68 722.805 862.948 411.889 6.77 367.32 992.63 82.685 928.223 365.448 802.047 491.399 569.258 367.658 444.569 822.081 81.257 57.02 35.319 931.602 753.983 830.465 624.964 552.145 143.228 525.816 303.92 925.731 288.521 868.646 545.612 60.789 918.758 284.556 108.767 282.818 307.953 347.381 768.971 566.215 593.468 970.001 406.836 969.259 322.366 600.747 209.102 796.62 28.246 839.269 830.683 30.93 518.92 608.46 342.67 150.662 644.249 594.196 605.58 401.829 717.423 148.632 30.536 345.681 429.574 430.368 884.892 127.801 164.279 138.467 623.964 527.293 782.224 742.043 337.252 945.359 196.696 575.83 788.839 397.445 688.353 919.786 854.922 492.975 42.54 686.323 939.265 999.469 797.253 478.959 916.077 24.859 848.857 656.37 927.167 681.625 183.121 296.703 230.657 377.397 216.993 985.054 253.82 836.412 788.056 791.068 577.861 166.356 272.425 34.432 300.468 758.962 160.064 607.307 697.711 223.307 588.039
627.324 940.185 365.346 1000000000.0 709.455 473.489 941.147 871.46 485.808 701.525 157.283 938.595 527.786 477.813 493.45 86.443 676.334 125.136 513.611 506.604 252.251 355.738 382.422 542.401 746.934 802.337 397.705 291.974 703.821 965.642 843.984 203.582 782.769 422.958 267.728 937.249 245.695 303.5 426.725 267.058 650.188 797.054 967.095 890.679 396.388 298.436 305.019 673.059 693.313 538.369 235.965 994.96 739.294 408.751 781.267 540.119 751.252 87.094 928.275 813.733 714.309 758.213 530.455 214.299 622.503 927.563 591.72 351.309 437.766 119.365 403.814 438.839 846.253 11.074 386.505 379.531 277.141 774.547 524.808 257.651 459.38 685.32 382.02 496.085 258.878 532.664 87.229 475.862 565.651 648.075 515.148 557.872 519.457 633.476 191.369 327.919 541.091 617.782 636.175 988.084 836.311 574.949 847.027 819.308 360.112 2.225 143.346 710.282 538.589 490.961 925.829 517.563 976.203 103.499 579.459 280.114 526.364 565.095 609.819 137.014 528.179 18.925 827.176 413.798 176.862 314.595 639.261 521.873 595.39 52.589 854.472 737.136 982.163 359.641 343.173 795.537 973.681 766.712 630.246 446.432 647.574 33.241 762.254 422.112 772.056 377.183 40.605 717.611 816.713 449.628 306.603 349.61 310.314 121.48 575.37 483.494 929.905 785.348 830.448 620.345 887.862 349.233 517.465 304.273 325.719 346.423 153.391 778.253 819.111 345.388 873.386 75.381 808.786 486.883 424.598 122.705 559.055 715.346 561.395 970.691 458.034 861.236 6.33 93.94 597.65 162.674 268.76 208.706 520.893 805.488 198.065 332.816 700.876 85.608 721.729 940.65 217.476 667.189 566.416 321.531
802.777 417.8 262.491 709.455 1000000000.0 627.964 415.498 872.994 751.63 416.301 928.509 536.004 834.074 116.803 954.038 658.485 578.081 257.366 618.505 641.995 253.206 28.863 947.793 18.302 886.511 896.403 927.361 425.573 991.022 21.238 448.45 2.349 320.704 16.311 296.168 501.04 700.914 789.218 719.621 96.597 226.195 344.353 570.377 968.371 519.101 920.775 212.899 48.171 897.439 646.026 933.658 577.852 838.72 104.202 869.828 442.717 399.62 446.151 345.52 584.341 872.624 543.771 673.604 385.93 188.469 498.546 659.385 882.0 414.862 390.826 97.551 852.668 742.841 492.881 913.869 479.143 701.161 971.481 421.249 285.827 624.099 699.091 389.138 818.469 102.097 118.98 842.292 798.583 365.457 380.695 897.482 560.638 430.474 814.037 73.12 726.488 522.733 195.71 579.179 318.582 352.809 103.956 40.721 433.649 648.748 476.033 698.737 982.216 833.134 238.89 934.382 853.32 507.728 311.667 251.149 225.937 598.558 227.603 640.35 301.3 94.804 785.364 220.399 951.255 182.033 707.331 252.223 139.798 378.515 917.649 880.7 316.494 449.599 976.133 586.858 986.497 957.637 578.65 640.129 749.072 449.135 141.888 290.109 255.33 698.229 663.287 599.452 212.5 772.224 421.16 707.174 733.487 275.126 42.441 772.016 571.619 327.735 765.453 306.082 5.775 988.555 734.066 451.248 445.962 554.716 781.61 14.024 440.529 984.036 917.113 246.672 852.342 946.403 412.503 557.315 317.308 651.865 918.683 72.695 706.547 456.415 376.716 632.27 541.971 148.336 732.808 196.33 201.188 757.546 219.591 931.575 77.727 952.896 716.511 450.183 132.885 352.744 227.4 990.839 220.652
974.405 860.907 391.753 473.489 627.964 1000000000.0 518.731 105.755 229.416 90.154 786.344 366.298 6.855 509.259 756.592 294.917 118.018 929.117 505.29 466.78 449.029 132.607 478.843 658.686 793.794 913.063 699.082 48.209 574.398 109.521 101.746 955.909 1.601 482.142 822.171 712.569 310.17 737.754 677.226 36.403 261.178 406.795 735.651 679.33 194.353 996.775 416.984 83.673 327.674 883.737 697.511 890.039 515.456 991.954 225.597 528.35 192.11 961.131 21.586 267.087 829.794 418.448 844.435 158.074 405.682 585.927 496.997 734.55 760.532 703.868 890.366 418.315 998.426 524.167 265.552 377.706 665.857 137.181 354.276 54.104 85.207 193.603 70.606 192.814 154.85 930.903 722.181 241.425 715.326 306.618 987.649 537.633 388.956 254.498 716.673 434.722 279.715 150.525 995.858 894.718 231.719 422.217 490.169 226.957 794.866 295.117 229.504 866.07 259.026 532.932 301.431 745.712 721.353 839.024 958.318 120.204 543.897 927.888 734.213 745.627 475.327 490.884 1.25 124.135 805.748 547.419 160.255 484.196 535.199 60.297 875.029 142.506 222.988 505.163 336.455 101.342 185.835 35.263 133.852 75.355 712.525 333.119 381.23 170.322 772.587 359.971 406.451 276.507 780.587 490.414 816.625 11.206 90.845 897.584 413.502 21.107 280.177 863.583 885.009 540.43 138.836 770.655 190.413 748.477 941.122 216.507 325.152 146.316 793.383 379.577 258.601 698.668 78.801 628.206 56.63 942.021 793.791 630.131 816.261 566.922 802.846 685.538 908.565 166.495 964.508 221.841 704.397 598.543 395.36 691.749 226.492 538.142 998.541 109.571 331.129 930.121 808.34 146.998 451.047 608.932
278.187 902.031 853.011 941.147 415.498 518.731 1000000000.0 396.495 128.852 222.35 944.951 576.694 93.837 32.189 525.051 406.856 736.857 454.73 212.74 789.678 270.172 852.719 116.202 429.743 814.899 857.701 120.705 360.098 841.575 126.998 412.173 477.05 855.04 165.134 857.783 669.279 448.708 514.045 668.915 381.857 172.782 981.331 809.034 922.837 393.762 789.473 99.257 735.499 204.986 850.763 336.086 401.941 535.492 194.478 716.896 40.406 907.089 525.905 234.87 693.705 913.978 745.735 839.049 179.304 939.118 707.024 835.27 685.695 233.027 516.197 716.051 360.092 277.739 545.143 722.507 970.748 858.313 924.103 888.932 80.675 129.0 109.405 956.044 66.541 688.319 974.926 89.076 644.478 624.716 148.575 99.773 304.96 866.929 950.012 249.291 89.376 876.558 689.567 149.177 546.375 863.732 602.457 951.274 981.179 213.492 561.307 283.129 564.65 33.034 550.332 888.997 965.826 619.944 546.157 729.339 44.827 996.044 115.518 218.711 924.126 616.334 969.874 526.663 300.043 245.033 383.869 548.64 652.658 112.42 25.647 90.074 78.555 438.037 825.579 794.665 526.658 753.253 863.424 254.962 149.677 30.008 916.669 518.494 142.351 220.264 684.753 750.888 342.654 259.647 770.21 916.69 335.702 258.003 298.126 84.177 34.73 76.516 912.782 934.539 850.284 805.278 316.809 126.2 50.106 87.768 541.092 36.224 373.513 518.455 18.648 208.052 950.704 751.12 72.647 323.363 491.375 894.876 662.39 709.263 182.1 196.598 318.08 906.755 379.453 679.732 548.525 218.802 844.811 487.349 759.544 202.775 657.197 822.976 928.235 16.381 618.237 988.487 257.212 447.044 641.738
257.978 181.669 544.225 871.46 872.994 105.755 396.495 1000000000.0 369.394 4.153 61.129 319.71 93.404 259.101 328.036 781.872 55.366 585.085 977.146 377.02 418.524 984.291 628.691 674.949 932.951 970.851 686.069 849.187 450.304 425.505 423.857 782.701 520.336 398.902 247.094 653.216 683.397 624.788 691.588 718.013 672.787 557.383 729.393 498.662 996.222 253.007 166.432 644.94 20.775 437.298 178.534 886.93 946.391 440.404 881.425 499.138 656.354 104.421 883.794 801.885 210.199 675.235 979.669 306.054 678.469 751.867 748.516 242.76 950.316 669.638 526.411 841.997 852.666 353.831 43.359 90.265 463.126 671.209 931.503 1.119 464.978 211.084 7.258 578.169 756.77 911.287 488.5 842.916 634.149 744.791 565.725 130.004 678.58 269.335 879.845 476.475 910.158 129.513 375.589 529.657 520.448 111.968 237.503 23.999 802.82 135.98 949.936 742.987 53.393 779.039 299.913 494.211 607.276 885.278 115.447 292.143 244.194 368.248 480.583 25.812 296.254 926.24 179.577 240.326 14.044 239.475 782.275 447.178 845.537 107.411 721.447 292.787 854.815 958.282 600.941 306.843 605.648 764.524 52.361 355.928 671.513 121.901 713.039 262.961 986.377 568.993 396.563 268.724 482.186 535.004 312.403 476.192 626.361 926.563 447.963 504.169 783.579 288.542 376.069 439.25 93.972 184.994 79.198 646.807 731.342 479.721 428.097 914.365 314.492 192.296 192.975 686.501 140.054 760.728 935.603 196.293 750.009 797.512 22.417 935.138 968.803 999.968 173.842 924.003 447.991 867.799 559.944 463.875 439.589 455.741 34.309 858.79 103.678 267.248 851.681 942.226 624.178 11.197 169.251 735.145
304.882 572.449 144.533 485.808 751.63 229.416 128.852 369.394 1000000000.0 247.386 708.691 367.744 301.673 89.106 499.062 998.888 678.306 434.687 952.588 376.098 722.05 290.006 681.889 156.685 503.796 154.133 333.603 476.153 1.877 74.219 831.873 331.247 208.844 624.613 280.18 650.47 687.854 424.42 285.687 351.212 808.572 634.868 957.343 717.674 890.609 665.387 266.862 616.12 789.995 33.644 95.385 6.177 678.948 588.43 153.042 24.08 536.092 58.92 191.994 67.516 293.461 457.466 323.406 431.168 451.541 629.529 510.535 278.859 300.322 851.683 718.884 561.861 209.152 761.842 306.065 798.288 371.839 509.778 825.439 587.175 800.402 505.247 686.653 978.503 91.952 845.22 827.042 774.725 172.725 459.28 294.581 965.491 742.275 553.612 531.87 862.214 428.29 401.99 880.56 331.014 885.278 969.372 803.579 66.281 323.816 995.876 779.17 754.202 379.323 667.338 516.89 85.508 556.913 218.363 222.186 580.648 97.765 928.657 965.413 583.331 466.061 833.641 614.065 272.312 195.672 74.809 919.044 848.569 350.74 841.628 429.703 216.046 240.164 334.906 162.52 12.929 83.344 157.338 886.432 413.303 423.798 775.181 304.137 787.406 988.575 114.774 258.438 954.749 753.555 499.989 10.076 904.083 520.67 304.062 495.162 429.813 716.425 460.125 57.054 955.409 476.119 399.949 893.78 427.847 851.694 170.699 702.828 266.444 88.976 786.617 593.872 318.682 881.488 711.21 280.115 794.055 369.271 185.777 309.222 684.963 579.392 888.418 469.139 681.925 243.52 582.897 241.164 103.823 903.463 551.129 996.7 520.369 678.635 58.91 632.142 305.143 673.983 97.111 699.115 760.464
676.558 497.541 698.885 701.525 416.301 90.154 222.35 4.153 247.386 1000000000.0 260.261 8.888 470.62 418.56 720.701 183.454 870.853 554.012 113.578 848.985 546.92 807.076 697.856 511.296 557.081 561.006 301.934 856.363 259.088 432.872 52.392 927.68 715.497 832.641 796.695 684.877 590.067 782.26 417.349 706.574 865.017 719.375 636.487 348.794 583.098 666.298 927.18 896.203 849.625 816.631 420.207 93.058 850.395 117.983 378.574 799.423 217.448 749.71 294.06 880.362 847.389 912.733 887.266 905.66 904.363 426.724 884.797 691.056 625.022 14.4 508.553 724.824 226.721 809.422 548.479 424.881 613.625 733.982 408.301 941.977 445.631 392.42 125.459 243.643 742.115 706.883 484.623 862.135 36.044 905.346 840.881 835.191 152.904 757.826 316.515 780.338 921.352 808.878 327.933 563.846 949.43 620.888 728.541 954.382 476.518 380.74 77.556 907.365 363.072 804.754 836.609 159.919 546.529 588.929 588.63 302.193 575.88 999.12 205.558 501.156 992.412 138.665 326.983 31.883 48.924 426.256 417.936 777.885 972.28 798.8 310.342 200.759 701.449 326.424 988.426 81.972 884.376 78.162 50.997 801.441 361.623 22.448 23.603 843.769 442.413 746.405 737.494 756.251 599.538 309.235 793.749 719.194 40.158 456.178 700.959 222.434 112.27 675.483 425.051 451.476 449.21 403.701 541.722 812.27 476.352 279.19 920.985 375.087 119.459 881.476 949.621 34.514 433.579 362.502 805.068 655.882 963.391 56.808 556.459 625.764 524.867 735.526 859.975 336.888 202.511 440.77 207.841 722.682 342.505 716.907 828.706 13.725 666.025 697.742 769.574 652.577 91.638 181.724 230.876 238.521
806.423 240.516 669.498 157.283 928.509 786.344 944.951 61.129 708.691 260.261 1000000000.0 586.489 61.855 721.387 648.137 541.739 16.186 300.789 538.098 91.555 909.53 619.141 835.804 605.391 209.434 601.313 385.94 424.02 679.69 360.775 104.95 506.348 424.682 745.518 962.392 355.549 899.989 350.368 97.977 525.879 644.134 195.898 475.337 19.347 86.202 427.787 828.874 230.042 991.091 252.178 33.095 981.431 705.029 760.444 420.757 219.963 592.427 972.563 704.165 725.302 29.474 402.099 789.204 972.202 636.66 124.32 756.675 763.791 85.773 825.075 722.156 242.925 555.113 305.597 617.032 264.384 517.037 453.114 392.289 14.046 513.449 299.096 580.476 102.004 328.511 365.713 700.871 415.839 394.186 972.075 499.636 365.411 426.476 135.44 981.683 191.553 745.521 944.4 357.653 674.621 552.674 44.437 476.398 926.554 199.265 165.705 543.866 777.344 382.992 274.06 803.327 719.473 784.9 92.026 503.371 651.59 431.507 536.747 762.415 349.418 296.985 601.296 394.326 457.132 129.554 129.596 496.861 840.411 75.512 6.202 562.657 407.097 111.335 683.841 632.077 989.367 598.515 227.394 704.383 213.976 690.525 827.664 496.73 233.485 483.39 821.582 290.774 527.748 580.977 193.024 137.784 412.054 85.247 786.841 524.393 905.463 581.006 317.21 618.009 490.937 995.691 419.396 125.122 198.666 45.902 677.616 883.133 681.407 140.338 337.217 519.784 46.38 85.345 751.988 59.017 606.942 782.208 674.133 699.113 842.905 69.672 917.177 944.696 579.608 679.509 506.553 937.476 541.925 936.741 157.623 406.349 706.967 586.258 475.361 679.59 556.296 438.485 185.575 553.898 989.54
304.152 826.276 733.699 938.595 536.004 366.298 576.694 319.71 367.744 8.888 586.489 1000000000.0 248.633 203.083 393.135 830.964 674.007 674.198 201.317 69.084 134.965 710.337 355.032 76.62 865.627 862.999 566.079 903.307 937.89 197.132 270.488 96.774 723.175 25.183 799.747 861.256 252.696 288.751 400.054 326.858 170.136 672.316 547.555 669.702 476.517 226.817 96.058 10.335 664.386 87.746 567.354 254.822 350.46 307.595 958.423 325.039 183.223 962.784 541.211 45.671 811.68 607.729 838.538 450.735 731.941 643.87 20.609 563.703 601.748 353.33 775.827 471.349 894.854 378.709 328.749 663.728 277.266 341.134 843.299 550.916 620.153 11.298 856.24 721.409 820.681 9.958 401.051 338.615 207.867 860.946 722.408 971.276 788.072 82.802 620.418 362.88 652.819 854.536 324.256 656.509 827.252 538.709 892.655 64.114 944.975 482.27 109.791 104.108 845.514 18.886 539.255 91.364 61.623 547.181 75.76 435.796 151.583 57.76 365.95 538.538 569.012 765.039 122.983 970.133 302.927 325.822 503.529 139.116 570.987 352.855 911.286 883.202 295.308 596.815 776.408 244.136 425.637 533.42 319.038 758.46 548.476 396.657 80.462 951.439 701.347 180.682 951.078 593.916 9.301 8.326 832.388 612.773 712.212 679.306 916.957 945.924 53.476 223.85 253.586 467.039 818.216 420.244 38.835 916.11 841.029 148.269 904.853 156.928 72.177 494.077 69.165 387.142 53.639 250.025 161.819 775.303 352.107 980.038 487.053 182.499 882.584 36.186 189.614 460.732 155.788 10.178 549.597 747.109 593.246 489.25 315.027 374.353 16.452 120.434 458.82 407.412 470.383 528.977 750.538 872.221
709.339 42.209 114.325 527.786 834.074 6.855 93.837 93.404 301.673 470.62 61.855 248.633 1000000000.0 421.188 660.197 725.248 260.519 203.297 364.153 837.78 972.939 931.502 496.333 22.684 602.87 234.419 351.42 415.789 10.604 145.354 926.521 247.584 640.538 485.427 769.294 116.823 326.047 35.999 52.967 451.397 265.825 367.21 561.236 171.52 966.83 693.154 101.253 711.13 425.718 327.26 781.791 252.618 888.159 95.702 173.75 848.508 279.631 237.98 761.765 850.154 303.584 754.626 304.253 558.194 368.199 334.743 439.129 628.538 328.23 950.36 585.004 745.208 664.162 547.803 849.201 623.849 814.906 721.737 588.354 973.432 418.386 754.161 759.345 627.397 830.36 230.115 492.03 256.276 271.224 710.131 767.638 907.364 987.892 828.808 541.821 563.154 578.622 615.025 707.947 185.164 482.062 643.252 32.764 928.3 785.824 655.678 237.604 567.628 868.725 7.052 711.242 248.998 742.4 506.113 643.294 566.794 184.078 919.46 124.33 473.855 677.83 779.322 751.919 840.358 507.797 737.221 757.545 350.515 687.633 499.287 371.765 152.234 335.668 169.83 393.059 325.064 510.526 370.836 758.699 783.789 547.794 460.308 421.444 452.481 567.781 964.291 214.072 498.62 585.545 409.903 207.183 438.319 986.034 38.953 534.642 430.218 213.933 421.117 40.027 769.57 95.071 559.188 84.105 3.693 77.528 663.06 376.492 551.647 900.932 71.17 787.283 124.572 104.501 787.551 184.164 431.271 878.857 642.002 25.371 688.404 26.38 777.164 801.141 301.847 156.345 84.643 691.091 44.313 567.378 117.866 35.189 264.958 552.583 725.041 899.611 377.829 153.323 185.332 316.546 114.966
335.994 620.92 177.036 477.813 116.803 509.259 32.189 259.101 89.106 418.56 721.387 203.083 421.188 1000000000.0 990.121 592.5 212.33 979.881 387.151 701.604 778.969 802.639 694.886 135.678 795.094 556.154 174.172 322.931 349.979 269.469 963.356 173.596 133.416 981.903 633.06 304.058 181.573 973.293 557.402 107.768 381.228 725.35 180.146 655.075 304.012 49.063 726.97 465.528 814.869 726.778 50.962 682.229 439.092 443.339 300.835 614.211 437.854 807.323 371.707 351.68 487.898 826.936 193.674 252.996 688.407 225.426 94.03 739.635 346.775 657.691 718.751 561.88 282.09 754.345 157.12 114.283 811.161 905.504 335.754 469.582 841.521 474.393 352.712 615.99 456.194 668.969 996.918 357.008 254.671 348.528 328.979 395.341 851.884 773.933 619.422 448.924 451.933 312.57 660.552 539.549 291.676 696.495 215.778 973.753 218.091 161.479 852.122 484.411 137.221 134.169 667.956 154.357 530.788 474.841 480.689 486.198 889.217 61.485 230.694 524.363 336.989 273.511 400.626 124.72 66.528 966.214 420.567 602.798 630.835 790.328 721.486 350.499 701.163 721.753 142.096 86.517 865.804 45.767 275.801 178.122 565.861 214.433 453.653 295.282 529.733 510.007 778.748 888.757 345.674 653.429 244.967 945.805 956.166 251.322 541.362 859.013 716.601 290.097 244.118 291.357 582.882 23.438 521.462 59.938 613.01 430.208 341.198 590.435 646.075 838.151 613.719 652.133 392.825 899.285 49.006 326.823 212.903 496.43 348.269 758.748 776.791 746.655 400.481 511.824 309.277 620.486 346.763 612.518 386.009 324.049 25.834 9.547 72.536 486.747 474.443 377.413 590.07 387.462 431.408 466.584
255.467 156.28 413.114 493.45 954.038 756.592 525.051 328.036 499.062 720.701 648.137 393.135 660.197 990.121 1000000000.0 861.252 76.891 1.092 580.203 427.655 91.326 388.489 297.254 677.969 924.437 472.418 307.888 928.111 151.963 489.504 457.362 566.825 814.662 428.688 993.698 556.931 746.034 19.023 250.57 207.073 251.972 287.124 785.825 976.653 145.728 847.947 886.285 530.811 39.808 524.181 418.333 83.343 191.437 377.271 596.077 30.583 484.194 677.16 793.241 121.005 996.72 426.851 166.529 810.033 845.498 888.63 462.852 313.863 360.405 540.719 694.293 323.687 839.429 601.207 541.008 546.778 534.147 451.367 122.307 115.414 462.08 71.638 264.393 860.006 787.824 275.143 654.213 85.422 807.344 562.234 299.337 728.557 106.664 829.226 444.285 442.412 30.303 331.428 548.642 218.464 668.561 292.586 898.354 844.062 728.467 627.827 432.904 451.512 675.122 782.393 285.525 43.643 684.372 917.729 367.086 836.598 590.601 665.014 506.583 479.56 994.404 569.077 92.961 780.49 7.173 405.035 88.07 106.886 616.696 846.984 222.118 440.27 720.426 754.802 116.15 588.079 403.691 337.482 22.938 923.239 563.58 970.374 322.202 198.51 345.378 653.571 939.651 952.829 95.318 494.182 255.764 277.004 161.687 527.689 736.093 557.428 307.227 388.944 823.758 793.172 969.731 518.293 706.73 240.592 415.629 581.025 616.415 12.797 145.178 995.712 541.024 113.844 902.343 988.924 742.824 268.385 302.904 864.331 708.536 701.577 270.537 631.795 309.389 135.069 82.837 529.73 572.529 237.968 724.947 19.785 935.995 608.936 361.908 133.152 814.257 397.34 445.208 481.413 16.643 765.511
229.385 396.34 298.635 86.443 658.485 294.917 406.856 781.872 998.888 183.454 541.739 830.964 725.248 592.5 861.252 1000000000.0 451.433 309.066 21.424 660.167 372.81 484.254 875.962 350.047 383.72 721.14 756.403 226.04 301.124 736.239 200.536 820.957 792.296 843.075 936.765 835.451 984.6 354.616 657.634 760.245 60.838 367.586 589.69 784.663 734.356 699.532 614.782 734.209 990.658 956.972 916.945 566.562 790.87 101.095 901.957 560.634 797.631 660.799 451.227 15.161 106.057 425.023 853.154 629.223 937.156 461.11 113.947 742.508 38.951 993.188 164.638 578.122 648.613 361.715 335.103 472.35 560.617 463.926 222.741 830.02 74.597 955.431 689.678 577.731 418.846 56.322 765.274 966.212 379.196 909.649 852.909 768.835 167.026 406.726 14.152 520.91 957.126 431.875 489.267 827.625 931.497 691.438 31.059 280.01 552.341 497.181 332.885 138.759 624.59 13.538 170.241 32.817 962.578 287.531 615.722 459.188 341.052 73.635 824.627 314.366 179.766 878.557 41.027 861.787 981.676 382.083 86.228 855.31 377.221 42.832 380.18 464.685 471.61 715.676 912.88 800.199 940.842 379.268 879.466 77.984 881.411 900.68 563.86 217.802 259.126 624.167 857.22 583.173 283.977 328.305 161.585 612.704 255.381 477.823 646.019 543.836 239.219 663.228 600.843 354.502 120.947 980.414 204.268 905.494 71.156 139.975 243.693 689.856 769.216 438.505 755.517 238.509 993.336 66.525 502.589 900.116 824.041 741.565 231.107 681.773 868.569 698.54 583.714 600.42 785.715 388.187 877.93 4.171 777.633 876.744 629.438 824.263 808.97 99.228 529.669 12.52 133.341 995.736 783.686 265.871
194.478 336.086 714.144 676.334 578.081 118.018 736.857 55.366 678.306 870.853 16.186 674.007 260.519 212.33 76.891 451.433 1000000000.0 444.483 917.917 228.361 427.113 971.625 793.861 312.432 53.202 625.207 68.66 437.188 40.975 57.142 31.454 320.203 570.943 979.182 308.036 610.894 48.94 610.924 826.054 723.198 642.043 78.951 595.467 144.824 518.05 355.182 39.198 824.89 649.664 271.097 925.405 853.044 166.149 382.079 818.282 19.48 752.183 977.954 884.609 113.381 17.005 291.33 856.092 338.052 873.083 781.08 313.568 209.416 213.176 673.547 167.997 187.583 173.263 715.514 138.131 944.755 735.353 757.735 129.893 585.559 29.417 18.548 532.964 36.403 601.859 734.654 623.936 230.949 587.485 256.58 701.591 976.592 75.644 437.033 999.675 655.335 640.442 826.852 987.687 246.416 163.969 502.9 123.432 664.893 904.494 552.155 578.79 543.304 717.288 908.076 394.726 983.697 191.002 123.299 764.405 67.997 235.368 464.617 388.843 240.542 198.31 936.548 989.494 408.602 659.511 987.967 77.405 217.04 455.808 542.587 267.819 898.561 66.894 935.161 558.721 979.613 295.931 600.122 143.057 185.01 205.85 425.379 762.449 394.477 768.004 821.829 925.027 4.689 852.617 35.17 581.881 347.703 325.941 843.715 584.08 304.183 787.922 41.434 724.902 164.885 127.832 780.263 827.123 506.06 439.525 371.519 462.073 89.672 566.636 814.611 454.132 986.938 54.662 371.949 746.507 673.515 4.7 125.756 538.874 160.882 381.208 213.648 860.96 109.922 297.402 744.441 237.498 901.247 991.978 878.509 563.344 275.286 942.266 399.655 181.173 414.31 63.784 981.706 19.256 199.389
800.36 783.426 980.169 125.136 257.366 929.117 454.73 585.085 434.687 554.012 300.789 674.198 203.297 979.881 1.092 309.066 444.483 1000000000.0 783.641 272.622 186.78 806.891 50.481 590.181 286.484 840.133 7.591 505.27 477.197 69.894 998.972 480.35 434.236 835.35 164.522 852.94 268.684 124.684 471.308 527.344 240.116 516.454 785.794 995.19 471.87 103.626 216.211 319.273 564.7 555.182 326.403 265.93 986.77 876.558 653.837 840.472 747.437 305.852 778.115 884.332 941.842 957.575 413.274 496.561 713.091 787.064 633.004 282.655 180.614 184.094 62.619 962.667 551.257 26.92 772.0 833.82 955.361 23.375 774.128 645.62 980.992 915.653 496.422 699.403 562.534 883.597 461.531 620.572 499.03 872.316 168.97 974.821 535.989 188.972 899.465 448.027 589.848 592.062 977.263 293.774 153.94 730.066 791.46 702.908 783.867 974.742 202.275 242.162 380.176 170.147 882.815 910.75 798.061 352.191 91.312 762.708 932.109 543.32 159.318 483.326 496.411 636.027 537.354 917.008 762.437 42.761 991.157 261.311 872.159 621.951 513.4 357.843 669.477 759.19 303.234 582.713 580.17 362.908 781.805 890.255 142.773 697.949 629.788 203.495 739.371 596.332 917.253 643.103 823.356 68.411 691.957 937.183 650.294 805.253 887.206 64.942 397.715 467.222 872.549 53.651 240.509 644.685 303.193 770.459 262.404 226.375 413.096 851.351 67.268 258.547 46.097 112.257 67.73 974.715 26.56 110.815 749.496 248.188 604.252 987.571 24.031 544.632 390.266 991.142 28.646 626.832 388.635 987.922 469.984 972.612 914.271 30.36 56.313 935.855 431.587 192.198 698.072 867.616 184.456 499.639
258.351 990.749 680.443 513.611 618.505 505.29 212.74 977.146 952.588 113.578 538.098 201.317 364.153 387.151 580.203 21.424 917.917 783.641 1000000000.0 73.28 212.696 591.91 390.171 938.02 607.57 928.706 636.862 290.589 947.129 932.836 12.235 293.676 718.682 860.54 7.415 479.201 215.255 37.28 278.758 817.337 529.427 390.803 467.726 339.572 514.719 775.312 304.885 129.331 897.712 253.991 888.072 885.833 903.498 787.119 148.668 479.731 310.079 794.822 814.965 102.463 157.033 865.819 965.776 701.291 170.339 492.507 679.541 504.926 847.498 849.968 136.092 317.494 310.216 290.444 395.263 682.863 713.007 784.844 100.744 452.71 898.589 45.524 249.941 215.394 86.166 726.707 736.966 922.512 253.955 141.137 307.726 464.403 33.155 742.142 665.049 469.262 565.259 747.715 465.146 293.049 631.472 77.817 85.972 298.961 132.99 339.952 269.3 344.499 320.791 770.302 952.59 833.407 992.857 714.822 181.637 657.412 157.283 995.916 244.516 620.003 60.104 834.556 767.245 952.455 134.292 517.609 120.965 644.066 143.988 467.19 685.596 228.359 835.291 618.66 872.378 373.487 305.973 228.387 349.977 939.61 569.455 599.196 8.744 740.736 147.921 925.412 196.785 720.103 298.748 353.62 979.38 932.425 252.833 991.43 161.993 233.722 670.263 52.892 422.284 709.047 36.02 225.817 929.174 136.78 349.805 847.991 119.176 360.135 158.813 212.692 264.069 306.64 734.559 745.165 370.484 979.218 668.286 273.538 833.735 1.725 995.944 47.356 314.649 824.575 208.186 894.366 97.101 151.837 156.654 897.99 870.986 906.904 188.117 416.47 455.001 636.626 344.723 417.868 378.938 971.981
251.089 315.921 581.169 506.604 641.995 466.78 789.678 377.02 376.098 848.985 91.555 69.084 837.78 701.604 427.655 660.167 228.361 272.622 73.28 1000000000.0 809.857 452.145 864.083 964.323 605.812 568.104 665.89 524.512 158.595 136.94 240.395 542.743 124.229 868.092 663.684 805.796 825.652 952.814 433.154 694.892 703.328 468.222 256.053 769.819 649.933 618.95 249.159 782.431 390.968 389.369 917.463 752.774 518.349 177.385 474.956 959.12 982.051 583.011 655.762 736.475 442.848 195.43 574.073 400.358 686.605 782.173 995.831 624.072 587.783 177.445 621.084 470.883 426.465 847.839 467.24 668.069 364.279 132.268 808.238 55.427 87.141 266.469 716.107 608.522 368.883 223.417 982.752 692.006 463.594 72.094 541.951 416.086 851.087 40.053 448.691 117.07 694.435 155.252 217.794 313.659 859.253 453.393 710.702 621.258 956.552 800.631 292.756 288.618 129.318 539.146 395.391 904.165 354.105 890.801 853.081 253.659 219.523 885.85 751.205 651.711 951.36 253.192 830.96 647.887 607.302 364.557 528.34 497.944 539.397 479.546 783.191 43.675 45.132 350.858 744.036 965.182 620.877 289.98 198.292 913.463 791.468 119.146 867.054 560.583 695.185 788.95 499.381 71.01 242.97 567.796 206.679 962.148 871.978 357.264 200.616 674.916 986.869 194.962 145.32 824.759 287.165 147.776 216.645 228.843 283.405 241.402 851.695 136.177 867.371 559.214 714.752 169.993 399.679 204.192 227.355 501.302 941.179 62.651 658.789 433.208 480.381 658.101 633.896 186.147 447.347 783.498 773.857 363.208 802.359 454.776 912.576 735.295 469.019 342.613 705.775 191.576 31.679 895.012 705.555 39.065
410.966 674.071 161.444 252.251 253.206 449.029 270.172 418.524 722.05 546.92 909.53 134.965 972.939 778.969 91.326 372.81 427.113 186.78 212.696 809.857 1000000000.0 823.484 178.403 715.672 485.761 692.336 311.961 399.483 234.225 818.808 559.893 635.818 67.37 581.405 682.393 785.973 39.28 204.885 249.688 604.043 801.115 611.857 100.445 486.496 55.328 427.874 876.291 370.288 273.394 324.224 992.213 631.238 777.846 497.373 774.151 901.961 247.78 276.92 816.698 197.759 964.342 101.5 238.556 810.113 227.655 813.991 440.435 328.1 486.897 232.393 377.959 333.853 517.418 871.938 35.821 536.65 977.812 292.871 982.746 297.88 93.139 917.79 896.866 352.117 272.067 192.797 41.505 314.333 271.403 614.969 751.805 980.838 936.491 513.989 474.733 745.898 410.833 553.573 188.635 883.512 519.11 400.071 371.627 109.004 756.567 145.481 868.616 489.154 124.513 798.595 819.783 938.552 643.65 276.667 812.589 530.468 921.619 380.909 10.089 423.472 44.521 271.358 706.602 944.702 142.05 342.598 188.053 804.076 460.859 964.155 271.956 3.795 294.204 177.952 775.623 35.014 866.009 245.864 276.656 893.592 761.652 793.839 49.291 752.938 383.482 314.973 573.456 511.723 165.465 686.445 617.266 143.849 772.858 998.724 868.151 951.448 536.462 983.08 261.465 682.32 76.792 853.565 210.744 779.718 950.29 14.238 375.611 70.612 936.134 801.547 464.482 992.29 22.683 313.919 70.516 381.148 772.174 330.934 596.706 427.895 93.171 721.357 926.436 893.808 640.947 216.483 460.774 559.466 878.687 586.98 824.633 158.54 828.277 288.789 441.932 796.329 362.561 823.725 449.139 892.035
3.243 733.307 150.2 355.738 28.863 132.607 852.719 984.291 290.006 807.076 619.141 710.337 931.502 802.639 388.489 484.254 971.625 806.891 591.91 452.145 823.484 1000000000.0 340.038 822.457 177.822 728.427 831.447 664.145 54.139 755.417 291.085 910.978 312.083 70.717 555.096 539.927 653.246 958.492 872.85 167.46 768.887 616.19 250.05 432.792 647.934 675.427 471.452 970.186 117.3 327.898 929.2 288.689 959.472 201.483 986.147 339.755 485.546 553.837 408.753 414.879 693.216 112.618 970.414 614.464 722.511 502.984 210.469 760.369 323.624 53.899 361.614 921.705 918.797 307.235 114.954 224.049 895.07 133.589 631.357 748.701 511.247 423.506 855.497 120.91 845.333 902.791 746.388 544.529 174.075 58.224 950.472 516.857 580.11 931.163 483.897 693.604 748.364 505.913 545.276 321.531 631.549 156.266 658.539 541.741 199.98 158.928 292.016 287.217 855.644 844.642 435.858 819.668 949.064 660.792 584.088 376.178 618.64 249.385 250.192 897.421 803.754 2.637 357.46 532.851 368.811 832.86 26.808 239.592 473.746 431.394 773.917 22.456 973.17 342.67 389.681 675.239 823.737 2.266 776.451 584.982 397.961 275.471 546.028 828.591 883.365 775.868 427.08 136.4 745.995 480.717 714.034 567.594 737.833 755.452 626.979 603.798 11.669 337.527 38.575 183.45 839.282 5.247 243.921 455.187 155.81 953.762 456.791 478.568 935.899 380.034 995.509 927.304 739.983 76.375 963.517 311.673 271.077 48.564 529.135 552.392 922.912 525.567 265.902 370.458 166.973 312.909 600.717 464.036 967.217 672.562 405.883 417.015 533.859 777.727 632.109 918.765 320.365 824.307 491.529 602.756
604.623 948.984 449.828 382.422 947.793 478.843 116.202 628.691 681.889 697.856 835.804 355.032 496.333 694.886 297.254 875.962 793.861 50.481 390.171 864.083 178.403 340.038 1000000000.0 122.894 148.19 471.712 223.625 92.611 631.23 903.266 774.532 235.501 616.324 400.832 954.398 571.352 303.989 367.511 367.022 203.526 526.964 966.278 9.498 381.965 140.067 264.061 754.307 589.022 60.785 91.411 551.739 119.679 980.478 667.453 693.833 364.546 612.454 354.299 614.156 195.987 399.911 604.818 694.566 516.954 435.501 462.277 258.065 474.915 812.822 954.027 928.768 453.719 92.962 399.264 783.005 720.99 386.535 496.429 550.322 997.802 798.995 714.591 314.011 548.492 300.602 874.687 857.98 944.758 218.375 576.349 26.078 197.96 479.44 420.762 738.223 537.409 420.322 369.967 468.928 256.792 652.128 191.69 969.575 518.456 70.199 637.299 180.974 450.372 158.075 988.038 310.851 997.52 297.568 858.0 524.699 107.875 197.126 177.422 800.042 974.015 323.853 943.394 285.851 853.226 152.931 444.685 292.504 302.884 904.849 871.895 129.13 130.097 161.94 657.183 704.987 331.941 216.116 504.563 788.917 983.254 175.593 800.192 69.686 66.75 4.313 152.904 732.806 11.697 861.002 207.115 265.015 580.223 879.876 298.093 566.17 806.515 803.677 66.603 152.329 845.297 656.131 249.902 133.925 285.087 19.022 688.328 635.271 25.815 837.148 933.719 715.241 380.366 425.213 70.568 558.042 818.527 467.838 440.173 570.615 977.097 809.072 669.428 95.075 474.386 53.836 608.244 604.834 455.236 739.602 610.993 64.618 652.352 722.52 387.898 130.721 60.058 538.067 107.329 185.13 101.262
90.856 670.721 847.027 542.401 18.302 658.686 429.743 674.949 156.685 511.296 605.391 76.62 22.684 135.678 677.969 350.047 312.432 590.181 938.02 964.323 715.672 822.457 122.894 1000000000.0 973.045 474.87 48.069 968.21 910.658 398.058 14.199 558.268 841.999 911.682 989.023 147.746 540.332 566.409 571.273 431.185 974.878 807.913 185.118 144.005 321.024 191.338 413.548 249.694 130.542 64.99 636.038 258.905 268.409 287.054 573.853 991.582 6.886 255.856 796.645 68.449 13.175 235.851 58.631 662.171 292.443 629.415 241.605 598.741 303.206 995.381 435.415 304.697 5.059 608.772 594.259 307.774 721.055 874.724 584.98 683.235 456.139 757.432 765.6 571.723 329.977 405.536 642.278 272.843 815.411 111.637 375.778 193.46 374.943 221.542 381.031 179.677 648.732 757.485 814.645 339.162 737.367 49.368 529.004 54.662 893.265 917.183 380.906 184.162 942.503 602.188 331.892 782.225 594.964 235.341 396.602 748.802 929.177 239.485 846.594 709.059 170.619 659.313 445.033 322.657 41.349 549.008 545.759 413.001 145.553 880.643 10.331 47.66 173.742 130.14 217.954 811.574 291.362 336.943 495.519 488.028 789.12 17.173 544.289 485.106 162.343 384.03 292.515 830.71 535.46 912.655 797.835 87.833 231.189 280.743 527.027 404.805 919.248 873.618 528.584 330.63 447.829 426.622 127.116 997.417 218.655 872.36 901.905 681.335 509.179 548.883 863.157 218.381 559.577 736.111 610.713 15.219 993.389 205.837 891.23 439.965 902.383 725.478 467.116 252.085 650.874 174.916 799.652 354.944 863.536 850.46 491.916 444.337 963.859 48.741 2.223 837.822 981.381 297.572 868.927 527.511
220.57 730.192 491.82 746.934 886.511 793.794 814.899 932.951 503.796 557.081 209.434 865.627 602.87 795.094 924.437 383.72 53.202 286.484 607.57 605.812 485.761 177.822 148.19 973.045 1000000000.0 989.774 329.512 971.982 161.376 125.931 692.044 931.418 81.199 760.898 114.753 622.395 355.189 4.819 73.63 592.405 91.918 784.58 725.303 86.11 675.053 387.892 444.837 700.333 958.281 870.861 209.646 407.34 829.991 61.804 795.447 84.188 788.806 37.74 65.141 750.514 704.674 127.324 889.302 462.582 758.392 773.588 131.553 421.299 796.588 974.542 225.373 1.789 735.938 640.561 302.299 96.047 693.041 44.476 206.161 956.757 980.272 453.218 603.737 607.92 643.458 441.741 330.185 658.378 79.877 474.138 108.722 815.21 109.211 217.544 576.467 579.06 763.766 231.171 148.247 691.544 551.196 214.649 792.479 429.192 404.941 598.397 102.43 160.848 388.74 231.658 737.59 335.56 52.871 64.714 735.629 147.566 42.872 393.325 403.835 570.368 71.699 69.423 529.1 139.637 55.903 795.072 529.331 954.849 542.196 232.857 242.454 983.002 187.47 785.087 351.78 426.787 447.885 983.645 652.74 325.293 727.66 690.138 198.443 474.307 843.631 90.826 162.431 914.896 976.461 848.258 523.939 14.444 763.459 625.237 322.38 298.375 983.361 212.899 481.997 219.188 512.302 173.036 608.299 831.255 4.064 155.879 141.877 446.917 377.735 249.619 26.772 432.075 721.656 914.809 836.874 448.331 734.814 925.522 526.418 430.213 862.072 666.046 222.281 118.2 560.733 406.451 240.188 476.994 328.495 280.55 707.297 318.794 148.958 674.998 680.322 348.074 734.295 952.973 796.534 825.596
