200
1000000000.0 405.323 135.614 123.847 199.37 907.246 652.534 503.202 382.608 487.5 119.947 652.341 455.86 928.655 696.948 967.477 377.375 699.049 536.658 195.733 104.503 580.744 829.945 165.009 996.865 601.789 780.41 921.445 17.965 857.196 182.982 852.472 657.219 36.333 352.695 422.413 223.035 801.981 763.0 653.26 119.655 86.894 368.119 464.458 342.574 562.427 733.209 465.483 286.709 551.937 400.876 35.331 967.446 102.121 613.904 256.135 173.9 816.438 248.124 426.151 196.013 130.264 3.93 10.174 147.49 953.403 638.813 512.224 912.506 246.75 806.756 402.74 564.946 84.795 576.419 463.311 183.197 247.084 446.753 518.451 340.501 43.397 247.532 937.907 16.4 142.628 438.737 973.618 362.553 82.607 257.898 375.522 947.004 126.252 21.211 566.271 635.569 196.601 16.537 102.171 648.126 467.425 424.778 26.248 301.051 223.427 805.037 949.538 667.935 660.066 461.388 556.339 164.286 763.652 272.347 891.552 17.152 759.985 96.626 23.926 992.005 984.579 651.441 155.219 700.917 681.959 370.531 105.023 118.477 618.138 842.566 797.999 197.887 548.053 496.038 27.515 130.481 991.574 447.213 416.514 711.678 926.864 778.766 994.266 474.56 18.69 584.209 301.196 648.098 223.572 739.123 938.48 932.96 847.098 720.099 666.686 773.455 535.153 873.846 483.071 287.23 350.604 948.253 764.566 893.415 691.639 119.514 897.828 165.934 848.022 957.759 258.399 849.908 233.952 212.683 253.123 51.848 724.405 998.248 567.049 300.314 193.845 969.27 990.115 271.396 343.352 113.438 496.207 509.69 869.847 599.472 153.099 518.914 887.555 948.752 447.156 162.413 706.589 69.988 958.072
405.323 1000000000.0 448.243 310.369 730.593 742.776 613.91 868.586 633.993 176.412 799.782 897.093 432.389 379.769 659.705 8.657 672.208 509.049 137.198 135.175 178.918 119.279 571.842 910.062 11.025 12.313 869.43 785.919 715.024 567.556 214.45 551.088 411.845 509.602 435.07 575.113 521.4 885.366 681.836 379.535 377.125 477.273 405.587 903.786 491.347 960.275 475.408 79.454 928.873 708.461 598.821 692.32 358.177 513.364 153.345 558.976 287.457 173.28 213.414 731.476 626.439 587.901 87.51 421.891 756.521 699.604 340.571 471.767 144.888 105.64 974.456 113.492 359.546 493.903 716.412 384.912 914.479 938.14 845.921 502.253 81.66 130.099 859.63 677.336 691.268 257.57 245.7 908.239 134.436 935.42 94.441 139.542 661.343 62.942 365.872 536.346 424.207 140.941 455.995 534.101 462.166 755.95 37.557 118.704 480.202 235.286 916.738 958.874 808.319 337.012 333.083 612.543 536.599 367.176 121.423 179.418 29.909 147.772 515.681 741.37 516.518 531.599 96.923 972.256 545.385 45.141 509.689 43.318 275.32 696.907 36.822 984.687 671.745 678.494 692.219 734.039 102.647 370.402 900.171 287.326 903.474 428.833 962.786 278.521 406.236 539.535 649.34 440.436 11.829 300.798 922.306 660.531 19.74 919.624 247.95 966.698 776.33 295.132 42.091 898.771 977.333 700.396 89.388 246.336 699.82 144.518 813.611 364.353 996.945 204.586 282.529 859.584 361.854 950.596 569.575 227.56 756.969 161.22 787.249 607.897 222.793 916.524 103.585 741.237 594.373 706.487 445.336 836.217 57.928 188.936 621.167 44.973 284.346 247.791 545.121 171.632 243.457 983.213 985.177 532.246
135.614 448.243 1000000000.0 247.294 337.157 502.195 664.606 90.441 521.137 39.481 178.432 271.026 706.643 483.621 259.1 297.833 127.364 245.131 354.974 554.97 975.491 63.326 394.743 809.077 60.353 688.974 661.157 54.694 165.121 129.315 107.565 790.495 682.969 729.868 637.713 226.719 649.768 254.937 100.931 353.404 288.409 1.242 966.654 678.334 442.2 729.684 519.112 7.517 547.481 864.102 712.054 478.377 214.642 607.961 523.259 683.999 116.532 984.373 284.371 799.337 979.655 666.276 335.501 640.749 706.625 662.398 548.819 825.083 135.08 624.808 641.789 391.855 250.926 30.88 535.678 256.351 283.106 106.301 619.456 889.545 709.363 274.357 638.783 87.079 43.702 361.226 618.154 94.348 8.348 785.353 415.4 130.49 513.538 249.112 418.558 48.935 527.361 423.356 364.467 765.568 148.069 994.077 95.121 911.773 780.761 97.937 617.56 802.369 185.37 987.15 652.093 189.307 671.092 977.232 712.743 593.444 209.147 140.056 737.144 525.954 268.211 831.365 626.846 473.608 602.352 854.317 484.038 645.452 858.39 342.966 910.708 728.684 842.111 505.86 175.632 332.291 849.837 13.06 526.467 61.987 443.476 809.477 104.722 198.947 413.063 808.268 85.09 232.563 906.009 256.498 459.725 25.812 180.313 551.438 546.607 720.463 62.004 543.928 528.314 239.898 955.085 714.56 693.518 689.818 117.222 958.922 404.209 1.875 79.173 939.249 219.968 878.12 912.167 401.149 799.686 190.978 924.42 366.514 19.586 254.576 312.063 411.551 394.88 651.941 961.703 767.422 558.943 476.38 781.008 761.638 329.353 462.667 608.756 678.119 943.337 739.338 803.77 714.737 827.0 829.775
123.847 310.369 247.294 1000000000.0 895.639 854.769 855.948 717.514 405.044 45.777 364.285 595.055 338.416 940.838 699.08 47.372 996.478 501.726 11.351 599.015 907.74 892.582 44.052 496.83 627.786 668.733 796.39 903.67 888.525 396.001 670.336 430.902 12.532 861.3 243.154 33.573 969.904 397.659 384.767 634.697 298.145 768.157 643.288 39.98 836.782 7.625 392.136 79.458 891.828 458.992 876.776 203.784 687.591 261.58 266.418 241.053 456.526 185.535 548.978 315.241 506.886 136.563 721.176 67.108 950.434 253.738 768.407 996.695 485.689 898.209 578.515 286.603 970.244 463.824 961.568 18.066 591.392 297.09 407.512 868.672 644.804 732.287 334.946 565.288 908.763 323.737 536.716 718.218 796.135 387.436 314.948 629.452 401.32 930.661 867.813 436.123 245.404 166.277 214.081 870.387 274.951 720.777 218.083 194.058 812.135 432.349 421.857 518.227 523.888 4.203 97.377 701.139 209.985 423.798 938.991 595.223 288.85 253.819 152.146 169.363 322.526 581.996 491.491 904.282 440.914 27.997 933.741 228.75 902.917 890.405 230.653 882.976 27.696 340.414 725.655 299.178 325.624 945.771 837.231 933.746 139.854 748.568 252.017 1.494 297.06 197.105 702.9 430.661 794.571 881.372 473.591 440.311 283.643 856.127 671.358 912.74 182.778 245.173 957.596 622.713 462.082 4.163 467.961 346.13 661.251 102.027 848.851 573.483 936.538 878.355 721.268 63.908 498.833 35.649 114.892 833.936 100.06 448.441 19.215 747.203 908.563 302.11 407.28 425.573 401.223 855.106 290.444 64.099 430.372 817.752 176.538 595.098 57.146 158.215 967.087 669.344 782.755 310.531 757.502 561.592
199.37 730.593 337.157 895.639 1000000000.0 425.414 973.504 329.277 528.448 248.213 171.659 297.673 127.746 533.702 533.381 509.495 328.313 422.344 106.433 367.953 850.364 359.033 514.312 740.442 835.993 285.78 96.475 707.501 486.358 777.458 392.858 192.052 937.229 538.193 105.59 959.266 603.554 868.654 254.223 247.155 274.162 519.538 853.056 762.348 177.444 1.906 396.392 981.378 767.187 139.683 143.508 736.656 970.991 323.057 898.756 560.84 985.907 972.52 719.532 289.324 175.603 114.369 818.992 83.592 900.415 674.694 564.704 687.435 306.523 320.963 961.881 30.991 358.386 716.192 808.081 927.849 976.624 112.971 310.721 383.984 995.752 739.988 143.098 934.429 367.472 813.853 615.159 458.041 839.83 507.481 222.946 419.934 709.222 412.606 681.885 549.093 72.91 46.156 419.119 382.433 680.195 339.07 633.281 509.583 321.613 111.161 871.983 754.444 682.942 134.128 456.816 624.095 438.143 233.691 226.071 223.511 712.488 556.31 940.541 720.621 784.517 230.906 197.758 90.692 50.534 780.1 691.348 494.891 485.878 437.037 845.979 4.503 398.104 182.686 228.1 791.599 134.247 132.067 641.474 81.274 810.068 639.549 408.833 914.521 452.25 175.941 158.767 998.279 489.991 520.989 638.058 387.143 66.313 290.681 73.525 926.349 190.665 322.565 524.046 325.053 668.809 180.819 97.534 879.724 181.966 730.81 883.724 991.208 849.276 805.777 961.898 517.93 177.277 594.026 227.924 143.874 455.606 461.823 807.018 675.211 264.645 960.128 553.856 322.742 361.689 411.65 769.446 935.194 508.77 14.579 335.944 2.509 340.028 964.454 592.157 992.413 277.896 289.386 565.465 639.535
907.246 742.776 502.195 854.769 425.414 1000000000.0 694.036 456.015 784.832 352.589 12.666 255.466 322.873 791.39 810.077 947.332 892.513 744.735 327.749 734.717 341.643 925.758 720.053 845.291 17.271 87.529 646.544 118.594 737.941 21.493 388.371 821.857 958.022 533.781 661.078 492.958 995.066 238.821 853.106 590.729 286.09 848.346 546.238 233.989 975.549 564.705 143.3 47.516 420.102 884.594 106.376 298.858 623.633 768.552 558.582 625.773 941.542 145.869 308.014 618.329 909.29 360.063 31.193 166.853 377.817 816.975 208.966 215.221 238.983 986.057 958.046 781.965 256.945 752.332 43.966 600.258 39.279 99.502 720.627 22.419 375.289 192.386 466.688 308.888 586.818 382.606 685.832 579.663 747.898 413.58 456.857 451.72 124.9 530.559 491.829 545.86 264.538 276.102 787.638 557.963 301.484 83.603 419.356 185.832 377.192 658.452 761.248 521.623 471.528 866.189 726.743 578.646 124.886 653.15 272.712 144.912 671.648 637.314 463.344 66.663 793.091 526.665 983.384 30.703 922.43 966.235 522.194 446.473 371.763 770.035 939.231 929.189 684.294 582.924 887.027 475.307 38.223 255.751 822.911 279.85 737.596 348.618 618.662 775.23 833.15 486.618 914.048 152.805 9.927 173.062 218.717 484.041 393.292 686.517 140.696 675.737 421.447 287.113 586.488 967.854 754.034 333.891 540.887 859.14 771.712 368.959 201.359 207.423 615.673 639.403 13.014 856.414 677.907 722.826 861.444 524.756 193.409 972.144 186.433 476.821 170.003 701.148 637.945 671.144 513.952 651.425 45.55 272.059 827.487 273.942 117.097 103.374 525.445 791.684 302.776 684.357 451.404 123.626 647.523 154.293
652.534 613.91 664.606 855.948 973.504 694.036 1000000000.0 809.798 382.515 696.177 930.541 967.457 285.553 448.67 954.233 963.958 34.644 65.476 421.465 658.085 709.193 765.684 206.168 571.558 25.827 250.88 397.337 476.419 229.043 966.88 442.287 329.781 484.624 815.149 627.236 797.32 519.115 858.145 66.18 74.949 934.564 475.765 585.846 877.653 921.65 170.124 340.887 756.576 332.197 164.494 208.123 327.433 584.356 225.938 908.332 653.93 405.673 569.533 672.045 473.99 399.103 346.299 865.561 115.09 239.656 620.91 180.375 84.261 549.169 451.16 934.246 498.072 70.745 102.136 964.209 365.189 489.688 296.215 416.703 603.769 877.755 326.144 639.896 960.963 629.745 106.666 699.852 933.008 221.616 1.172 771.619 137.813 352.546 280.387 881.383 161.669 393.843 380.017 86.808 545.005 731.607 113.054 540.582 617.033 928.902 25.11 857.71 885.864 789.071 971.239 707.374 917.968 600.1 67.071 610.698 44.563 795.154 970.949 170.445 635.442 298.977 889.099 81.18 306.754 414.362 613.567 758.869 407.445 110.708 945.428 31.562 643.782 711.179 228.536 986.137 561.742 91.146 609.99 269.57 352.337 158.711 826.911 969.802 692.569 495.267 320.196 986.85 420.937 272.726 560.316 546.602 538.883 294.521 48.174 881.927 536.383 385.874 564.868 285.246 786.693 487.046 668.274 981.956 400.067 55.304 584.254 85.092 696.718 159.72 104.867 151.361 216.444 867.791 234.722 191.516 468.19 142.234 423.835 90.868 775.295 787.911 627.297 378.541 365.787 954.729 707.807 896.518 232.537 272.462 590.069 979.206 817.375 510.502 583.116 723.023 758.499 90.559 551.694 581.563 30.507
503.202 868.586 90.441 717.514 329.277 456.015 809.798 1000000000.0 312.263 185.981 600.582 734.429 302.566 609.855 541.932 604.872 199.738 47.709 21.383 683.965 720.623 557.496 234.324 222.92 224.138 555.873 422.749 580.083 501.224 666.787 384.147 502.511 348.725 231.435 742.823 172.159 237.97 243.045 742.234 581.607 816.724 390.302 203.982 892.047 201.879 982.75 38.914 577.976 401.371 436.271 333.447 824.994 321.54 561.229 288.584 568.658 677.357 828.631 174.807 201.478 254.851 927.228 723.77 785.674 786.209 897.946 106.3 221.457 175.996 273.637 56.121 762.803 562.771 935.625 649.98 834.04 552.091 958.532 83.515 332.394 2.154 561.49 411.355 266.101 773.926 387.705 71.863 57.768 392.791 225.515 871.137 429.646 167.978 310.014 116.818 717.427 641.878 768.277 228.946 695.909 491.951 535.707 954.785 158.885 621.82 367.413 558.771 788.871 751.794 172.2 366.773 296.305 214.477 388.3 887.633 682.913 49.44 756.22 148.606 493.582 14.045 392.122 949.353 658.906 732.726 771.849 545.963 857.256 695.12 149.2 344.381 995.843 623.751 160.562 801.439 66.36 893.432 857.488 84.757 816.542 325.138 370.372 268.72 900.313 986.762 501.593 225.473 924.423 528.305 547.654 487.461 957.536 296.059 156.638 41.484 207.074 849.632 439.836 86.659 716.27 605.53 945.774 942.678 425.519 457.272 425.28 365.31 694.426 380.484 748.098 459.938 306.13 359.972 711.369 529.528 358.22 610.484 855.393 476.026 317.842 131.614 161.395 112.724 407.746 697.318 352.212 379.898 578.85 646.791 418.475 73.591 820.255 947.418 998.919 770.564 581.644 15.862 950.659 68.438 946.039
382.608 633.993 521.137 405.044 528.448 784.832 382.515 312.263 1000000000.0 2.612 233.03 754.737 773.534 694.085 612.735 725.388 497.649 322.1 597.913 724.227 2.13 544.318 465.042 90.023 404.728 121.374 773.632 820.374 8.586 964.473 356.387 579.584 986.151 607.542 278.571 430.282 300.716 299.794 127.531 366.003 267.543 962.964 844.365 990.015 538.107 726.406 162.783 180.287 926.211 347.062 57.909 222.342 236.158 840.485 498.028 904.799 534.181 245.867 956.855 234.144 793.228 312.003 883.325 231.776 506.12 158.044 799.167 151.265 101.512 96.988 554.008 817.621 875.825 759.131 652.807 745.422 903.106 102.683 780.604 580.647 510.704 265.744 272.647 263.042 716.217 993.774 637.874 18.677 26.421 227.981 886.151 850.555 315.25 596.567 398.803 530.753 463.261 153.285 373.671 375.481 100.322 861.518 102.701 26.278 268.687 16.565 910.925 836.27 468.885 213.558 682.148 176.977 477.08 899.073 56.736 543.643 609.84 592.894 148.599 519.173 544.928 161.162 734.625 853.711 649.469 332.404 343.541 179.835 103.392 436.521 426.866 649.722 892.313 924.367 706.272 602.832 762.639 242.33 957.508 134.829 253.793 493.535 6.285 566.661 752.328 316.127 819.678 951.606 42.547 807.265 368.753 517.045 604.761 872.662 916.297 704.375 531.496 430.507 920.327 326.934 745.778 576.127 947.335 34.553 910.148 399.113 334.953 713.998 621.746 537.333 992.007 181.323 811.61 676.585 642.674 889.661 849.667 584.638 752.772 821.69 390.879 682.112 761.191 483.951 391.471 186.248 23.388 946.906 609.037 804.826 431.721 83.671 56.13 506.013 191.851 448.524 128.811 569.921 364.473 333.247
487.5 176.412 39.481 45.777 248.213 352.589 696.177 185.981 2.612 1000000000.0 543.612 184.509 408.443 924.811 944.196 60.009 577.087 791.13 724.22 389.838 10.728 507.144 897.9 508.617 588.668 394.03 449.812 461.684 630.064 349.821 820.33 313.457 15.993 738.939 437.471 628.078 429.159 830.398 577.502 177.197 859.364 309.141 605.436 551.354 118.805 127.515 204.076 778.075 843.608 245.449 145.2 340.407 304.195 710.752 294.063 278.93 824.345 948.5 706.341 164.997 223.82 886.969 911.691 38.468 17.6 597.871 197.248 361.35 32.865 328.742 924.871 636.741 37.436 594.826 707.901 913.164 250.915 69.246 141.907 867.977 228.845 568.683 397.319 678.802 636.502 266.585 971.373 887.955 322.559 285.57 345.797 549.949 175.328 601.297 976.778 859.865 102.424 60.587 296.108 736.92 258.252 629.1 906.077 502.573 232.822 735.975 378.86 215.746 492.774 328.773 985.55 584.97 243.61 226.353 367.817 429.733 485.412 331.202 39.676 321.537 308.022 823.403 20.969 936.801 216.482 287.158 113.002 831.997 875.609 509.783 53.761 75.602 625.861 469.759 746.067 561.727 583.776 847.81 43.207 797.737 113.404 575.161 279.822 731.832 776.014 286.555 137.806 833.706 272.371 627.891 432.218 107.046 933.796 319.305 187.085 744.531 199.538 36.434 281.289 865.014 464.107 382.864 790.168 729.713 812.842 837.669 17.655 60.503 729.63 547.966 842.056 422.266 579.756 158.014 583.844 380.291 701.115 20.811 788.186 836.158 338.394 698.033 373.822 697.998 873.097 867.493 8.428 904.106 751.144 255.317 844.527 316.482 377.193 622.228 953.081 825.125 664.066 680.626 245.369 502.048
119.947 799.782 178.432 364.285 171.659 12.666 930.541 600.582 233.03 543.612 1000000000.0 439.528 836.639 188.856 418.689 746.165 367.308 586.809 497.394 563.654 400.138 490.338 556.291 572.854 110.91 269.857 647.364 410.724 837.528 564.089 568.03 170.652 392.606 201.132 407.253 470.845 616.697 125.558 224.021 142.648 356.672 709.978 904.692 651.558 166.266 942.915 5.045 442.849 12.438 263.763 633.029 393.052 404.821 551.028 990.146 135.505 580.61 595.582 423.164 185.073 686.44 515.999 864.369 541.07 445.625 446.849 810.255 823.268 762.403 29.85 744.544 938.204 340.413 750.384 307.147 641.344 22.491 83.959 442.611 98.765 618.151 281.911 226.879 704.339 472.031 534.618 19.988 253.203 696.665 832.697 146.16 372.759 871.682 140.853 419.473 154.937 673.554 642.178 179.765 303.366 155.7 247.528 596.746 537.052 731.079 812.78 265.304 664.634 417.024 889.129 701.682 182.278 15.528 764.94 69.071 915.491 468.673 258.963 172.526 759.37 336.079 583.299 267.812 913.931 806.367 82.169 621.569 870.504 310.697 347.955 492.674 821.47 584.337 692.695 750.786 287.751 428.639 313.211 244.59 614.86 323.143 484.603 178.89 151.423 919.807 6.814 777.363 252.162 503.147 528.295 607.834 974.696 946.148 913.351 64.695 572.771 620.332 995.095 84.813 323.849 474.163 244.64 736.941 130.269 879.547 213.815 845.8 534.691 32.662 893.939 564.838 756.519 627.822 221.91 411.514 398.633 588.673 531.31 680.605 868.727 393.618 96.907 347.639 35.244 612.834 546.772 305.903 895.168 262.41 625.399 765.156 335.895 934.205 856.614 96.534 951.858 957.175 636.336 447.337 972.19
652.341 897.093 271.026 595.055 297.673 255.466 967.457 734.429 754.737 184.509 439.528 1000000000.0 902.855 913.939 136.356 664.017 744.452 982.212 865.045 411.308 795.2 382.616 570.187 594.904 87.447 798.212 180.26 165.214 883.322 285.62 821.708 984.5 463.159 101.823 32.266 803.233 232.159 740.425 843.153 179.007 953.171 336.595 853.5 18.354 663.088 436.201 396.826 747.885 182.162 844.538 887.545 937.968 987.091 659.304 240.06 484.358 506.187 213.533 508.132 855.451 225.442 527.694 246.443 494.351 618.154 100.323 461.88 956.382 349.767 524.343 263.037 889.372 194.574 566.063 745.002 402.206 133.465 209.679 43.114 111.736 576.434 470.772 567.619 819.609 408.389 249.841 202.258 972.949 960.524 737.798 984.624 406.428 231.657 702.629 485.194 35.551 153.341 465.401 228.352 698.769 502.347 473.767 143.525 331.779 880.812 694.893 203.308 258.623 828.16 768.729 96.124 998.332 368.668 568.203 738.896 689.197 620.29 811.566 125.928 518.664 106.874 191.961 878.363 157.784 541.417 884.811 63.41 448.519 936.135 936.166 862.793 104.544 927.118 697.755 47.463 65.957 446.91 402.83 831.357 96.475 912.083 840.626 757.484 835.804 251.891 71.838 912.996 290.185 65.665 371.165 413.188 282.539 885.795 350.031 685.189 590.696 585.731 919.003 866.397 212.51 424.93 708.729 326.213 516.482 795.22 495.93 211.193 825.712 683.908 973.734 16.164 330.027 715.84 831.912 164.463 970.719 775.32 557.392 194.2 13.386 400.579 887.458 518.24 216.501 63.849 155.276 935.972 685.026 49.158 662.295 628.027 306.028 541.182 727.71 822.258 112.382 487.587 420.92 78.477 755.412
455.86 432.389 706.643 338.416 127.746 322.873 285.553 302.566 773.534 408.443 836.639 902.855 1000000000.0 303.182 814.233 722.297 955.906 918.796 819.059 33.371 540.32 123.678 874.74 901.489 69.597 65.454 947.768 120.035 979.237 942.429 176.234 585.212 341.278 906.952 335.918 94.837 992.559 52.554 673.831 428.342 628.363 972.509 12.33 240.348 767.831 393.433 907.725 313.407 982.224 831.642 235.689 65.573 95.584 579.353 177.21 722.149 897.293 604.873 877.343 117.864 987.841 554.966 265.792 984.453 961.289 575.847 999.555 780.728 48.871 385.79 391.628 420.875 220.53 133.637 875.931 119.418 850.033 381.743 96.283 637.646 198.048 387.512 69.839 809.916 233.097 46.645 868.866 889.787 143.784 868.882 166.204 677.727 492.208 28.292 649.312 329.68 411.334 157.777 487.287 216.169 911.879 827.166 456.068 849.877 905.551 779.891 635.06 494.305 356.273 888.829 897.59 75.301 605.315 146.018 340.384 907.235 427.801 405.382 111.622 3.061 363.403 412.168 574.895 716.65 402.788 976.403 158.126 608.641 693.877 912.154 635.69 729.694 586.545 677.622 247.362 178.868 139.171 461.459 634.952 687.513 689.613 67.053 21.929 535.155 911.746 456.779 125.33 936.514 350.869 797.723 71.055 592.682 427.115 201.227 527.441 928.8 363.387 689.362 419.11 8.515 949.49 113.918 350.39 905.537 431.295 288.609 751.22 195.556 993.727 740.341 801.861 264.99 908.447 594.94 549.19 409.821 16.71 620.025 271.799 876.832 375.449 310.181 598.943 826.282 803.419 309.533 251.851 696.56 186.389 292.089 878.477 633.309 372.677 981.633 683.682 142.862 972.741 97.909 197.89 228.831
928.655 379.769 483.621 940.838 533.702 791.39 448.67 609.855 694.085 924.811 188.856 913.939 303.182 1000000000.0 332.578 75.882 451.942 647.656 224.471 156.089 622.181 69.22 664.113 304.177 415.036 270.419 52.04 636.365 151.889 63.798 59.464 881.542 554.441 756.883 61.142 804.188 142.938 847.387 320.368 548.113 401.574 148.554 597.341 800.794 46.375 639.387 946.992 596.008 87.006 342.077 109.714 468.043 899.49 327.127 815.65 871.172 407.893 576.861 267.982 159.995 421.871 960.62 310.311 842.39 532.498 872.161 78.192 980.385 41.241 202.147 27.944 680.83 695.872 641.113 858.165 431.993 275.148 919.578 88.853 716.967 115.05 556.408 693.925 879.364 601.876 188.958 849.88 758.116 274.41 156.407 158.705 887.139 697.106 500.873 660.881 984.702 311.191 138.875 312.0 545.992 898.836 129.505 734.944 255.324 907.712 56.871 40.089 625.509 512.268 367.135 649.763 822.376 487.035 565.024 570.82 408.926 246.96 901.806 983.171 825.167 237.305 544.687 345.453 699.183 541.043 122.825 596.717 912.929 212.383 808.015 636.586 44.411 269.972 669.686 823.314 796.467 826.806 493.543 438.435 889.878 423.667 735.699 131.685 389.122 365.218 548.5 564.923 544.936 788.938 445.167 99.13 960.51 470.461 847.244 525.991 941.019 796.725 950.704 400.954 286.548 33.407 898.233 769.197 948.471 538.944 783.018 493.729 722.032 518.175 474.276 439.944 522.437 137.483 208.225 471.367 880.782 906.61 439.504 553.57 530.033 57.835 94.003 430.582 824.169 138.821 341.7 739.422 133.218 255.24 758.426 595.672 733.179 717.716 257.179 215.221 122.055 672.354 755.838 416.292 61.076
696.948 659.705 259.1 699.08 533.381 810.077 954.233 541.932 612.735 944.196 418.689 136.356 814.233 332.578 1000000000.0 896.427 706.074 572.468 80.621 360.044 399.77 523.289 141.862 709.586 348.462 89.891 490.52 63.452 123.689 641.349 798.61 181.072 279.691 60.629 179.586 535.072 155.146 15.505 591.638 382.147 736.271 341.263 323.849 411.252 164.125 371.134 397.283 209.794 790.217 756.137 817.033 540.497 347.126 653.329 921.709 947.321 934.708 774.243 658.344 571.663 389.196 301.127 858.293 287.434 303.272 396.731 119.68 719.367 654.19 453.773 665.652 340.918 980.721 904.721 547.971 311.224 441.627 342.796 377.7 297.449 940.043 362.022 702.754 492.598 165.126 253.359 312.666 864.597 228.136 915.429 850.572 279.443 52.804 223.962 961.936 211.136 253.501 392.086 424.069 473.371 789.563 941.785 260.45 301.931 696.308 478.932 435.027 887.992 200.674 490.766 45.388 249.004 845.93 371.28 438.361 963.859 428.287 49.511 454.079 516.83 180.715 520.002 951.074 2.576 408.059 841.031 793.428 797.198 439.686 216.259 33.432 485.686 329.945 923.967 61.397 139.023 197.559 360.582 539.427 19.733 104.041 62.855 284.768 376.808 354.949 579.639 697.033 543.355 466.798 945.253 615.148 940.472 286.687 182.881 927.74 687.389 751.652 799.356 297.533 177.51 720.523 653.873 838.583 452.145 152.766 735.543 961.685 471.77 23.856 570.628 591.129 853.618 138.338 236.015 978.393 171.02 683.216 760.498 363.6 556.33 826.578 56.097 265.718 417.0 117.099 145.323 355.149 727.175 548.504 189.188 637.104 307.86 287.24 348.865 956.698 717.089 167.684 716.543 916.051 153.998
967.477 8.657 297.833 47.372 509.495 947.332 963.958 604.872 725.388 60.009 746.165 664.017 722.297 75.882 896.427 1000000000.0 480.088 68.466 817.63 41.889 623.031 800.581 104.8 200.883 678.262 243.534 915.96 601.9 834.448 735.753 583.359 788.198 318.398 536.4 563.932 159.002 759.098 226.067 840.485 189.066 736.313 846.188 180.927 336.723 660.004 400.079 371.262 594.637 959.014 43.757 304.438 37.058 328.32 415.617 240.678 165.065 414.638 290.001 210.535 216.913 496.619 103.136 775.808 300.929 611.968 839.887 70.347 397.118 813.561 683.712 381.305 196.916 793.235 264.351 544.738 557.534 363.594 454.375 395.111 182.737 780.829 739.659 869.039 724.864 350.096 400.123 516.489 580.9 525.904 662.25 419.519 869.467 667.785 113.325 901.397 499.934 727.524 193.257 446.61 34.182 731.509 39.617 663.628 962.221 620.878 154.609 791.485 216.91 733.268 131.74 30.369 830.593 891.912 405.845 123.415 699.486 779.627 683.513 208.107 319.057 667.533 154.273 170.987 929.283 708.887 344.956 836.439 323.739 566.829 477.937 219.742 364.058 281.882 137.755 178.388 492.756 341.731 42.378 921.741 147.901 841.7 37.966 107.27 632.919 479.109 147.892 719.382 993.296 272.604 624.065 520.068 754.855 831.932 395.734 262.73 755.675 695.342 735.656 479.938 154.952 487.631 641.751 656.447 540.995 383.614 464.058 635.032 277.65 808.437 501.219 194.72 276.842 803.497 564.291 847.837 516.079 927.023 575.979 971.621 968.922 945.284 109.359 244.251 923.89 542.546 233.276 662.859 34.45 571.332 800.288 498.323 644.129 78.312 729.071 718.687 954.787 342.928 705.18 982.306 202.655
377.375 672.208 127.364 996.478 328.313 892.513 34.644 199.738 497.649 577.087 367.308 744.452 955.906 451.942 706.074 480.088 1000000000.0 371.059 197.993 865.538 462.633 358.779 421.525 397.679 761.796 421.163 512.914 762.854 447.807 885.964 102.834 224.405 329.931 651.763 580.681 68.557 601.366 562.559 377.098 691.141 32.196 783.886 450.952 905.819 523.682 11.31 267.712 537.981 351.616 53.643 522.147 552.36 879.838 5.995 291.797 148.334 822.016 606.285 111.191 34.204 976.35 605.169 961.002 521.528 967.067 93.969 541.344 406.977 84.301 586.311 537.535 661.332 295.492 555.607 82.707 870.836 461.532 613.096 808.914 921.507 747.041 916.543 605.875 58.048 304.747 33.104 816.612 620.74 278.553 246.969 651.803 485.85 518.333 725.895 55.791 284.502 599.5 82.111 298.388 295.007 521.651 606.855 950.433 547.492 447.647 457.903 802.236 362.974 545.194 710.084 925.129 533.678 482.784 580.507 213.148 899.38 891.366 868.291 309.666 234.446 556.306 412.119 7.905 465.829 662.57 11.63 340.521 336.593 904.929 18.268 91.365 738.438 852.697 451.289 926.161 758.399 428.64 925.115 718.603 669.708 457.581 78.097 833.89 704.113 748.026 176.679 610.735 462.77 469.405 643.843 322.727 458.483 514.522 511.988 33.27 687.555 772.103 686.416 976.083 591.489 654.41 468.521 818.105 622.465 881.453 419.576 612.567 191.007 387.707 955.956 878.531 544.799 608.14 580.007 419.204 276.157 527.103 278.258 404.68 921.051 481.011 632.074 230.05 935.157 583.633 145.414 721.596 960.807 917.819 835.564 283.383 30.789 472.404 162.487 264.178 900.227 556.583 330.401 70.411 354.841
699.049 509.049 245.131 501.726 422.344 744.735 65.476 47.709 322.1 791.13 586.809 982.212 918.796 647.656 572.468 68.466 371.059 1000000000.0 249.154 691.835 832.372 452.689 547.395 26.749 155.956 433.896 887.153 90.058 733.987 125.48 198.648 424.62 575.39 864.295 303.596 914.192 104.025 26.153 268.051 196.455 819.483 466.947 511.691 405.731 246.959 130.987 818.107 829.993 731.71 394.393 572.188 345.146 298.715 367.265 800.441 678.157 581.905 198.642 175.142 576.655 997.01 825.826 802.62 487.238 197.725 584.744 188.813 304.485 812.488 251.011 163.112 765.812 92.655 15.682 592.389 984.062 240.622 65.62 882.661 527.52 711.494 25.321 477.199 291.916 434.727 648.448 711.42 84.407 690.671 682.337 107.44 792.743 906.032 528.003 914.32 642.473 773.861 310.524 621.802 33.406 596.739 926.702 485.866 387.588 30.049 775.58 770.49 212.705 645.276 685.319 378.684 915.876 410.365 324.991 451.837 237.997 96.873 685.422 162.095 739.584 584.091 323.814 710.8 402.382 944.176 84.724 164.81 244.874 711.077 474.679 175.362 603.685 262.475 813.031 403.549 741.951 944.022 532.433 719.157 629.826 401.864 703.758 265.858 194.563 336.062 460.607 858.968 714.445 937.883 233.702 945.475 929.079 949.791 144.651 39.393 241.945 21.692 17.47 328.142 954.889 549.452 141.012 899.387 391.591 582.13 964.691 248.262 470.295 35.899 133.72 775.576 449.664 253.286 941.254 737.991 585.175 38.856 65.323 653.984 243.641 34.944 430.786 767.876 251.632 358.812 271.648 469.572 271.853 935.63 117.436 475.568 678.941 575.67 862.047 245.779 204.887 358.985 564.382 139.557 98.21
536.658 137.198 354.974 11.351 106.433 327.749 421.465 21.383 597.913 724.22 497.394 865.045 819.059 224.471 80.621 817.63 197.993 249.154 1000000000.0 845.465 896.835 974.453 159.738 178.069 57.079 617.079 317.395 727.84 797.511 982.701 732.035 406.252 121.157 606.455 404.854 890.879 295.24 808.376 391.973 726.852 228.968 242.576 336.722 146.148 424.169 8.78 358.219 937.662 420.651 350.525 853.212 523.327 358.258 622.318 140.438 424.211 192.404 734.431 204.5 620.694 773.102 483.813 357.863 701.265 879.224 728.461 47.465 515.626 651.944 74.759 738.194 708.679 248.023 765.25 611.715 691.99 681.604 957.55 132.352 511.955 127.507 858.598 247.27 402.069 216.167 887.609 610.462 124.096 123.797 809.202 890.332 364.035 702.229 920.102 754.243 893.78 96.648 225.279 911.877 146.104 755.443 942.446 118.948 591.168 295.482 982.832 151.067 909.455 187.976 332.834 618.337 274.993 830.144 893.924 228.828 55.186 341.138 486.197 906.202 515.426 732.501 824.137 903.938 971.493 921.323 550.911 462.311 720.197 667.875 403.848 696.112 978.131 95.281 779.24 559.259 806.369 763.914 15.815 953.828 122.375 927.046 6.375 825.488 805.727 874.866 258.876 827.963 994.214 484.573 593.914 692.607 89.074 925.66 325.448 407.819 831.086 213.665 487.577 484.777 460.1 783.646 833.883 31.508 558.19 842.835 450.72 976.163 842.09 702.157 66.574 561.686 625.574 163.948 184.997 619.326 528.903 696.943 821.878 29.988 95.052 57.291 998.884 373.227 752.976 489.144 845.094 63.506 514.092 633.033 114.58 82.95 204.574 461.721 697.477 341.98 156.824 315.648 577.447 66.726 596.214
195.733 135.175 554.97 599.015 367.953 734.717 658.085 683.965 724.227 389.838 563.654 411.308 33.371 156.089 360.044 41.889 865.538 691.835 845.465 1000000000.0 207.271 532.384 601.867 410.338 608.321 860.559 86.101 709.124 900.37 12.499 306.941 438.096 353.361 253.631 898.743 604.462 47.676 318.058 462.134 717.532 619.676 760.204 985.962 702.95 103.869 857.579 76.315 980.643 885.884 476.812 101.619 429.976 546.22 199.899 620.262 815.516 258.964 900.779 934.214 217.171 965.478 16.842 192.504 318.645 429.627 634.919 957.376 811.609 557.365 3.751 379.386 973.472 441.67 490.149 152.574 761.293 238.151 854.689 997.294 29.933 557.459 453.499 458.914 996.428 680.068 109.809 408.913 593.908 701.204 660.888 936.35 653.06 232.002 245.006 133.542 119.927 863.993 768.088 818.669 687.021 822.811 258.986 824.297 920.633 83.552 353.242 338.39 170.287 281.348 376.411 116.638 240.212 451.046 813.828 909.196 872.568 351.042 400.816 803.715 868.165 588.715 509.326 893.275 485.176 359.135 807.186 624.747 271.431 239.611 406.05 468.966 734.59 996.585 481.49 543.081 224.988 944.112 38.915 366.582 693.093 84.112 436.559 445.163 114.204 485.416 149.614 951.236 377.601 908.718 544.228 599.691 838.517 117.4 936.149 550.847 741.575 139.315 68.04 49.896 812.181 24.414 75.848 685.918 657.874 978.333 330.551 398.475 687.296 260.141 927.807 518.454 447.325 612.779 199.076 151.539 961.314 29.244 839.573 85.255 438.435 449.873 216.865 55.09 807.759 279.866 529.562 360.78 738.205 606.692 833.975 624.085 393.538 549.573 855.007 775.134 207.462 606.223 712.129 701.311 347.996
104.503 178.918 975.491 907.74 850.364 341.643 709.193 720.623 2.13 10.728 400.138 795.2 540.32 622.181 399.77 623.031 462.633 832.372 896.835 207.271 1000000000.0 800.975 905.361 681.549 620.945 32.851 202.116 389.297 783.07 198.884 514.962 768.608 882.56 848.827 511.263 439.883 140.657 162.066 284.207 934.302 4.099 86.598 451.952 769.943 647.016 304.85 875.974 484.35 122.411 768.626 376.808 366.389 444.879 888.571 15.749 873.67 157.87 353.08 629.711 165.059 762.203 615.902 542.126 77.618 690.405 263.481 302.879 965.366 446.36 149.324 470.354 115.478 240.698 865.448 293.476 114.97 964.819 166.07 617.254 130.039 700.154 985.308 39.173 108.085 15.408 343.755 785.5 113.574 941.977 102.703 924.052 52.543 551.609 815.736 965.123 358.099 137.982 737.319 901.449 180.209 334.388 515.647 72.521 322.737 813.304 465.145 195.93 691.098 372.866 861.218 275.921 814.149 676.538 53.51 984.38 890.894 870.244 900.437 250.82 209.904 890.819 330.967 311.718 599.76 549.102 218.824 148.353 75.473 533.866 76.537 589.706 566.341 125.3 712.054 646.778 297.966 162.924 696.753 721.056 91.116 544.112 182.452 316.877 438.374 923.959 567.084 856.171 666.785 951.052 121.358 265.141 27.806 68.815 47.227 980.218 94.057 987.903 289.325 140.635 412.111 287.569 137.878 975.986 31.065 450.865 739.353 805.721 322.27 313.802 328.249 977.048 980.094 895.79 511.733 829.786 663.459 320.432 916.813 515.992 28.807 662.374 801.479 970.915 492.931 160.184 591.706 310.687 966.183 312.024 467.569 380.577 45.68 954.639 859.376 221.667 275.954 603.827 954.034 519.555 992.34
580.744 119.279 63.326 892.582 359.033 925.758 765.684 557.496 544.318 507.144 490.338 382.616 123.678 69.22 523.289 800.581 358.779 452.689 974.453 532.384 800.975 1000000000.0 410.923 537.517 64.454 538.225 501.344 76.996 645.029 59.193 896.719 768.756 747.634 340.386 132.474 941.082 268.132 783.288 733.529 452.721 989.244 32.982 356.317 880.448 315.254 176.556 252.817 714.351 116.37 966.746 322.804 281.996 762.871 27.703 250.036 489.193 546.406 565.492 633.003 935.791 511.817 983.641 869.612 785.199 359.069 213.692 813.508 632.384 684.715 664.591 683.559 872.037 547.324 111.109 829.421 548.721 949.155 481.483 620.318 274.896 137.449 295.04 318.833 43.485 556.374 259.059 391.728 794.958 484.425 336.173 384.634 365.883 302.354 531.673 89.874 482.442 417.744 393.688 200.842 538.755 14.412 185.994 768.694 287.532 533.727 62.77 903.35 120.789 806.25 244.345 721.236 522.353 733.443 266.826 226.257 802.551 354.472 418.586 279.718 348.898 333.662 152.327 733.669 107.105 461.821 384.042 631.414 840.233 951.179 357.64 949.107 417.289 379.076 115.438 17.625 675.148 199.09 847.738 909.003 612.9 356.351 958.31 149.742 393.341 488.244 758.996 416.787 907.748 815.917 134.949 134.441 999.468 749.341 288.2 64.497 691.633 961.179 957.765 375.443 910.002 671.336 770.59 215.55 917.691 728.965 408.562 520.628 386.371 679.724 390.527 850.799 809.913 190.592 907.767 769.088 127.865 797.44 662.039 43.242 880.155 521.733 171.929 29.254 278.64 501.415 577.065 624.882 861.403 622.54 917.649 637.123 930.163 21.553 568.484 529.023 671.391 419.85 752.464 446.462 41.397
829.945 571.842 394.743 44.052 514.312 720.053 206.168 234.324 465.042 897.9 556.291 570.187 874.74 664.113 141.862 104.8 421.525 547.395 159.738 601.867 905.361 410.923 1000000000.0 876.731 806.79 956.735 512.339 868.687 749.823 972.505 684.778 96.185 724.78 680.418 488.23 140.08 566.778 432.743 744.146 518.181 456.862 851.335 45.379 839.761 86.929 746.647 539.327 561.919 831.482 815.203 367.977 119.043 877.609 1.3 370.829 365.03 614.922 804.193 88.523 165.784 446.573 909.359 165.829 104.926 814.161 664.408 194.689 404.475 560.252 127.625 59.495 718.935 289.438 354.59 96.252 606.748 956.559 349.098 259.532 226.592 93.164 481.255 241.606 48.842 847.515 145.874 227.396 975.957 370.717 156.78 464.814 317.66 186.092 585.57 178.064 150.862 952.391 939.333 101.797 731.878 235.962 600.793 386.385 436.659 773.436 500.721 644.223 834.661 69.181 129.832 450.97 908.998 197.389 970.228 746.494 862.8 606.722 396.393 312.954 748.515 731.061 546.164 160.337 451.65 113.186 136.33 819.95 396.241 282.467 846.252 345.11 231.857 624.338 21.249 528.889 776.591 792.801 350.774 97.347 646.888 298.757 637.368 16.892 521.389 912.015 214.213 278.24 168.944 206.539 551.141 912.989 956.608 34.235 687.167 892.225 208.114 685.958 48.706 293.575 315.918 773.936 14.178 442.852 633.203 80.746 677.873 718.261 356.846 693.676 137.921 437.412 281.438 444.432 73.56 822.202 133.612 539.86 209.592 505.974 877.68 726.189 499.79 827.616 121.068 875.785 563.712 599.833 436.385 526.048 823.718 945.694 30.089 690.423 510.888 684.346 860.092 727.77 854.076 449.417 89.634
165.009 910.062 809.077 496.83 740.442 845.291 571.558 222.92 90.023 508.617 572.854 594.904 901.489 304.177 709.586 200.883 397.679 26.749 178.069 410.338 681.549 537.517 876.731 1000000000.0 810.557 64.246 567.09 90.706 300.405 301.009 213.556 671.481 480.974 776.41 617.243 205.52 435.124 380.007 29.182 592.227 336.163 50.913 970.653 304.23 484.303 831.915 888.937 829.972 322.475 225.418 675.1 508.293 513.52 244.249 160.497 20.665 52.916 472.718 685.659 532.186 543.13 65.23 607.367 746.995 804.704 553.122 259.909 959.645 828.119 684.293 875.688 154.501 814.65 404.025 236.105 244.506 19.465 974.282 745.685 263.022 683.637 78.239 473.984 184.324 51.974 798.04 564.67 802.353 351.626 154.111 131.941 867.841 466.029 935.274 607.209 157.354 290.123 150.782 757.253 829.683 724.434 543.093 511.89 812.672 962.002 853.176 558.232 360.454 585.305 65.138 460.773 136.031 97.724 724.718 401.593 308.929 935.16 477.366 966.283 123.711 161.218 678.193 16.392 892.126 538.198 538.128 638.066 585.013 686.042 474.778 885.616 212.882 931.163 221.102 184.811 785.504 502.515 394.427 272.655 552.919 789.601 755.473 218.412 278.38 889.256 514.903 590.84 72.383 557.836 831.26 256.349 173.331 468.525 509.359 34.209 336.388 818.322 584.335 366.844 601.957 431.321 220.044 248.29 436.311 714.981 923.429 236.428 536.421 116.903 338.038 70.588 320.459 577.344 260.495 550.402 889.805 308.213 312.753 870.172 745.538 930.332 332.688 182.348 788.594 717.846 60.761 117.623 595.664 934.061 732.216 925.405 811.003 654.062 957.518 504.28 797.033 185.747 938.358 444.462 608.873
996.865 11.025 60.353 627.786 835.993 17.271 25.827 224.138 404.728 588.668 110.91 87.447 69.597 415.036 348.462 678.262 761.796 155.956 57.079 608.321 620.945 64.454 806.79 810.557 1000000000.0 443.496 815.749 721.309 22.946 650.183 513.791 977.957 952.314 666.18 714.915 184.51 895.815 831.202 829.152 417.409 118.334 810.24 895.429 716.52 147.085 782.079 524.458 731.879 350.703 541.564 217.318 375.386 744.641 97.049 937.089 841.897 47.325 402.582 548.741 247.015 868.858 662.324 741.793 658.407 548.483 562.31 230.273 348.358 954.742 537.877 903.149 521.487 155.312 22.263 247.205 665.335 231.459 299.56 948.53 533.98 197.251 657.884 484.7 741.745 2.024 17.567 613.407 436.226 83.912 913.636 204.889 558.895 381.345 337.351 720.09 307.652 815.679 317.008 196.336 202.448 200.463 398.202 597.023 973.223 360.489 892.825 933.901 90.128 488.397 527.464 269.813 37.333 598.257 415.812 918.323 219.464 389.089 920.053 387.287 311.502 468.086 289.632 838.603 102.746 315.176 185.914 67.978 513.406 880.387 679.901 475.153 34.117 23.232 974.272 170.347 21.784 789.278 760.506 646.404 46.153 815.097 663.621 541.134 468.569 933.672 748.497 27.052 852.166 437.355 647.239 714.983 52.393 363.051 31.839 643.364 653.259 584.172 248.499 865.574 26.976 793.566 319.268 705.523 373.946 550.195 717.899 378.632 498.655 869.346 150.87 79.813 305.39 295.967 938.85 157.762 333.827 302.563 84.224 282.368 985.776 864.6 662.774 84.363 752.593 630.879 688.51 304.3 728.966 164.775 930.292 342.683 761.07 299.57 319.104 785.874 431.396 174.951 560.208 643.447 238.519
