200
1000000000.0 394.404 984.564 132.262 28.555 575.928 360.499 980.297 263.89 704.572 452.84 329.892 701.981 819.847 516.3 892.19 928.55 660.356 33.198 64.345 576.931 833.541 114.977 637.307 514.302 252.552 100.164 567.604 755.686 471.654 617.341 669.416 562.729 525.829 958.43 583.355 64.819 771.729 665.712 142.965 445.186 32.009 882.507 125.394 370.759 343.096 289.688 858.925 413.714 394.795 707.683 105.257 64.126 10.309 68.54 142.367 973.225 70.405 961.457 346.401 824.511 572.345 376.67 770.742 533.085 404.037 594.284 230.022 977.966 745.786 334.228 169.784 885.184 885.689 470.037 97.519 761.164 926.766 710.756 127.395 554.295 754.39 848.18 81.636 952.599 773.699 727.665 448.215 225.498 770.171 888.831 835.389 853.357 595.179 375.402 220.219 430.321 289.371 542.163 564.017 676.414 171.012 182.505 641.666 374.426 725.182 82.341 611.052 599.716 462.776 89.171 32.819 514.931 464.051 592.902 268.711 631.686 898.426 862.862 417.491 231.431 886.015 877.932 694.903 911.678 697.032 512.088 722.996 966.066 33.157 93.448 591.633 711.914 278.999 438.271 864.655 803.754 71.412 230.726 372.97 386.984 206.809 310.003 120.343 705.349 423.334 583.045 848.81 909.585 221.286 364.467 653.383 238.23 667.968 658.341 860.645 940.37 379.167 285.719 279.099 333.293 211.612 217.392 643.966 513.607 785.815 301.526 412.097 11.212 155.313 384.381 424.794 606.168 709.233 577.47 39.685 237.431 306.922 673.543 863.458 223.553 97.584 714.078 841.266 856.971 376.844 385.447 693.602 352.95 16.567 76.332 419.45 661.887 803.805 503.915 587.732 352.098 973.618 166.528 472.127
394.404 1000000000.0 960.401 187.943 983.831 305.459 645.121 775.852 942.545 575.691 10.137 563.452 266.741 812.546 531.502 372.99 912.545 155.524 807.735 654.771 586.842 133.642 652.109 182.968 722.946 636.503 907.305 234.686 979.309 864.993 844.037 626.436 823.128 402.944 676.681 327.141 728.546 802.851 363.815 374.848 281.359 636.796 943.025 584.748 588.034 551.71 812.465 386.579 74.74 475.8 222.426 312.595 378.911 653.738 185.931 679.363 233.122 294.415 155.895 946.337 368.188 167.664 29.103 569.989 553.486 129.798 61.3 496.063 461.883 377.318 19.219 529.087 211.602 537.937 57.659 5.634 299.347 158.438 757.237 357.163 203.482 23.612 715.687 137.607 602.3 777.297 207.629 524.06 499.227 110.754 502.768 105.6 874.965 111.086 311.232 243.208 863.549 605.514 862.452 353.532 862.3 595.418 755.877 857.98 501.786 636.749 16.071 339.881 803.245 72.556 141.653 563.948 541.619 736.366 929.356 93.889 975.54 170.517 151.024 286.443 356.858 511.418 299.215 23.158 689.117 490.156 471.298 549.847 640.911 229.271 690.678 972.151 980.557 220.757 896.401 66.785 28.14 663.247 517.501 401.342 330.514 117.634 575.08 592.637 897.951 679.586 331.939 254.743 580.002 188.278 566.467 992.328 698.374 406.328 15.324 630.946 538.412 225.288 536.092 232.533 964.931 123.377 169.913 699.289 935.427 238.071 584.117 961.2 88.067 655.082 561.299 668.338 859.592 526.7 164.12 454.631 817.053 13.309 377.768 316.078 787.921 540.95 871.572 456.791 799.559 877.546 678.878 585.52 377.266 678.768 20.993 60.172 343.045 770.261 290.379 412.703 189.212 531.145 234.669 998.683
984.564 960.401 1000000000.0 578.017 187.169 508.123 126.837 404.925 455.398 708.042 392.615 88.593 539.349 451.359 523.853 782.778 665.993 786.328 856.927 586.29 962.779 719.879 102.215 198.393 865.803 108.508 656.116 176.662 669.406 39.406 558.053 400.606 813.657 178.906 809.438 924.559 295.31 98.482 374.043 381.009 279.191 792.832 219.896 826.79 609.625 890.575 877.341 732.793 842.183 456.413 643.371 612.736 574.97 464.047 454.284 786.621 252.89 438.577 308.823 805.524 609.979 195.393 614.643 92.692 416.088 124.056 438.71 430.069 218.598 295.077 466.768 535.526 502.575 735.958 670.391 78.831 62.181 712.364 628.018 882.472 541.325 553.176 596.044 585.868 759.863 357.596 437.508 658.667 418.805 468.7 623.352 317.659 510.788 127.725 914.45 504.133 396.853 815.144 734.945 828.976 910.671 77.082 264.32 499.597 45.701 978.16 292.165 332.402 315.282 416.779 354.462 452.812 688.864 993.481 406.033 67.26 539.411 967.523 519.898 998.606 258.317 304.367 279.901 295.855 523.085 19.924 235.296 851.84 365.264 62.945 960.723 164.333 334.984 661.978 852.784 457.531 771.721 421.496 32.202 810.37 827.344 639.041 913.117 319.182 680.277 555.49 384.046 681.694 68.475 902.358 992.74 12.253 525.18 158.786 582.698 151.351 919.145 54.401 218.751 674.875 280.117 998.063 991.597 826.373 143.057 302.13 314.68 599.017 299.724 396.244 594.178 352.349 976.337 334.331 932.078 969.446 261.723 535.195 25.513 197.863 813.313 340.052 220.274 309.614 412.611 669.814 713.714 129.342 802.139 56.342 954.668 936.135 174.371 947.667 807.376 363.793 900.481 992.876 814.871 340.909
132.262 187.943 578.017 1000000000.0 456.037 369.521 687.245 367.242 839.142 175.331 286.299 378.775 50.332 810.593 282.987 425.307 369.433 151.101 124.689 298.099 463.579 675.725 697.567 287.665 944.111 311.254 922.843 900.912 282.547 900.946 911.223 503.533 751.068 466.939 973.091 73.978 578.34 892.945 17.741 161.875 637.125 372.146 966.428 364.193 489.41 252.549 502.519 834.812 614.25 524.379 580.905 660.626 192.71 100.516 278.49 405.265 83.863 586.975 106.053 384.255 813.291 672.742 660.326 757.129 496.554 222.181 857.058 619.172 345.844 366.836 505.249 683.662 416.098 413.059 649.334 598.531 689.759 640.434 516.545 803.339 683.385 622.421 715.159 804.915 356.106 175.04 525.982 850.772 917.272 609.283 134.393 463.743 561.61 892.822 410.24 675.375 517.526 538.55 532.678 439.439 990.898 318.655 130.943 896.491 846.861 773.247 913.604 851.416 532.204 540.709 339.381 517.341 930.028 464.995 100.463 321.807 372.665 329.45 148.446 113.79 924.872 300.944 136.505 495.897 252.045 875.18 903.034 161.816 796.327 340.633 957.704 197.622 921.368 536.902 549.573 199.928 333.049 171.472 192.816 123.27 469.223 352.873 301.892 694.347 312.011 166.509 332.551 122.772 468.276 885.936 362.613 239.971 903.85 893.702 905.96 719.63 756.201 440.178 12.114 205.676 170.268 334.183 458.139 363.963 105.655 853.296 791.644 586.056 50.429 752.156 206.537 32.991 599.754 695.008 420.292 950.846 548.866 504.375 10.686 737.369 203.977 224.68 64.515 252.322 457.254 425.718 82.418 813.98 174.474 250.274 4.413 560.385 623.642 68.781 664.916 912.711 861.603 417.864 946.857 312.947
28.555 983.831 187.169 456.037 1000000000.0 246.63 351.667 335.154 866.148 163.681 924.143 75.939 586.417 772.274 319.128 684.764 659.962 388.231 292.696 921.115 636.775 252.144 422.514 560.988 598.368 994.332 605.338 435.229 955.355 364.691 132.045 408.746 253.463 963.402 846.835 841.05 421.757 752.913 584.688 318.413 982.406 193.846 306.186 101.705 904.157 663.18 317.352 663.389 151.002 45.972 386.526 108.788 239.691 389.188 768.439 383.654 470.975 304.827 602.105 720.324 232.106 866.649 607.245 694.494 401.758 477.855 154.496 534.801 814.711 53.988 502.168 300.618 874.892 856.431 982.812 846.591 20.09 494.128 398.561 772.237 113.727 741.699 129.311 718.856 468.591 706.39 168.386 320.62 766.521 652.6 957.707 358.881 639.638 64.501 887.281 607.639 108.374 960.25 574.358 754.533 526.81 284.326 219.834 186.185 183.652 328.96 979.467 63.802 359.6 347.863 616.767 268.398 701.417 678.46 271.969 61.324 659.438 325.861 749.02 754.59 427.958 545.219 442.09 142.99 305.937 740.972 359.478 6.997 340.278 957.067 35.165 461.376 727.456 542.208 609.579 973.713 774.487 946.049 135.252 491.41 977.739 608.967 533.874 383.203 119.44 228.441 865.225 903.722 607.436 348.38 702.639 166.822 189.738 603.102 609.489 969.126 139.954 921.256 991.543 306.082 222.725 746.997 256.168 190.686 891.035 943.706 866.949 203.104 491.546 883.585 437.826 564.588 467.855 911.748 749.987 15.252 232.627 747.973 389.2 136.471 924.772 941.468 583.765 181.73 207.038 771.356 577.506 996.405 494.164 666.217 257.808 381.414 532.017 998.977 771.562 826.061 511.874 989.149 368.537 547.434
575.928 305.459 508.123 369.521 246.63 1000000000.0 444.946 745.526 32.411 177.952 684.875 58.187 870.267 545.761 210.227 15.66 942.025 528.489 95.014 129.163 95.552 229.628 737.902 686.131 591.274 602.102 271.601 100.509 620.041 758.335 558.999 304.06 417.114 236.722 40.75 201.682 995.622 500.965 194.242 434.179 222.701 511.923 474.696 790.366 909.104 13.963 445.77 365.979 319.849 413.933 540.646 870.789 49.992 794.036 337.654 776.098 440.493 262.019 570.296 321.344 333.144 674.348 825.569 758.88 273.667 279.111 478.344 607.027 372.063 902.789 769.389 179.447 646.129 565.683 769.417 894.674 652.189 936.928 632.804 352.396 988.322 840.835 909.422 268.602 745.501 420.293 862.034 889.062 637.987 338.807 360.764 480.786 602.987 242.781 391.452 981.013 945.633 553.738 57.006 429.576 956.428 558.378 179.728 297.059 745.179 679.148 860.722 676.884 104.481 438.287 393.332 428.538 462.808 54.797 413.285 164.934 616.901 504.593 269.001 606.058 461.674 992.003 248.488 287.816 233.714 203.782 251.649 957.133 738.49 436.785 709.747 506.188 330.899 7.711 890.606 411.003 495.825 718.868 475.171 859.935 484.49 505.396 382.72 888.433 223.196 747.049 595.482 381.918 629.325 19.915 150.491 782.407 540.294 448.702 345.291 667.337 894.291 829.491 782.387 876.691 722.9 858.292 843.338 478.764 118.996 620.107 347.646 743.278 969.734 178.346 761.089 611.256 82.751 763.12 27.263 196.237 362.043 134.76 752.586 77.438 273.317 681.18 39.312 59.785 772.155 274.183 347.409 566.968 420.014 610.456 688.972 137.435 141.411 273.673 872.567 424.765 87.878 374.985 517.976 935.095
360.499 645.121 126.837 687.245 351.667 444.946 1000000000.0 638.031 661.894 634.038 787.732 374.981 755.718 242.005 457.161 690.912 390.466 523.111 905.18 688.465 292.856 522.117 382.247 884.515 680.662 627.063 410.777 959.83 71.691 320.797 399.303 369.224 951.588 136.836 747.918 924.485 462.915 535.337 792.656 583.86 173.639 534.638 92.729 592.898 967.958 760.055 894.952 147.169 528.725 921.383 374.682 827.892 25.668 471.337 190.891 180.471 100.247 594.577 832.601 396.427 451.637 458.867 878.185 751.771 462.192 432.16 958.855 401.03 696.108 604.249 925.699 727.187 7.384 679.7 684.322 51.426 497.157 296.737 283.053 494.287 134.26 679.431 61.63 258.386 241.499 578.101 911.934 37.434 863.39 119.645 601.994 138.644 459.495 596.089 104.033 90.158 876.418 252.643 360.637 764.119 144.355 312.934 838.825 997.321 863.346 498.22 754.177 509.735 20.666 746.698 613.894 109.6 595.644 841.052 801.869 380.652 869.287 597.895 35.887 293.957 102.097 192.792 952.565 40.284 564.068 886.551 511.247 658.983 497.402 141.198 198.862 259.251 716.432 182.347 138.578 745.411 205.923 240.272 531.467 652.028 415.996 442.793 813.428 354.798 520.941 450.998 972.348 698.079 560.1 654.983 411.712 504.023 406.472 699.687 300.574 849.129 774.102 621.406 19.351 321.175 492.264 45.417 482.365 85.937 491.091 698.48 275.529 700.058 534.915 167.65 389.139 68.47 986.141 277.017 694.508 463.55 479.307 760.081 453.182 596.931 408.617 904.629 252.246 568.597 577.37 328.935 582.92 606.386 268.989 987.761 962.208 611.497 627.656 601.668 264.771 516.804 45.196 578.928 49.472 255.603
980.297 775.852 404.925 367.242 335.154 745.526 638.031 1000000000.0 843.81 221.566 865.134 882.328 18.703 283.956 971.907 137.714 109.016 71.737 767.759 139.888 233.29 873.19 202.721 747.696 962.263 588.402 984.526 841.102 872.947 251.489 395.303 773.16 497.47 89.336 51.088 189.705 306.614 906.262 362.492 921.841 890.098 40.397 430.355 486.407 269.475 946.939 867.946 807.013 412.374 101.555 614.587 930.545 524.11 217.722 977.702 43.628 298.995 212.002 187.173 488.174 951.582 153.328 158.299 559.404 43.816 932.795 302.025 74.544 699.69 934.952 627.806 978.025 904.487 27.081 202.193 429.827 494.448 733.676 681.443 783.353 523.696 525.193 821.719 866.953 177.11 389.94 6.609 791.815 503.57 871.899 754.856 875.118 726.391 808.843 564.968 68.271 568.962 784.425 333.224 256.849 326.832 921.065 854.033 921.965 249.295 203.678 646.87 597.609 25.983 191.49 177.393 913.783 979.057 182.489 153.995 650.918 966.945 855.627 88.525 817.945 418.933 146.377 972.765 148.357 691.706 229.25 163.647 188.317 965.667 183.76 955.643 517.549 652.079 28.512 715.956 102.006 386.493 509.559 709.102 541.747 552.383 190.657 788.893 593.836 895.784 654.924 699.97 668.268 319.425 793.122 269.605 744.08 840.499 85.534 799.408 69.174 455.505 918.937 803.211 122.411 294.332 205.472 941.887 671.492 550.892 567.756 316.91 180.375 502.59 451.593 37.197 490.672 224.371 391.525 952.999 712.027 73.704 251.141 566.222 220.431 301.502 620.454 165.881 112.686 782.324 582.454 916.918 886.734 570.447 161.449 407.787 397.608 811.089 990.954 118.776 128.458 811.678 842.672 750.97 878.986
263.89 942.545 455.398 839.142 866.148 32.411 661.894 843.81 1000000000.0 34.953 703.078 19.916 708.823 186.396 501.674 935.048 350.313 17.796 149.974 539.433 83.889 543.595 92.724 286.535 368.202 136.988 376.984 556.003 88.708 447.156 210.323 507.564 530.711 37.753 396.721 983.348 204.038 455.225 851.711 497.993 321.927 585.954 64.518 506.73 336.787 891.965 180.219 543.632 353.499 729.766 453.233 31.739 705.232 268.758 702.485 268.093 207.927 301.959 946.651 84.615 552.868 895.451 805.584 39.235 113.44 614.329 668.047 314.434 240.112 542.023 62.128 37.626 805.227 121.1 979.226 297.062 730.925 471.217 510.521 779.638 50.396 481.377 291.574 675.88 442.878 587.445 621.158 654.605 274.342 139.869 104.461 708.964 155.188 884.086 177.83 962.53 414.574 120.815 507.723 948.36 495.603 952.522 470.849 418.806 521.509 909.06 148.097 900.234 644.193 731.059 856.965 817.552 819.564 504.929 141.684 984.281 595.061 486.497 523.051 358.384 397.999 937.528 803.048 200.067 547.548 595.967 184.656 503.873 460.425 677.424 108.621 130.937 636.563 269.562 388.559 623.232 753.578 203.233 546.854 183.533 940.691 932.773 204.35 339.157 529.788 918.209 165.492 817.668 118.243 219.916 164.062 764.806 140.457 771.137 346.113 777.044 483.633 844.417 26.943 400.907 404.841 850.801 867.592 578.759 902.208 780.244 116.976 487.324 436.411 588.665 164.984 430.58 637.406 447.264 14.197 227.559 542.247 779.731 974.69 159.415 625.216 918.893 15.782 747.373 776.234 639.41 169.455 294.418 222.775 584.853 467.603 394.772 868.103 161.372 899.827 965.767 722.652 963.396 74.007 543.744
704.572 575.691 708.042 175.331 163.681 177.952 634.038 221.566 34.953 1000000000.0 487.75 866.875 315.646 376.091 318.198 232.284 633.341 325.679 310.04 428.831 854.038 812.329 524.518 931.792 243.806 956.051 88.528 274.169 999.725 294.634 191.241 510.488 810.776 417.621 876.415 240.425 289.078 1.116 63.164 655.402 695.902 891.241 389.431 589.357 20.733 416.922 589.339 748.904 615.575 403.295 77.388 404.472 68.088 371.921 723.812 127.037 556.234 954.244 387.954 136.422 804.572 476.884 607.851 624.809 289.972 298.409 60.433 124.198 742.069 93.249 305.543 808.657 400.479 24.175 800.572 930.161 736.259 948.992 677.957 633.862 63.275 726.674 24.152 694.21 734.54 841.79 175.966 765.917 710.393 120.522 228.713 331.294 2.753 79.115 156.509 827.618 396.851 287.219 303.617 584.071 589.194 523.502 657.756 768.803 681.843 229.227 803.572 239.104 744.142 85.725 830.291 251.283 162.686 71.034 753.954 694.228 61.557 51.102 543.625 721.415 846.945 418.802 678.795 257.622 51.181 128.541 717.797 995.194 315.714 220.513 600.205 939.929 940.027 857.531 30.635 518.883 868.938 941.617 438.475 465.346 131.86 156.368 15.542 444.703 589.011 502.736 574.468 458.578 535.633 209.346 738.221 457.761 294.008 243.997 28.687 732.246 262.008 640.878 460.094 320.04 166.815 26.737 555.428 683.774 655.582 91.337 697.761 576.74 627.563 896.419 217.573 637.572 222.006 757.552 686.866 625.341 120.717 147.116 764.577 966.387 374.871 404.989 198.652 224.783 169.988 707.527 971.226 652.73 263.359 432.64 957.088 708.522 825.182 815.418 959.472 377.927 925.229 457.29 54.861 904.752
452.84 10.137 392.615 286.299 924.143 684.875 787.732 865.134 703.078 487.75 1000000000.0 377.462 417.107 810.893 39.202 575.188 993.947 617.745 955.555 892.887 694.559 621.722 902.661 519.144 968.443 125.418 466.847 314.764 54.268 62.437 701.949 958.761 501.676 519.064 553.19 177.683 571.012 347.206 871.797 817.993 320.221 424.647 238.969 749.773 379.788 114.709 230.41 803.725 273.33 991.905 131.543 979.475 742.35 151.33 162.239 777.864 515.362 33.887 330.925 578.36 919.474 488.883 800.669 206.703 556.732 674.115 781.472 234.195 298.583 880.158 780.456 547.016 87.52 251.163 41.254 435.251 825.564 471.037 20.355 124.999 51.173 94.989 9.378 800.199 956.667 890.794 838.258 281.963 539.487 336.733 493.62 159.66 935.853 708.095 261.836 282.555 354.391 401.931 240.444 238.452 485.905 162.688 358.678 405.918 363.668 751.906 716.17 351.3 181.016 723.843 175.911 288.631 639.681 405.295 268.804 943.413 977.497 712.356 21.827 373.076 659.029 562.121 488.398 253.4 937.862 825.242 158.364 884.978 424.591 235.24 361.898 76.367 47.93 640.757 545.924 584.481 509.107 580.888 519.276 828.838 578.367 543.24 492.554 215.287 839.436 807.222 802.935 121.017 225.671 2.219 427.947 111.845 621.697 786.774 416.464 911.69 258.735 824.382 461.043 529.692 527.389 592.793 594.093 272.522 369.389 958.212 562.502 279.751 103.242 587.493 175.614 514.206 914.655 340.725 914.622 944.733 952.742 439.107 829.629 251.902 564.047 763.942 265.248 827.003 752.989 240.129 645.805 516.356 647.297 678.153 66.098 23.485 973.413 465.659 160.245 11.998 321.133 478.668 272.986 556.939
329.892 563.452 88.593 378.775 75.939 58.187 374.981 882.328 19.916 866.875 377.462 1000000000.0 267.274 72.221 396.521 433.044 906.324 594.951 379.169 852.886 934.247 533.813 112.47 803.577 449.609 351.2 570.283 240.859 245.525 737.87 961.914 310.105 396.594 73.841 151.46 25.603 513.349 486.572 741.276 540.179 510.509 725.358 215.137 73.605 287.769 621.989 917.813 652.036 971.445 403.409 116.616 783.672 411.052 679.682 710.637 544.46 444.93 126.804 245.459 712.0 21.871 710.84 693.237 243.197 988.07 557.494 46.106 476.737 248.373 537.549 194.35 254.948 360.356 109.409 2.613 219.662 280.125 102.653 883.78 956.197 493.864 721.595 790.187 627.635 150.627 15.357 658.124 256.128 575.053 833.106 839.39 962.33 836.511 912.838 512.492 954.51 613.402 691.824 911.29 781.107 925.894 260.995 865.724 871.852 524.57 694.228 280.059 466.143 480.061 679.678 838.158 519.739 190.931 446.105 91.73 564.891 948.037 771.264 666.971 367.656 566.05 4.152 903.919 902.017 991.863 673.981 815.988 527.877 30.827 609.548 250.835 941.317 820.037 267.048 66.793 20.42 151.597 116.359 917.031 515.857 815.772 230.977 380.058 444.071 745.233 427.921 786.539 657.525 696.494 6.676 242.097 722.066 253.288 220.914 132.659 473.752 112.706 683.802 642.37 301.634 257.393 358.463 752.114 843.124 424.736 418.28 784.203 729.363 847.483 769.502 702.553 393.842 245.46 47.337 159.456 609.362 318.085 20.765 165.189 744.658 281.519 212.333 427.846 131.543 633.563 15.689 992.324 717.409 375.238 689.208 44.27 927.367 39.961 541.575 72.708 694.474 351.209 176.155 872.664 369.097
701.981 266.741 539.349 50.332 586.417 870.267 755.718 18.703 708.823 315.646 417.107 267.274 1000000000.0 582.462 338.769 110.174 788.012 621.304 330.318 694.516 203.935 824.676 274.365 329.338 426.433 237.627 87.986 926.969 745.989 791.371 822.348 419.849 487.318 348.937 796.728 299.85 609.23 946.563 993.823 319.616 405.074 463.957 920.578 692.391 122.714 959.326 789.473 718.58 709.731 726.407 51.516 116.973 223.315 485.151 95.086 719.641 204.184 906.517 44.271 160.932 258.193 244.475 12.621 218.764 769.964 762.79 347.385 641.99 136.438 582.726 815.531 437.854 41.302 319.631 872.362 62.045 972.522 444.241 475.66 64.799 243.081 216.262 710.492 608.142 375.91 872.809 233.964 44.197 501.927 785.647 166.421 877.655 539.241 457.628 425.834 495.281 563.475 815.121 6.055 901.042 468.822 456.49 159.966 443.543 54.86 857.458 320.182 663.986 221.787 587.933 211.015 948.063 11.267 427.693 719.035 806.548 594.185 233.021 604.849 6.415 966.951 28.646 463.431 219.755 816.072 971.968 895.552 67.124 751.13 525.863 88.618 690.42 645.64 564.375 827.435 208.929 961.707 152.186 46.235 787.143 68.371 830.406 782.661 241.867 542.856 72.127 176.941 726.682 8.12 986.098 363.914 550.694 368.681 459.792 227.741 36.812 483.288 504.137 980.488 401.065 27.451 416.232 695.731 221.589 484.336 17.722 941.579 450.734 197.664 423.74 655.708 516.242 891.235 208.998 814.207 432.233 739.243 319.787 660.075 899.743 862.081 996.553 723.244 504.44 584.396 381.088 110.091 892.825 669.109 890.529 739.445 480.421 146.41 874.025 368.468 628.297 555.47 926.845 558.016 998.903
819.847 812.546 451.359 810.593 772.274 545.761 242.005 283.956 186.396 376.091 810.893 72.221 582.462 1000000000.0 831.378 21.102 128.925 364.22 213.288 91.674 973.337 453.036 51.066 952.078 375.883 377.693 887.338 328.821 933.697 618.152 290.761 856.464 788.66 184.028 976.846 858.54 480.353 463.972 866.462 573.658 893.089 525.06 902.472 239.424 821.413 287.618 860.748 149.327 948.503 359.683 259.512 384.352 23.286 614.078 289.497 24.863 657.705 454.346 827.291 675.331 393.193 750.353 109.587 42.639 987.386 606.543 891.599 301.221 728.56 517.138 641.568 389.574 754.132 430.338 195.8 64.171 943.515 843.029 624.0 652.585 319.974 632.163 729.933 721.65 661.675 59.51 243.203 129.705 99.104 559.744 791.831 772.876 208.755 166.397 873.012 279.061 246.563 627.004 888.579 67.371 144.049 852.571 203.413 487.221 530.668 480.074 149.984 332.157 441.723 514.925 796.224 643.606 847.424 286.478 636.539 87.945 6.954 713.414 629.549 328.151 795.19 290.827 870.775 39.183 781.032 181.27 164.142 860.129 746.119 297.977 596.362 978.311 713.378 589.096 222.845 601.4 648.617 248.948 750.557 17.037 942.186 825.042 813.144 668.273 669.136 166.865 75.886 11.528 751.618 628.878 455.84 645.86 816.687 149.154 583.279 686.118 344.19 212.654 418.402 497.713 388.75 187.403 287.093 100.07 79.335 199.065 442.625 328.069 460.251 213.035 741.741 467.919 48.048 901.24 154.266 183.665 794.094 394.418 961.588 175.71 555.516 989.565 676.612 504.225 40.621 513.258 507.844 629.994 131.02 165.209 893.026 290.985 608.087 829.414 390.065 708.572 720.214 420.359 275.869 574.088
516.3 531.502 523.853 282.987 319.128 210.227 457.161 971.907 501.674 318.198 39.202 396.521 338.769 831.378 1000000000.0 922.398 664.748 298.288 292.478 160.466 404.709 33.926 540.95 108.837 602.239 736.206 389.852 133.578 259.174 733.133 435.105 343.164 922.381 875.398 891.546 475.294 827.645 144.59 348.733 515.286 448.163 606.319 696.991 358.535 286.131 440.435 122.791 693.503 914.514 547.341 761.944 768.956 551.457 487.706 915.823 175.496 678.447 506.071 739.777 186.793 246.161 306.484 254.229 469.724 514.838 481.905 831.362 381.052 187.703 841.948 72.333 660.849 881.423 970.559 197.833 123.082 268.349 272.289 99.444 247.532 694.699 662.241 388.274 719.585 37.042 389.182 140.769 810.664 231.196 10.232 116.366 859.222 699.168 34.563 213.845 84.273 559.557 137.739 266.149 47.453 920.698 872.702 968.153 654.065 393.339 4.725 240.352 17.59 302.606 491.347 411.574 432.331 996.77 446.46 248.196 216.982 935.949 2.071 640.773 694.618 181.053 397.737 262.16 31.485 263.135 1.396 983.894 672.882 855.854 670.558 169.017 916.105 184.71 313.568 133.955 626.902 477.998 28.057 642.216 385.513 492.511 7.907 677.937 174.283 474.526 5.302 106.74 476.17 94.836 383.961 930.97 384.961 964.229 803.69 589.756 777.823 172.546 813.269 82.326 283.695 107.169 119.249 223.281 486.332 949.033 462.578 492.527 836.122 926.403 725.916 882.79 228.119 364.524 125.426 277.364 139.839 62.884 279.789 969.041 637.004 675.673 758.553 571.839 533.854 278.886 796.444 85.98 997.877 897.234 154.188 589.028 17.82 728.283 539.061 481.356 627.766 267.382 963.1 293.383 561.021
892.19 372.99 782.778 425.307 684.764 15.66 690.912 137.714 935.048 232.284 575.188 433.044 110.174 21.102 922.398 1000000000.0 265.129 167.191 100.265 677.068 127.581 570.533 898.614 876.394 876.99 200.202 244.134 461.742 640.741 98.615 353.86 148.513 252.186 450.083 771.625 970.135 755.433 570.11 843.217 723.133 3.745 359.238 548.515 582.098 291.999 575.437 778.644 31.327 741.811 781.61 221.788 50.907 575.802 422.741 148.665 870.822 240.834 243.159 602.841 464.293 221.361 923.673 80.846 621.274 761.858 12.058 928.791 715.518 118.401 954.804 339.581 107.265 51.943 900.635 275.778 613.509 698.567 161.178 237.037 102.1 974.008 325.934 464.924 644.281 59.834 818.358 673.645 440.402 208.427 103.851 397.422 739.431 828.991 253.396 313.047 396.832 127.276 284.442 981.936 702.736 565.662 160.475 754.701 904.96 811.383 672.277 958.858 81.071 284.046 813.14 590.235 660.076 267.699 341.905 354.611 249.745 134.545 328.807 389.577 289.664 928.535 444.728 691.654 283.994 902.433 136.271 382.931 258.425 375.362 276.197 913.528 938.892 325.639 922.216 26.263 645.292 680.52 589.031 596.33 836.772 199.12 89.093 471.402 802.502 10.892 835.801 754.321 354.639 856.431 317.078 595.765 479.087 620.491 229.737 539.907 617.778 111.144 783.273 341.144 139.826 820.024 626.902 582.065 130.866 465.548 49.565 28.469 8.213 982.846 452.074 174.112 812.778 537.333 107.418 769.196 401.776 380.57 167.897 340.268 657.681 418.493 258.129 598.178 979.303 131.841 579.372 139.399 219.232 38.344 542.697 359.44 293.103 435.45 199.639 60.544 338.995 117.836 435.239 436.116 438.851
928.55 912.545 665.993 369.433 659.962 942.025 390.466 109.016 350.313 633.341 993.947 906.324 788.012 128.925 664.748 265.129 1000000000.0 529.1 770.145 981.815 49.879 630.905 60.086 275.331 365.61 776.244 882.954 552.947 385.545 439.998 345.03 572.071 545.739 846.585 979.365 779.824 111.178 503.886 296.697 49.588 608.842 631.694 272.289 869.105 899.641 771.403 681.678 215.549 616.333 776.002 159.397 343.706 141.279 338.203 320.92 69.296 771.333 837.531 828.377 866.068 223.174 211.166 679.061 72.039 39.759 155.477 211.062 215.747 746.53 107.21 898.731 666.989 373.128 447.078 792.95 770.622 74.803 355.959 911.459 911.684 82.627 527.805 907.737 343.227 91.383 104.011 833.129 57.131 96.481 38.871 70.912 444.247 181.69 409.888 887.712 129.337 32.111 452.63 599.614 283.89 934.991 667.558 789.524 784.506 646.27 784.092 943.349 429.787 952.287 958.304 818.949 218.182 539.323 714.056 199.881 709.874 311.432 295.475 253.594 131.542 99.487 472.343 108.446 30.155 801.279 933.96 819.568 963.075 402.336 880.443 454.475 864.364 907.628 507.962 377.483 869.823 164.244 772.987 280.18 195.606 357.318 984.763 551.241 118.747 667.786 600.02 456.821 650.669 113.826 633.976 991.145 639.083 226.723 876.726 874.129 538.841 170.493 58.504 814.526 706.027 178.74 684.656 144.369 561.983 448.938 348.84 715.051 478.829 812.739 966.609 729.427 402.5 796.697 581.95 944.327 581.736 276.287 482.134 711.173 781.763 702.756 695.796 345.661 759.149 820.179 286.284 378.483 666.875 464.775 298.681 334.773 547.277 728.206 491.93 736.285 748.492 832.552 929.375 213.838 210.868
660.356 155.524 786.328 151.101 388.231 528.489 523.111 71.737 17.796 325.679 617.745 594.951 621.304 364.22 298.288 167.191 529.1 1000000000.0 862.209 728.127 199.337 776.332 24.123 641.867 89.895 215.47 913.311 129.879 43.342 675.596 694.735 663.17 998.248 964.655 101.06 191.214 99.182 178.117 174.834 301.319 641.527 400.936 837.815 725.84 322.563 492.148 518.379 198.643 436.384 279.363 458.874 750.81 942.0 487.185 755.001 245.13 751.554 777.697 133.607 456.24 737.972 494.765 873.958 786.792 278.423 958.808 183.565 229.133 192.596 464.701 882.772 17.871 327.927 44.739 235.18 835.491 852.038 214.478 223.393 929.889 322.232 763.163 270.085 958.611 140.315 740.872 751.393 372.532 532.082 139.402 21.387 761.824 787.565 635.68 957.742 930.137 51.359 947.717 568.439 231.168 312.376 90.158 576.071 4.847 786.272 910.886 2.113 544.372 57.883 926.715 50.873 138.754 711.384 186.378 782.117 210.935 491.515 505.395 901.997 88.191 678.1 661.059 417.666 440.97 227.686 671.176 936.236 944.671 245.294 919.525 452.344 868.955 336.834 456.014 246.396 35.029 940.764 829.49 441.269 416.364 201.145 694.742 580.134 816.349 132.741 83.208 860.344 555.179 307.216 536.223 204.731 980.228 26.759 959.968 174.005 678.004 142.877 330.689 864.959 774.306 209.756 77.875 284.904 220.612 34.275 736.522 748.692 775.947 612.968 102.771 971.543 452.173 84.074 75.053 638.122 841.938 396.399 652.045 590.641 821.414 202.027 396.269 548.942 850.795 399.628 191.76 431.771 690.806 146.97 12.104 45.787 169.1 573.388 766.37 791.043 131.657 487.77 991.168 347.704 301.288
33.198 807.735 856.927 124.689 292.696 95.014 905.18 767.759 149.974 310.04 955.555 379.169 330.318 213.288 292.478 100.265 770.145 862.209 1000000000.0 259.329 701.518 596.877 297.989 204.802 405.411 81.345 415.244 625.537 633.479 424.785 191.038 127.751 23.787 762.996 406.171 159.255 673.122 608.174 535.354 581.277 925.51 508.17 884.42 330.13 200.598 48.821 12.87 397.762 99.469 70.639 501.419 141.276 972.403 440.844 923.359 658.257 765.67 899.167 330.947 355.544 859.034 276.781 299.117 675.311 568.767 353.102 496.202 216.311 853.747 459.387 117.39 285.174 57.483 755.915 969.709 703.912 123.211 368.94 25.389 338.043 234.081 393.289 357.945 196.533 233.743 886.72 830.792 569.454 681.317 930.146 133.993 577.802 236.259 172.215 898.322 108.478 784.729 513.154 60.838 898.92 722.825 127.544 697.212 345.459 573.867 891.528 25.139 622.974 532.811 301.292 159.895 13.477 543.72 686.335 513.549 550.291 428.132 952.56 915.1 575.667 534.396 920.043 294.532 347.858 236.404 972.55 278.013 450.607 18.325 252.714 538.884 48.916 974.903 406.799 746.909 23.333 529.427 515.213 719.512 492.131 481.923 634.304 137.383 798.923 364.091 877.599 737.044 132.688 363.97 995.744 443.727 523.26 337.664 439.817 97.628 817.988 460.413 221.237 208.871 877.209 581.528 466.895 463.451 449.159 271.998 970.076 611.833 943.005 421.775 358.681 622.759 213.883 280.629 269.919 526.515 789.099 814.603 648.227 92.622 354.693 165.758 605.641 18.759 422.587 760.266 308.093 602.885 960.675 200.442 379.451 462.164 74.958 21.826 750.329 793.447 92.313 425.131 258.257 160.364 477.861
64.345 654.771 586.29 298.099 921.115 129.163 688.465 139.888 539.433 428.831 892.887 852.886 694.516 91.674 160.466 677.068 981.815 728.127 259.329 1000000000.0 474.072 818.409 540.337 990.527 863.919 221.785 478.221 820.016 833.821 539.233 583.564 591.328 48.428 971.205 77.707 208.951 129.8 567.876 524.516 635.774 552.146 786.872 94.696 953.023 613.415 374.748 695.684 545.335 747.081 257.956 228.404 468.321 646.763 753.2 84.932 32.166 535.174 184.689 373.84 953.828 532.295 516.298 307.098 126.561 961.177 898.443 870.014 257.411 470.205 82.181 633.962 534.067 762.501 495.917 461.277 300.703 416.824 661.798 258.338 385.804 456.04 813.377 499.187 752.645 536.27 486.845 848.422 264.384 357.148 515.46 853.519 355.465 404.375 171.607 287.995 21.41 151.405 910.795 187.343 829.364 903.838 301.19 977.213 594.838 447.553 799.291 408.971 768.067 575.417 413.075 788.329 379.506 645.438 753.639 968.829 945.638 432.888 538.943 926.328 36.012 335.066 137.38 526.403 484.267 55.095 501.272 374.435 928.823 571.802 996.515 789.093 387.147 39.345 326.957 432.112 725.288 950.251 22.781 183.818 272.204 45.04 363.288 505.603 850.155 742.512 638.027 722.691 336.071 657.73 294.6 281.157 929.459 323.784 162.197 56.805 167.075 998.53 88.869 731.072 372.255 903.07 287.55 727.66 489.059 563.888 576.337 230.691 113.263 243.051 346.277 424.621 720.581 805.03 776.33 699.61 766.563 90.973 867.384 212.647 726.319 88.91 861.907 68.584 906.713 906.319 945.563 30.041 159.541 712.11 356.363 580.124 253.37 417.076 810.295 593.808 913.014 328.779 378.55 343.427 130.608
576.931 586.842 962.779 463.579 636.775 95.552 292.856 233.29 83.889 854.038 694.559 934.247 203.935 973.337 404.709 127.581 49.879 199.337 701.518 474.072 1000000000.0 69.228 692.245 430.406 874.202 908.396 591.156 512.249 712.045 674.197 360.634 716.309 62.994 337.975 443.702 269.17 931.092 801.408 647.977 28.374 14.591 988.201 652.56 935.11 406.718 675.573 200.345 322.687 199.382 535.953 578.515 112.572 939.263 911.943 11.088 199.747 671.454 956.153 179.945 421.091 842.522 159.672 669.025 463.333 284.585 244.073 812.659 986.975 937.185 719.1 993.87 424.062 358.058 711.322 328.655 447.627 244.703 826.616 582.703 146.649 992.313 286.894 301.091 982.727 889.312 848.581 849.148 435.778 821.423 699.591 619.234 333.564 520.287 347.768 763.769 84.204 530.017 932.437 716.761 209.627 973.483 800.433 952.671 414.523 797.264 346.699 229.626 639.653 652.919 991.932 230.757 900.099 748.33 641.086 448.787 984.663 253.159 61.477 735.572 595.542 389.72 748.913 786.493 704.581 751.395 78.777 102.906 185.907 329.385 767.023 695.84 617.852 122.54 263.527 184.937 112.486 989.712 763.211 714.089 41.831 928.954 287.488 505.495 555.44 302.692 496.169 746.945 515.66 695.206 798.804 233.019 683.341 795.822 502.388 320.423 778.959 634.551 175.705 173.817 711.482 355.789 850.714 922.91 359.161 794.867 698.196 259.332 668.376 199.759 193.56 7.843 780.586 458.385 878.958 255.68 347.865 157.779 511.696 405.734 421.126 167.092 949.873 690.215 181.281 246.724 71.674 653.828 781.505 46.755 724.848 247.26 235.897 138.078 81.436 673.849 937.589 136.254 177.902 691.042 61.74
833.541 133.642 719.879 675.725 252.144 229.628 522.117 873.19 543.595 812.329 621.722 533.813 824.676 453.036 33.926 570.533 630.905 776.332 596.877 818.409 69.228 1000000000.0 639.396 476.594 31.534 318.675 398.899 588.112 850.258 7.433 904.149 577.601 633.032 367.544 352.574 277.393 451.322 796.637 33.671 164.962 556.8 93.411 925.595 860.999 96.721 462.409 576.912 573.52 451.62 672.422 716.814 809.655 378.857 794.089 618.702 470.385 516.198 700.324 347.82 503.242 231.771 585.274 12.377 994.753 568.038 940.828 334.907 764.805 1.075 426.877 655.744 530.096 506.311 305.121 432.853 382.683 767.271 641.77 913.685 48.748 300.87 65.115 961.682 935.655 135.502 458.52 158.076 20.211 881.558 395.818 914.727 533.939 49.795 940.712 973.493 674.373 814.938 247.436 89.986 288.859 113.693 510.694 930.999 960.484 648.005 660.13 604.008 73.79 980.219 928.006 344.72 822.215 638.092 141.035 294.511 28.12 724.332 226.682 35.284 265.737 911.6 163.667 884.345 689.701 222.133 866.294 121.832 9.095 65.129 351.953 181.402 931.256 875.718 704.209 589.462 513.235 328.195 291.155 770.063 928.172 631.759 785.158 334.871 904.914 27.129 740.706 907.846 41.263 33.768 203.265 43.711 794.686 314.064 661.342 449.877 78.889 185.821 560.01 930.969 725.01 508.745 824.117 920.9 263.285 381.495 826.19 26.672 22.833 880.539 827.56 538.797 77.192 717.19 284.257 251.565 915.76 350.249 13.791 128.668 7.274 758.3 360.085 670.995 539.202 281.548 121.553 636.205 26.419 756.075 761.458 198.877 863.521 773.268 280.308 979.05 433.336 514.082 171.621 191.297 591.087
114.977 652.109 102.215 697.567 422.514 737.902 382.247 202.721 92.724 524.518 902.661 112.47 274.365 51.066 540.95 898.614 60.086 24.123 297.989 540.337 692.245 639.396 1000000000.0 272.728 515.048 15.269 780.501 387.542 394.1 106.041 367.172 800.224 898.872 816.981 542.039 579.841 216.227 123.763 758.812 858.752 229.775 276.784 401.763 718.368 822.79 41.174 343.953 604.292 227.222 418.933 155.83 454.26 310.842 472.524 933.09 637.829 280.461 141.298 163.574 279.684 280.089 850.178 130.068 355.12 350.164 921.905 463.435 846.905 855.299 18.11 917.357 885.361 565.463 631.343 380.2 355.879 51.233 126.07 575.562 480.295 559.363 656.205 561.191 356.228 258.633 474.367 523.673 94.478 445.009 147.363 951.518 692.907 84.914 690.225 106.906 84.357 612.984 623.684 247.261 613.127 755.81 213.342 485.022 638.558 508.644 835.841 495.992 395.244 817.491 714.156 230.36 120.748 56.634 462.404 650.12 646.452 648.112 578.468 771.427 326.799 441.51 455.016 963.431 782.059 715.274 443.76 951.559 263.318 668.603 179.465 433.103 238.921 486.375 241.522 439.39 710.92 488.483 297.781 958.227 697.466 331.261 775.987 691.699 430.585 582.205 528.643 434.901 32.1 108.55 843.866 670.278 454.41 785.607 510.801 603.138 383.211 205.265 425.488 109.012 745.326 736.443 321.419 499.061 757.446 735.093 935.421 207.124 712.744 959.091 304.75 854.479 283.775 669.922 247.377 283.717 486.797 138.148 577.393 924.839 961.759 449.783 405.544 102.972 217.38 661.306 966.241 295.438 308.99 121.632 416.739 261.066 652.04 756.241 160.088 135.521 160.503 807.839 139.265 56.895 746.989
637.307 182.968 198.393 287.665 560.988 686.131 884.515 747.696 286.535 931.792 519.144 803.577 329.338 952.078 108.837 876.394 275.331 641.867 204.802 990.527 430.406 476.594 272.728 1000000000.0 271.585 839.098 971.917 199.427 162.484 694.824 27.066 965.306 248.81 466.26 96.08 756.635 798.122 2.718 65.015 479.172 35.033 426.091 553.84 411.707 636.476 123.746 949.342 707.322 227.221 576.639 633.672 443.288 355.647 872.212 51.819 100.22 955.806 343.146 104.542 303.681 577.232 19.936 252.683 656.807 468.531 923.987 269.218 212.045 715.221 403.075 169.907 989.491 731.163 384.917 380.538 706.932 372.795 977.035 49.598 993.589 152.155 752.554 89.205 995.907 666.773 884.791 714.043 336.458 295.48 585.653 516.482 130.082 364.987 87.719 786.954 45.425 346.635 171.734 432.817 991.013 264.803 194.443 253.731 790.924 301.371 224.564 347.89 121.608 76.656 882.775 292.311 685.788 188.745 737.293 91.538 716.005 847.646 633.454 569.757 956.514 640.392 837.542 456.378 789.029 690.39 657.536 67.297 924.307 39.618 455.901 897.035 169.731 826.522 644.403 17.167 871.415 476.07 588.413 294.477 165.218 386.355 649.051 327.503 441.073 136.314 242.375 94.14 329.282 780.797 35.823 4.203 899.912 861.747 671.162 362.022 369.105 53.029 358.221 165.177 356.424 8.098 66.928 211.941 431.09 153.175 648.45 404.045 355.453 38.875 415.128 917.226 753.172 917.993 674.894 418.065 455.925 232.544 245.613 918.08 945.684 470.079 229.516 914.55 531.916 314.132 592.572 282.734 875.918 289.359 616.646 558.439 136.044 171.039 540.225 413.322 819.449 662.153 536.446 620.342 771.327
514.302 722.946 865.803 944.111 598.368 591.274 680.662 962.263 368.202 243.806 968.443 449.609 426.433 375.883 602.239 876.99 365.61 89.895 405.411 863.919 874.202 31.534 515.048 271.585 1000000000.0 629.978 34.94 996.499 965.499 875.909 98.39 775.306 326.067 385.774 254.485 746.459 812.04 470.69 339.64 68.237 308.398 219.973 957.382 556.879 844.97 449.356 196.833 628.15 3.887 309.357 429.159 499.085 895.148 728.088 978.491 385.036 26.922 462.345 89.176 748.326 948.515 843.331 229.877 405.939 890.604 755.369 413.506 258.102 566.738 415.172 329.592 80.736 731.243 898.313 507.63 209.991 996.999 880.985 404.205 753.233 852.766 103.222 817.986 520.412 970.671 215.145 376.584 667.607 116.276 847.085 33.773 653.579 304.228 318.219 299.149 683.982 881.102 189.626 584.309 226.282 801.575 422.667 535.615 459.586 901.904 22.892 403.504 762.13 320.402 570.538 179.595 713.115 447.258 224.73 695.285 708.446 599.867 508.363 674.556 266.183 647.828 599.226 621.206 570.661 189.935 886.786 847.741 111.961 545.603 283.877 56.886 43.483 962.307 133.52 419.773 815.794 733.624 870.004 811.918 189.579 851.392 845.569 430.899 601.322 216.794 853.113 727.023 776.681 719.914 356.756 983.747 193.753 439.051 888.226 97.429 420.907 423.312 184.447 585.606 825.805 677.615 921.118 811.829 784.258 73.908 861.315 446.767 788.925 896.241 587.478 989.549 54.837 695.649 711.802 978.247 987.542 251.412 54.832 999.492 468.159 722.816 308.794 222.206 725.436 991.439 984.957 841.629 517.985 471.357 589.652 66.358 136.63 365.729 858.239 643.988 98.476 366.657 111.436 660.868 142.546
