200
1000000000.0 875.553 191.341 601.403 582.502 895.299 883.457 111.003 243.58 941.014 515.971 384.78 43.819 52.873 770.242 575.683 773.581 947.51 483.759 620.26 795.994 97.898 793.395 699.02 780.957 197.931 918.874 568.11 273.531 441.868 645.814 105.177 192.312 732.636 235.618 398.886 438.066 845.407 165.133 982.268 420.143 18.671 759.211 784.718 96.888 428.02 715.588 948.938 722.475 643.789 947.556 499.034 217.142 57.335 653.772 771.321 398.878 660.226 917.098 823.61 189.602 347.502 910.195 789.244 489.039 361.425 586.728 906.594 40.69 980.063 185.911 724.758 417.177 439.218 318.769 611.693 146.907 7.774 918.824 204.23 575.785 234.538 966.664 328.214 793.211 610.146 274.101 355.465 810.021 681.839 398.255 641.677 847.174 310.495 864.541 904.201 273.119 866.62 344.638 611.003 263.537 584.888 552.844 34.598 350.329 172.568 629.924 386.157 153.217 762.633 837.341 959.422 731.214 586.396 681.296 574.391 801.025 13.614 650.601 268.198 706.039 728.913 43.049 639.133 386.808 482.255 321.749 493.891 204.53 166.621 702.228 382.144 29.149 664.773 33.838 999.833 763.259 291.978 176.799 843.13 970.845 580.809 760.899 360.329 865.091 773.994 797.902 736.95 822.399 439.354 11.582 3.909 817.224 808.814 567.708 443.097 624.078 867.634 511.494 816.674 291.925 521.524 825.667 840.16 558.854 709.208 509.15 226.096 126.719 85.845 55.903 65.801 729.074 724.952 889.716 14.426 704.759 134.954 45.892 978.259 314.592 132.846 441.221 824.416 189.316 133.95 879.005 401.738 259.16 186.986 219.582 361.478 355.455 152.298 863.772 551.775 388.379 885.913 223.814 379.907
875.553 1000000000.0 344.687 893.803 479.722 265.544 963.531 452.167 382.254 510.817 672.638 894.697 622.762 276.616 602.225 200.237 682.493 755.399 462.281 32.97 985.429 19.169 651.634 943.286 752.286 151.618 393.235 22.607 971.469 125.244 851.045 798.442 430.852 484.445 491.182 269.644 345.341 495.337 300.175 136.323 895.937 177.265 721.275 772.298 445.3 107.481 964.233 373.634 294.715 940.82 393.49 91.108 216.619 58.429 442.479 813.213 517.678 956.58 779.935 178.55 661.164 618.062 494.413 298.282 208.854 190.486 175.916 944.189 430.103 612.006 601.145 599.698 269.134 959.799 325.474 837.221 311.296 724.911 327.901 376.58 61.035 312.477 567.512 565.01 288.373 98.236 349.971 372.14 66.699 418.092 900.541 868.962 540.383 685.977 943.616 137.191 718.378 620.438 693.687 912.731 986.6 67.867 388.081 128.092 510.452 361.214 511.006 21.052 965.464 922.413 976.088 138.467 97.478 793.64 467.38 670.57 211.817 385.302 965.007 700.548 310.184 164.395 126.282 548.274 539.0 305.912 779.871 873.478 408.615 575.593 886.886 280.367 50.426 198.434 565.488 199.694 539.502 48.139 676.637 830.168 21.524 668.49 339.287 223.376 449.102 152.662 657.28 510.36 377.608 412.703 958.437 213.264 591.064 19.917 381.141 873.417 233.657 943.994 910.962 199.92 284.372 907.399 91.081 142.36 247.169 458.744 611.842 305.424 475.396 398.985 432.476 988.674 386.782 557.272 563.743 716.317 713.333 914.178 274.303 314.937 409.837 248.459 180.319 560.249 134.707 952.372 450.454 65.404 713.41 91.856 788.627 755.487 758.129 439.73 197.579 973.236 457.192 770.401 32.994 964.98
191.341 344.687 1000000000.0 58.823 4.222 749.969 854.235 328.098 829.01 297.851 33.601 913.993 70.511 119.988 336.258 663.148 630.29 968.997 174.346 237.068 424.163 917.234 247.142 812.234 393.786 101.025 946.389 781.259 366.51 777.529 638.053 292.747 956.073 615.049 70.045 304.589 717.915 13.318 255.004 337.919 643.322 465.469 444.585 74.655 946.881 158.429 803.896 736.987 953.254 512.152 319.344 644.508 253.905 774.605 698.318 320.609 450.204 230.835 105.413 610.32 488.185 155.677 437.462 840.398 304.598 592.99 584.498 659.948 806.876 397.737 835.404 550.909 354.9 611.052 1.046 982.478 199.095 823.79 816.645 277.324 352.319 239.808 663.102 821.314 453.998 991.189 631.463 345.231 869.076 974.823 754.984 775.359 564.425 772.313 409.253 669.97 915.744 778.887 92.814 294.064 317.192 125.098 256.554 37.866 282.831 637.577 625.818 593.66 668.857 61.689 625.273 806.778 937.138 16.936 148.244 557.068 399.84 393.838 197.431 438.679 151.489 730.281 309.213 479.792 37.886 208.935 194.64 118.998 111.075 104.672 868.898 102.47 793.318 710.729 317.903 164.639 868.607 168.105 796.096 599.347 986.368 186.156 369.269 944.397 874.006 203.363 948.622 679.22 496.665 493.762 31.031 883.02 703.345 28.563 793.142 46.818 881.894 948.645 921.093 403.162 303.728 943.213 109.098 257.52 152.51 774.339 587.598 87.565 184.522 647.443 508.036 807.318 526.152 383.683 336.287 521.017 265.015 533.464 551.539 370.657 571.028 160.821 517.296 258.142 224.799 666.989 471.996 8.435 316.566 322.419 739.218 607.484 543.497 539.359 670.825 385.177 914.492 856.639 970.639 13.534
601.403 893.803 58.823 1000000000.0 538.112 362.823 507.65 769.614 737.636 938.488 35.48 898.296 433.604 133.313 352.856 214.921 302.377 194.522 444.268 116.706 714.298 504.42 406.807 235.397 652.239 999.227 912.977 336.219 756.668 357.347 113.665 389.707 125.261 168.504 505.165 682.684 487.566 17.8 385.972 773.788 256.537 973.881 47.311 705.938 345.275 430.247 725.014 925.728 680.046 14.791 766.229 517.166 329.279 236.081 164.958 100.151 344.358 362.558 680.285 620.237 142.276 42.881 322.596 971.857 937.099 957.224 432.662 354.445 495.216 961.437 938.542 541.752 5.809 87.571 685.114 567.511 253.189 610.847 569.247 614.163 767.896 748.227 534.323 790.386 662.234 386.326 781.279 341.833 97.861 238.475 657.831 435.496 976.153 772.309 748.088 222.946 931.969 131.431 146.953 349.65 78.562 492.495 161.424 843.821 283.565 321.246 360.715 320.167 761.663 37.465 871.273 735.043 217.33 728.657 382.68 986.359 248.634 746.647 705.064 235.084 363.645 707.394 99.228 764.729 144.052 682.336 991.379 355.017 783.649 834.319 743.387 994.604 822.703 580.263 430.563 754.396 349.717 458.69 358.435 954.76 942.019 73.261 380.118 467.963 856.498 478.646 359.616 899.026 707.915 96.194 635.008 557.661 757.749 208.687 789.214 469.962 613.817 700.223 885.384 182.495 303.61 979.986 807.087 23.168 264.793 549.138 261.873 821.802 753.694 445.086 932.779 407.031 940.895 859.82 182.941 477.43 237.689 625.656 12.127 614.515 800.135 412.575 304.325 658.081 747.981 937.075 343.12 160.755 663.045 701.824 82.674 695.36 25.243 348.59 85.145 7.776 904.142 381.6 313.913 65.891
582.502 479.722 4.222 538.112 1000000000.0 802.53 121.925 149.864 384.786 204.431 927.491 572.074 551.06 209.211 986.009 718.704 668.644 901.042 260.92 46.085 164.245 199.566 846.479 1.973 21.982 872.21 939.638 706.506 142.79 904.626 327.069 138.481 859.29 99.348 832.934 13.736 500.519 268.435 789.214 214.376 321.302 783.767 414.887 132.348 673.983 868.316 517.811 412.715 154.395 565.139 713.364 274.73 718.24 767.645 446.801 197.509 735.574 522.023 821.313 594.997 57.756 698.969 461.651 692.888 196.16 855.311 863.571 537.012 961.174 249.39 749.761 524.148 875.212 923.974 20.005 79.37 656.739 563.314 728.488 846.042 73.078 847.822 324.815 580.041 709.415 125.468 993.77 433.148 252.691 336.768 584.147 404.698 452.339 4.543 786.006 803.854 7.242 994.824 271.407 19.444 761.973 558.921 363.975 709.704 56.844 622.392 243.638 129.945 484.573 371.31 418.739 534.841 988.333 687.87 358.992 881.831 127.533 567.244 303.459 896.955 242.269 219.98 467.873 479.324 603.739 87.67 857.874 419.105 472.803 133.975 882.301 860.519 777.16 70.619 120.173 366.287 220.168 586.395 752.297 950.342 985.817 79.08 886.802 552.696 460.266 11.077 647.652 689.209 610.17 502.332 457.874 148.289 378.178 368.879 457.702 41.496 883.237 594.104 706.824 99.292 757.408 245.867 963.978 143.755 100.07 753.728 133.895 399.628 745.09 228.661 369.512 887.5 742.789 401.758 778.187 24.156 600.646 11.492 118.529 400.995 939.838 325.582 261.907 785.707 593.642 636.777 578.407 611.892 975.686 892.557 435.525 238.992 908.096 112.878 593.525 177.885 157.372 628.341 451.807 894.78
895.299 265.544 749.969 362.823 802.53 1000000000.0 980.69 153.848 965.643 492.589 441.505 484.931 690.724 719.193 157.81 65.749 863.184 838.816 607.123 75.387 382.091 789.567 553.96 915.825 126.599 173.7 203.643 132.748 503.607 822.332 745.082 800.344 972.868 857.706 439.929 64.231 581.413 951.032 150.553 940.992 993.883 447.799 439.758 25.508 485.869 323.563 582.266 780.391 929.154 474.779 181.827 743.964 950.005 383.188 615.182 534.101 562.344 476.601 356.036 481.187 161.701 773.921 964.327 197.17 671.191 250.872 448.894 450.722 3.349 100.936 345.431 296.386 679.774 613.741 531.76 626.316 472.069 533.924 283.771 791.384 974.093 171.664 90.485 944.385 672.022 410.842 783.283 918.294 389.149 542.544 372.504 749.862 477.681 645.147 339.215 33.801 19.23 632.791 989.572 76.699 785.937 638.23 504.833 839.707 938.159 381.448 308.496 590.959 839.897 387.154 759.41 598.719 870.889 675.479 318.68 994.36 212.395 767.033 58.092 863.702 124.117 33.692 970.355 372.901 436.062 307.309 866.204 442.691 283.411 634.057 176.32 715.644 964.445 14.123 361.972 628.638 300.211 616.734 696.119 532.851 573.714 385.3 129.28 364.179 661.374 9.141 170.832 435.041 280.456 838.702 466.486 173.21 807.741 303.904 50.759 677.167 555.196 968.075 580.555 536.745 724.434 792.079 406.927 224.407 411.134 721.767 314.911 138.552 367.157 464.834 369.534 261.838 174.119 784.124 996.35 399.598 447.2 151.712 764.455 718.551 466.138 134.635 898.899 543.721 770.745 215.964 705.004 379.513 138.426 511.332 480.894 447.785 336.275 117.8 553.792 989.354 535.503 529.978 161.881 552.804
883.457 963.531 854.235 507.65 121.925 980.69 1000000000.0 734.438 606.425 549.905 45.975 291.234 690.361 461.009 495.709 346.183 101.163 971.423 450.161 317.747 94.516 368.719 267.208 12.291 747.018 205.911 846.664 891.51 273.138 292.598 187.072 24.73 608.288 864.959 551.858 210.587 674.573 348.241 855.047 763.73 146.935 53.384 837.532 332.568 626.457 195.514 333.642 820.462 808.378 233.979 246.375 406.307 956.559 928.841 325.25 586.01 217.527 350.908 807.045 550.564 320.553 849.407 588.053 338.156 714.661 552.228 256.206 860.294 918.762 770.248 154.413 364.496 664.315 201.137 537.033 679.037 566.625 126.185 211.638 282.172 336.508 966.738 379.424 982.962 439.44 132.684 119.4 332.291 77.742 450.578 731.183 32.18 734.482 459.322 171.68 254.695 753.649 590.78 160.479 335.913 802.898 645.873 318.02 216.681 788.723 956.584 918.62 650.267 716.045 887.495 335.611 515.091 101.272 363.004 796.985 956.931 16.802 366.985 977.835 608.993 821.572 441.917 590.839 666.548 242.821 993.031 773.722 93.049 672.611 211.583 659.542 960.415 137.52 880.966 120.13 507.635 16.331 136.563 616.597 433.968 715.036 718.655 19.122 159.035 852.701 608.984 235.839 811.701 541.868 422.091 380.073 677.918 15.242 969.894 274.315 311.968 616.474 627.417 866.98 17.844 890.556 836.676 887.125 308.418 229.365 602.136 593.03 60.362 444.771 509.638 785.891 484.731 159.75 540.687 486.166 495.381 285.581 329.778 864.951 370.299 16.668 724.495 574.9 617.104 995.309 822.367 877.862 17.611 1.495 493.943 678.274 421.386 789.089 376.911 850.23 761.52 555.394 680.347 918.605 760.966
111.003 452.167 328.098 769.614 149.864 153.848 734.438 1000000000.0 357.826 456.035 746.52 349.308 84.02 595.647 60.326 893.456 98.351 580.101 377.2 700.672 122.085 469.374 286.106 725.181 218.202 400.009 371.27 926.003 808.556 966.714 652.377 182.311 699.352 219.193 242.191 432.299 216.641 675.45 69.19 110.677 418.117 955.45 278.292 944.873 349.83 270.369 925.963 846.67 530.317 709.156 493.964 529.937 849.232 442.612 174.843 764.868 143.436 132.704 696.514 184.288 907.552 649.662 23.272 858.763 374.174 576.235 944.205 362.41 904.306 167.424 428.691 404.695 689.753 250.478 849.953 436.67 393.646 438.917 708.293 995.579 828.778 76.968 851.434 615.126 764.022 85.732 329.353 227.609 515.289 31.023 943.956 759.091 68.875 810.474 758.441 786.202 16.7 268.063 659.232 735.321 99.963 433.486 105.854 121.532 185.604 459.538 674.004 610.375 935.787 231.657 734.36 12.064 256.733 251.929 856.03 368.061 48.59 286.726 91.525 202.349 411.219 313.714 122.107 757.319 185.109 94.93 406.902 385.997 183.274 517.63 48.042 318.069 105.783 770.788 686.005 442.429 786.992 536.269 8.413 850.033 632.507 31.353 340.634 600.063 41.333 41.658 835.093 641.831 863.924 601.396 875.774 655.094 867.581 202.549 805.79 490.037 536.051 6.706 582.433 222.609 767.258 896.191 606.359 179.222 610.586 617.909 754.188 250.18 314.162 348.91 372.27 273.095 848.237 763.121 695.983 556.613 4.425 569.952 796.1 572.041 866.105 486.59 122.707 440.771 878.61 340.1 674.775 598.051 442.986 379.149 141.391 992.202 755.679 566.13 455.316 921.836 49.902 292.438 631.731 182.13
243.58 382.254 829.01 737.636 384.786 965.643 606.425 357.826 1000000000.0 606.702 212.991 988.451 819.858 653.631 908.77 918.178 958.554 470.785 220.842 918.632 512.416 916.168 527.979 410.369 748.49 872.999 207.402 785.879 453.101 647.263 856.247 900.08 242.685 208.13 249.335 842.008 64.152 794.79 827.249 162.362 9.802 722.538 95.434 910.094 259.96 796.412 292.931 693.13 498.608 706.033 581.756 782.391 974.173 578.02 502.45 890.152 925.834 351.585 277.148 918.162 122.54 505.873 302.538 131.597 764.578 607.016 106.128 563.774 162.95 322.518 387.407 669.663 659.541 168.464 610.136 498.944 834.068 343.522 950.782 553.654 713.664 104.508 376.459 254.291 452.06 923.414 284.151 858.685 491.281 636.472 728.528 455.213 511.385 503.153 414.338 901.715 400.633 241.309 443.035 754.699 858.851 293.129 957.865 206.883 226.336 521.882 171.434 756.305 25.788 971.969 135.845 125.153 844.925 73.387 404.942 821.188 33.709 51.961 193.466 160.634 115.528 155.493 397.063 717.533 617.933 558.155 787.804 246.376 182.148 608.307 259.691 417.33 276.362 904.401 83.561 414.929 495.946 614.962 721.559 138.567 139.571 550.73 828.407 855.326 961.979 399.92 157.709 902.857 841.312 646.413 989.516 237.008 492.931 962.511 68.216 684.96 368.942 187.306 46.378 621.473 470.169 774.237 463.925 944.657 933.442 226.262 873.269 697.089 882.151 374.839 417.133 672.554 324.345 17.067 350.338 240.864 297.846 347.008 12.626 353.921 731.203 311.244 104.312 264.349 599.564 224.111 789.176 794.34 406.97 933.68 157.927 833.957 479.0 426.684 253.367 412.263 354.218 144.722 983.728 228.041
941.014 510.817 297.851 938.488 204.431 492.589 549.905 456.035 606.702 1000000000.0 748.273 835.233 553.367 309.573 60.012 731.948 753.435 206.866 112.032 843.722 677.044 614.967 360.248 240.427 19.388 847.064 527.123 622.117 67.357 869.747 842.464 955.601 677.508 764.365 789.936 428.708 322.55 970.702 330.559 714.645 506.071 299.411 113.537 195.275 252.499 235.907 699.271 35.958 560.0 840.79 498.159 684.276 980.918 440.07 13.489 278.451 422.071 690.081 40.063 393.38 620.997 987.892 200.453 533.826 855.88 310.866 762.222 415.581 600.713 24.387 272.193 278.045 906.715 638.127 36.517 641.604 551.057 649.707 280.014 455.655 855.242 146.295 379.691 513.569 606.36 815.134 748.338 475.838 522.486 778.024 95.63 986.031 963.369 879.071 478.765 7.777 306.89 907.413 425.217 614.402 496.374 532.379 855.544 809.967 953.106 906.999 685.481 539.289 462.071 803.446 370.41 573.424 700.155 116.638 591.143 379.593 419.435 346.408 940.151 833.036 661.166 27.797 311.391 595.88 217.503 565.026 705.243 201.111 556.839 831.727 546.301 563.447 827.334 837.007 157.329 656.776 210.428 387.432 633.409 482.84 700.479 217.099 13.743 638.288 571.63 782.136 160.307 570.492 322.88 336.914 476.954 251.487 558.042 10.946 364.649 945.375 481.848 14.994 29.326 653.253 348.909 200.659 968.684 557.041 846.037 307.726 213.156 875.745 107.183 160.149 293.634 989.483 88.428 106.535 421.508 268.917 840.009 248.73 810.398 770.696 959.618 713.503 515.785 568.009 532.843 107.993 359.805 487.025 32.467 122.392 889.706 217.65 291.293 331.882 976.47 462.371 931.241 793.924 415.392 5.305
515.971 672.638 33.601 35.48 927.491 441.505 45.975 746.52 212.991 748.273 1000000000.0 486.655 135.946 810.098 571.842 23.596 579.201 967.106 218.228 79.697 259.024 324.947 517.994 400.803 412.523 360.799 146.18 461.518 642.958 370.692 339.721 699.851 344.006 807.749 535.565 975.923 299.465 611.831 831.805 715.094 617.978 283.896 547.507 560.61 841.808 402.583 45.836 621.847 545.353 318.306 849.711 506.681 486.426 967.259 478.913 854.511 800.261 502.316 313.457 146.744 359.709 679.477 654.347 128.806 633.656 77.355 233.602 446.487 162.185 372.811 577.799 170.052 128.366 626.532 304.471 681.911 588.31 824.375 707.322 727.581 902.2 590.329 175.082 126.325 624.116 715.491 253.067 750.464 733.565 297.755 978.752 954.636 147.743 751.876 852.47 199.979 552.101 484.749 697.512 29.01 70.247 362.041 674.839 164.188 754.414 592.354 173.077 765.925 360.672 411.612 936.256 286.486 846.085 149.226 447.619 147.187 991.312 184.174 867.045 897.564 377.186 330.381 191.335 908.447 188.35 428.067 988.4 511.012 252.538 320.097 48.202 661.044 973.053 504.728 669.304 566.111 685.656 152.849 835.715 590.015 130.043 119.201 301.183 653.343 287.359 130.505 825.943 400.887 176.122 992.035 140.726 127.912 407.23 481.722 629.115 626.325 225.708 634.837 681.75 582.99 98.759 997.633 982.771 332.479 152.508 148.061 44.418 539.825 843.031 303.381 253.227 890.179 86.419 277.309 915.544 466.529 446.595 319.83 777.864 924.452 706.593 654.005 359.048 433.253 68.484 973.163 639.775 833.704 468.741 452.522 706.47 628.951 355.687 337.963 987.646 604.123 942.468 565.593 84.204 543.356
384.78 894.697 913.993 898.296 572.074 484.931 291.234 349.308 988.451 835.233 486.655 1000000000.0 448.981 563.447 419.214 343.903 677.402 409.764 800.635 890.578 913.325 121.491 396.828 319.942 687.161 970.089 643.734 770.794 741.464 192.643 288.578 843.816 831.538 351.204 365.915 586.251 824.092 783.984 227.111 23.756 465.225 206.995 36.616 835.353 853.965 927.018 160.865 350.056 384.214 383.061 625.576 125.29 896.788 859.741 272.184 686.906 490.708 910.659 908.093 613.07 857.589 799.638 363.072 689.235 962.788 525.682 857.198 206.178 99.454 908.34 899.235 179.269 43.659 47.422 287.377 674.223 445.856 152.602 715.538 311.3 937.866 986.852 173.67 112.773 553.216 448.778 889.811 534.236 756.577 871.387 294.587 65.243 503.826 526.583 601.834 159.206 723.096 513.397 184.446 409.123 739.418 716.615 917.551 875.763 261.532 13.459 931.11 421.157 475.582 332.425 319.204 198.503 484.943 963.365 928.062 308.806 336.51 8.231 774.301 396.684 255.786 458.743 257.503 886.258 357.01 637.886 964.188 135.914 124.698 502.636 886.91 873.99 60.445 757.726 199.758 940.181 468.672 216.969 185.884 355.792 792.977 393.257 544.319 736.72 865.861 921.666 871.941 554.083 656.879 172.793 812.738 461.671 242.791 914.94 858.402 690.076 75.634 242.084 912.742 314.1 886.28 886.49 658.363 398.738 841.471 177.038 598.536 156.492 677.916 614.058 974.588 445.099 880.296 227.526 548.269 980.559 698.643 284.058 116.598 803.884 761.278 438.493 240.28 931.631 952.447 496.034 720.738 654.716 90.002 327.593 851.051 772.573 88.617 912.327 618.925 844.484 385.323 140.203 242.403 910.27
43.819 622.762 70.511 433.604 551.06 690.724 690.361 84.02 819.858 553.367 135.946 448.981 1000000000.0 30.377 258.906 750.92 220.934 625.607 128.83 965.204 495.243 993.851 17.975 205.204 676.735 364.248 539.747 988.586 388.985 18.591 954.554 792.686 637.162 65.528 44.229 712.68 940.349 967.688 981.185 241.053 137.185 64.705 569.908 130.269 722.743 41.555 313.898 457.346 320.728 170.939 774.586 822.47 728.214 595.046 301.862 571.973 501.964 681.974 607.792 968.47 404.386 54.597 849.371 494.826 282.569 646.449 399.254 992.856 747.955 214.2 221.462 353.876 539.631 593.871 950.358 980.108 745.395 83.314 172.016 669.098 350.415 244.312 507.035 603.817 424.752 386.788 896.829 793.635 351.254 97.455 693.982 294.774 138.626 372.239 880.517 373.849 839.486 103.407 977.593 968.469 538.233 805.569 888.503 440.414 168.617 744.657 922.085 400.896 41.357 347.669 837.471 709.784 247.195 496.773 587.65 894.374 765.546 236.748 745.341 915.283 817.762 435.975 713.407 822.84 498.098 865.861 381.956 483.962 779.305 863.546 936.904 585.452 294.159 979.496 769.057 232.819 425.187 476.896 305.815 210.781 256.385 161.692 3.001 75.253 786.334 923.814 55.68 771.185 965.394 798.303 266.726 943.428 331.37 816.68 78.157 488.472 368.626 726.196 716.833 128.726 39.881 200.151 279.487 913.659 460.931 270.908 731.281 547.575 234.412 685.794 31.45 303.596 905.873 870.715 335.017 77.993 233.77 95.08 179.548 617.832 968.512 32.629 68.044 671.194 951.054 96.003 851.965 184.687 733.001 917.784 351.551 448.388 41.407 890.048 951.591 334.801 592.662 960.152 505.481 669.76
52.873 276.616 119.988 133.313 209.211 719.193 461.009 595.647 653.631 309.573 810.098 563.447 30.377 1000000000.0 438.234 101.426 861.685 290.241 548.659 738.702 800.45 340.378 220.938 184.466 478.39 789.088 699.287 629.083 323.88 359.447 904.438 424.039 131.5 987.141 829.4 765.912 847.112 107.784 709.721 484.022 516.754 267.473 968.725 561.523 924.936 142.761 307.899 433.603 29.885 260.003 324.902 853.424 673.531 413.463 760.822 29.273 473.492 694.755 83.471 585.414 509.452 610.93 219.687 466.093 538.415 392.054 706.101 397.813 474.775 905.757 149.517 566.086 740.419 594.182 437.248 695.329 214.423 394.103 197.94 940.716 970.118 252.759 127.285 482.779 712.715 242.517 902.479 779.105 725.81 3.902 137.811 825.797 504.094 511.648 60.284 271.87 614.694 328.725 908.509 583.56 605.8 416.513 995.869 918.769 903.882 112.798 904.148 338.459 58.132 717.934 642.519 991.622 431.397 590.498 324.247 551.405 978.887 87.598 783.031 79.557 799.475 427.262 751.247 826.601 487.441 821.742 718.283 175.505 217.971 289.684 927.972 99.767 80.289 859.544 592.705 379.389 460.329 762.966 327.339 649.036 835.445 216.656 449.349 190.402 258.568 97.219 10.386 893.38 947.786 959.645 580.466 367.558 313.995 388.163 783.745 605.918 90.95 427.865 424.575 300.165 830.399 530.338 342.48 360.265 870.524 137.151 881.257 447.634 202.077 836.567 802.492 395.9 536.167 436.902 568.896 957.6 449.824 528.285 325.257 253.17 422.423 558.998 537.531 337.222 395.112 178.693 43.647 95.527 379.27 892.281 430.075 967.733 609.686 394.64 847.347 550.049 203.649 709.515 53.853 540.228
770.242 602.225 336.258 352.856 986.009 157.81 495.709 60.326 908.77 60.012 571.842 419.214 258.906 438.234 1000000000.0 19.018 697.257 681.579 306.887 138.75 727.608 717.625 661.394 157.458 990.863 128.747 91.074 796.868 460.971 559.191 625.389 798.39 720.794 406.987 531.319 92.516 231.651 563.994 238.705 218.408 659.6 981.563 281.371 246.707 103.894 979.178 207.479 485.648 291.863 279.022 438.32 348.455 687.263 590.01 399.646 837.589 289.884 861.63 971.179 910.497 451.975 195.554 939.978 560.339 70.967 464.407 550.927 649.275 657.475 331.088 270.679 742.097 635.178 751.828 928.534 521.089 524.102 609.921 398.295 341.259 912.308 291.123 171.789 950.739 236.902 821.184 925.463 657.076 537.178 827.684 418.27 267.054 17.608 961.378 521.233 359.36 512.947 852.803 167.156 10.399 236.028 203.061 812.718 143.184 846.383 950.53 823.823 580.395 171.724 935.056 876.712 751.367 766.022 723.54 381.864 126.387 346.928 523.237 170.288 693.034 914.44 95.71 333.047 778.409 773.535 260.716 939.069 260.755 725.044 486.013 894.684 716.841 741.11 755.021 416.742 654.855 6.83 157.533 676.667 811.82 515.313 418.699 376.07 228.421 443.983 38.853 252.334 128.504 960.058 790.382 891.925 426.617 133.684 2.469 69.565 627.711 880.932 497.765 537.975 663.948 512.723 442.885 357.406 613.73 550.397 69.037 562.373 998.92 944.293 413.167 51.332 510.536 930.145 5.962 597.301 689.163 628.161 44.77 81.018 102.117 617.979 81.331 465.257 572.347 941.825 574.773 809.015 954.934 538.275 126.398 179.959 833.584 176.364 920.631 300.695 488.26 773.789 633.96 639.665 888.338
575.683 200.237 663.148 214.921 718.704 65.749 346.183 893.456 918.178 731.948 23.596 343.903 750.92 101.426 19.018 1000000000.0 65.561 82.59 289.841 872.863 246.643 127.829 900.942 418.883 569.291 234.178 860.988 275.559 864.076 165.687 168.226 53.661 8.764 966.686 818.836 76.942 388.854 865.575 167.531 985.892 481.774 991.787 793.077 849.609 193.216 639.62 490.976 903.158 817.495 801.29 794.578 893.903 852.989 115.79 288.045 734.515 100.959 483.265 875.587 329.486 956.896 459.399 528.791 518.852 559.26 792.764 911.713 98.018 534.458 319.85 7.437 201.753 657.275 398.169 730.923 987.125 848.861 433.344 80.707 850.28 831.595 326.641 906.548 647.186 545.648 618.492 454.153 280.492 913.551 576.985 536.4 187.676 644.606 953.102 682.017 15.596 143.184 973.6 447.697 714.516 739.864 713.907 444.144 479.959 47.668 930.652 712.593 549.817 364.078 215.067 580.271 292.734 758.145 877.558 651.095 503.729 764.509 233.061 372.596 63.477 250.649 584.962 837.819 284.63 197.772 645.597 118.82 95.65 991.404 596.664 857.496 156.669 568.601 858.398 410.306 125.61 773.759 994.068 382.764 135.955 192.136 201.686 444.318 619.632 246.548 53.445 46.416 684.644 398.526 449.512 791.751 336.749 800.531 84.35 459.892 181.899 588.761 890.598 845.466 184.142 536.366 534.307 602.253 746.174 46.935 334.499 452.73 366.781 170.132 630.486 24.654 239.787 447.046 604.444 565.022 993.519 192.196 82.768 968.363 303.876 631.566 337.8 729.49 474.195 950.575 220.967 742.262 526.766 120.342 605.46 180.14 24.46 20.676 362.909 66.68 88.689 50.128 808.848 248.158 848.54
773.581 682.493 630.29 302.377 668.644 863.184 101.163 98.351 958.554 753.435 579.201 677.402 220.934 861.685 697.257 65.561 1000000000.0 742.515 773.032 476.658 938.469 262.678 697.851 249.514 643.126 22.625 706.806 283.819 579.481 865.769 47.649 445.634 487.689 952.941 284.902 135.61 947.51 2.636 995.897 278.993 895.939 541.982 727.128 990.772 466.417 622.801 584.896 279.441 678.39 898.306 135.233 326.587 779.671 813.751 997.915 129.78 997.342 183.882 833.194 504.624 186.832 146.715 581.873 554.601 676.913 372.861 511.599 283.712 990.86 260.06 915.277 739.697 581.541 328.776 827.268 290.201 929.246 832.487 474.579 374.016 225.353 751.528 855.43 261.404 817.963 737.379 402.957 534.636 630.0 582.659 169.681 729.102 675.743 619.59 205.306 719.661 434.629 414.992 904.076 217.819 997.957 788.95 903.548 26.666 328.384 255.052 951.476 823.243 269.096 588.309 824.104 53.038 386.536 712.8 361.888 951.459 617.0 284.895 894.151 924.68 580.339 803.519 216.172 582.082 503.08 692.942 491.871 318.201 805.401 425.355 328.086 282.574 640.067 103.2 237.67 3.452 992.202 322.554 862.3 879.045 178.267 612.826 217.404 479.795 785.825 848.796 229.987 845.925 223.52 938.409 555.916 519.669 183.44 432.565 920.977 574.19 942.848 926.668 911.415 813.282 78.625 772.509 519.037 660.344 893.709 270.433 350.001 44.099 750.444 882.699 944.481 682.083 658.518 228.092 696.997 134.571 496.227 977.799 467.275 173.335 217.906 793.331 685.777 211.384 322.385 150.824 631.567 327.936 880.369 791.011 38.631 308.566 592.322 439.571 689.21 65.178 409.967 142.967 569.462 383.853
947.51 755.399 968.997 194.522 901.042 838.816 971.423 580.101 470.785 206.866 967.106 409.764 625.607 290.241 681.579 82.59 742.515 1000000000.0 693.96 683.883 456.034 826.262 73.8 574.526 17.511 781.967 84.217 160.703 639.891 224.176 815.46 617.621 573.099 479.79 836.185 352.798 544.916 31.598 98.059 631.089 780.701 567.341 160.288 797.012 203.779 207.209 976.907 363.971 547.265 648.292 683.836 892.996 493.689 20.101 391.721 209.273 243.21 199.58 746.68 371.246 129.064 323.393 249.55 696.463 260.151 477.474 98.973 552.267 599.606 20.299 390.405 569.555 681.267 282.805 252.029 950.468 415.3 638.311 780.037 707.064 129.52 737.455 125.572 345.791 361.489 626.59 832.811 132.709 949.047 546.247 458.307 166.976 335.12 606.364 625.318 831.105 56.245 72.627 518.49 890.012 654.836 562.897 971.857 725.244 719.717 138.236 689.005 705.003 994.42 4.452 812.461 752.509 524.795 948.895 763.833 348.12 378.024 156.895 763.401 486.728 996.117 532.925 61.11 364.775 95.363 649.425 505.918 460.076 909.2 774.417 59.849 415.506 295.219 160.635 579.799 761.409 655.046 332.991 121.193 456.657 402.738 220.048 898.989 936.548 785.83 282.484 486.76 562.404 339.099 599.959 673.892 654.546 389.993 276.926 522.339 884.585 367.055 666.593 435.738 761.182 431.81 389.616 822.044 563.024 861.97 835.037 94.637 636.419 477.034 684.871 960.793 608.538 484.988 38.77 668.894 761.665 725.582 647.748 412.947 867.099 640.224 181.129 368.897 859.684 322.914 813.628 994.693 342.049 686.93 483.645 316.881 919.638 491.189 711.873 25.526 977.436 963.457 82.717 664.754 817.169
483.759 462.281 174.346 444.268 260.92 607.123 450.161 377.2 220.842 112.032 218.228 800.635 128.83 548.659 306.887 289.841 773.032 693.96 1000000000.0 35.674 121.605 894.916 287.661 25.368 215.066 807.671 192.301 327.665 715.022 62.922 965.072 322.469 26.992 737.586 454.623 10.87 419.281 286.096 914.857 261.405 797.483 326.45 923.648 744.648 333.69 789.735 536.374 249.663 161.45 564.663 322.154 394.276 528.432 385.013 8.854 605.669 129.919 25.016 95.85 792.844 669.063 520.309 307.068 430.96 603.068 63.152 178.714 973.805 341.932 680.348 918.188 257.991 856.105 14.481 201.868 389.552 874.876 737.487 831.019 442.162 670.427 79.906 151.353 410.738 888.02 780.044 826.794 841.016 500.9 285.231 394.276 997.817 610.256 20.991 237.899 491.9 455.223 323.477 307.802 824.677 762.576 518.853 728.849 65.104 123.31 400.391 385.055 518.237 261.146 112.717 853.895 102.743 369.225 273.378 408.899 554.055 330.589 768.537 965.752 842.035 251.632 995.172 546.19 322.606 423.487 325.029 513.815 324.984 642.506 963.089 349.417 755.64 524.357 963.003 985.331 693.506 280.32 62.798 754.756 821.296 207.414 662.124 228.348 255.632 614.747 119.09 864.85 717.176 72.253 709.244 202.701 735.164 655.457 16.752 811.753 969.711 956.702 52.848 259.512 490.891 143.098 184.328 63.136 990.136 355.313 12.489 908.516 269.262 206.572 715.905 345.665 291.343 454.368 350.428 755.878 875.299 960.31 137.405 530.807 414.13 15.378 24.344 223.285 557.544 646.635 942.562 189.531 96.298 781.695 611.585 329.095 898.64 240.964 179.476 548.491 309.283 724.122 23.524 307.752 232.218
620.26 32.97 237.068 116.706 46.085 75.387 317.747 700.672 918.632 843.722 79.697 890.578 965.204 738.702 138.75 872.863 476.658 683.883 35.674 1000000000.0 621.497 518.986 624.206 699.778 835.481 68.771 455.929 806.941 265.68 650.776 976.333 534.503 132.581 170.937 75.551 23.869 111.52 588.528 987.129 299.862 519.501 966.759 426.863 152.156 289.456 5.658 122.134 770.227 232.929 895.046 818.973 844.378 895.293 447.85 454.162 507.619 599.948 136.598 664.359 272.347 517.453 6.122 382.645 947.352 974.614 799.682 217.781 330.616 187.788 641.725 972.814 17.572 132.041 891.983 784.918 384.055 870.084 721.203 435.926 427.401 706.87 467.03 94.569 972.973 170.989 848.946 971.234 490.768 248.267 75.601 761.644 149.854 352.194 765.04 505.573 901.851 879.447 589.75 460.573 63.873 887.228 54.479 603.088 566.742 870.762 129.548 534.61 432.46 364.979 611.906 740.033 556.947 116.933 604.854 323.785 446.383 394.544 885.633 348.118 863.493 819.616 318.462 480.885 820.692 841.852 249.012 995.549 705.275 647.955 956.006 456.878 668.742 932.167 162.463 537.164 399.559 773.569 659.668 714.657 428.054 733.938 232.746 441.768 412.986 612.898 539.37 543.164 872.571 234.548 481.496 36.34 29.605 539.712 213.791 284.878 694.761 584.004 784.023 629.59 484.716 915.173 790.406 200.699 679.19 205.992 220.964 40.598 588.235 911.623 653.731 353.341 73.845 93.518 907.256 759.821 569.718 469.415 521.593 460.84 840.185 353.35 497.473 793.928 114.895 574.277 342.039 19.147 68.369 971.418 460.429 139.228 811.844 474.47 305.421 397.264 968.561 980.706 106.349 8.906 69.034
795.994 985.429 424.163 714.298 164.245 382.091 94.516 122.085 512.416 677.044 259.024 913.325 495.243 800.45 727.608 246.643 938.469 456.034 121.605 621.497 1000000000.0 529.834 269.553 362.672 994.614 694.061 283.916 942.194 60.35 617.916 21.711 369.62 604.888 636.78 206.3 439.527 779.237 959.252 761.491 189.704 712.028 112.073 808.374 965.805 782.242 580.919 825.985 424.493 692.76 189.991 892.182 314.331 781.652 66.326 958.901 889.936 202.279 281.261 613.028 875.507 92.723 459.21 864.547 536.455 311.692 19.896 459.685 73.525 936.336 469.052 661.596 454.358 377.671 21.603 902.167 653.883 150.429 255.384 246.229 291.851 400.188 589.023 187.001 352.465 250.464 459.597 204.284 396.544 304.032 879.685 384.201 536.674 893.446 191.135 896.262 728.749 16.598 120.854 486.35 874.011 76.589 933.774 419.67 445.888 57.043 275.41 460.231 966.471 670.458 957.716 331.524 510.145 628.652 483.436 457.283 319.866 405.244 550.9 144.801 824.652 421.066 522.748 719.96 73.42 439.568 864.243 61.372 802.391 115.281 464.834 141.428 309.108 676.86 299.948 566.0 388.431 342.525 488.763 694.496 821.786 190.621 837.854 831.776 12.724 715.96 250.222 662.471 601.124 956.779 179.781 343.373 319.368 930.734 896.755 678.799 825.133 925.858 293.365 552.573 439.011 707.294 322.679 856.934 423.558 298.004 193.971 180.982 9.612 117.824 38.215 595.239 397.826 253.67 717.168 568.655 493.192 417.5 66.769 931.784 168.185 30.433 93.634 529.456 285.97 676.831 740.869 701.393 495.022 323.777 22.131 327.459 275.114 208.794 122.77 538.709 836.214 52.857 277.83 58.562 492.601
97.898 19.169 917.234 504.42 199.566 789.567 368.719 469.374 916.168 614.967 324.947 121.491 993.851 340.378 717.625 127.829 262.678 826.262 894.916 518.986 529.834 1000000000.0 157.484 977.835 415.725 57.655 781.956 775.971 918.591 654.683 341.079 237.609 283.052 765.395 178.82 332.72 285.686 355.777 296.655 412.622 224.427 429.876 181.72 981.773 958.27 911.076 41.752 589.188 761.124 51.198 679.732 796.8 869.726 55.376 630.908 605.908 428.308 727.39 38.592 452.558 628.164 669.376 567.268 700.021 624.761 76.761 897.105 178.91 435.902 166.136 913.123 76.982 815.243 291.252 796.384 146.829 375.502 727.816 205.567 488.456 774.241 166.732 86.744 24.592 283.764 285.592 336.95 437.494 979.203 617.102 634.869 8.425 434.329 83.399 76.147 45.216 251.399 36.15 896.877 202.716 514.635 864.216 793.9 432.996 98.479 8.584 626.653 980.08 146.159 95.888 602.596 856.184 748.811 481.746 434.589 192.362 63.507 157.099 696.86 316.249 905.147 18.778 725.45 952.341 905.712 588.85 229.876 82.663 703.596 356.66 428.555 684.056 23.593 413.456 734.187 271.223 932.771 84.456 773.272 902.051 759.393 272.695 155.821 372.023 467.438 549.426 468.608 127.422 35.003 565.879 606.467 248.828 190.563 926.964 422.071 978.612 485.97 989.86 883.654 242.613 140.609 23.13 934.687 662.938 334.073 323.613 295.076 393.023 574.857 320.698 182.443 238.843 5.0 171.104 688.415 508.892 123.952 153.315 309.397 24.732 649.76 464.863 752.166 239.918 863.244 145.896 677.369 676.669 697.705 298.779 383.291 453.466 842.797 830.983 392.772 201.243 869.496 605.809 649.34 125.481
793.395 651.634 247.142 406.807 846.479 553.96 267.208 286.106 527.979 360.248 517.994 396.828 17.975 220.938 661.394 900.942 697.851 73.8 287.661 624.206 269.553 157.484 1000000000.0 894.212 402.709 50.137 425.841 525.544 818.315 344.335 491.296 423.965 79.938 747.527 637.217 196.915 57.523 462.012 604.911 522.426 64.276 513.986 662.93 692.917 379.272 445.084 957.978 478.772 196.707 208.889 156.354 324.747 250.259 227.531 489.682 802.542 384.594 662.932 56.6 741.218 21.121 489.969 288.659 805.943 147.04 477.149 666.983 301.882 847.152 945.373 491.583 645.487 970.486 74.735 989.418 834.331 897.231 831.927 367.766 766.413 568.463 164.229 594.201 515.726 893.98 381.818 760.315 121.999 811.013 825.967 458.832 863.324 594.339 553.717 508.286 244.972 700.536 922.052 778.23 650.798 339.146 836.633 849.875 166.488 537.445 769.843 446.667 112.415 146.512 965.713 891.589 84.869 919.852 983.399 787.175 355.848 910.619 705.912 436.841 421.203 899.525 905.987 131.592 143.825 928.054 804.497 848.064 937.656 604.385 16.389 429.419 567.635 496.894 754.751 652.715 928.377 913.275 790.853 394.313 344.462 696.123 616.307 403.991 649.452 268.95 6.101 403.214 837.203 41.113 220.09 34.826 220.742 190.937 765.824 185.747 572.925 108.9 966.535 984.317 634.015 21.358 740.767 258.62 633.41 730.928 302.344 429.916 442.177 857.502 713.614 428.684 571.8 154.388 966.709 67.81 274.55 311.702 512.459 571.333 376.423 349.326 53.409 796.363 341.699 993.102 738.033 845.001 631.153 414.112 616.696 203.345 547.451 620.419 95.003 587.244 991.774 186.342 77.639 578.705 908.997
699.02 943.286 812.234 235.397 1.973 915.825 12.291 725.181 410.369 240.427 400.803 319.942 205.204 184.466 157.458 418.883 249.514 574.526 25.368 699.778 362.672 977.835 894.212 1000000000.0 852.812 229.355 311.957 450.181 628.521 951.345 484.792 139.52 905.466 916.343 43.314 488.397 334.65 959.291 648.303 630.596 714.992 817.084 758.361 918.554 28.752 944.194 639.884 231.067 716.967 542.449 89.43 455.06 242.309 461.053 192.846 194.241 332.912 695.771 766.007 842.446 285.676 10.876 28.229 219.413 752.589 645.174 178.497 544.951 187.973 483.446 973.197 939.405 545.107 9.407 976.032 798.967 435.291 42.573 773.655 390.087 120.698 768.509 890.751 308.975 554.322 227.635 193.819 193.742 773.345 827.812 92.7 124.297 269.694 3.537 366.568 885.077 582.954 521.332 767.123 349.225 500.588 239.771 262.154 28.247 820.793 318.939 544.603 561.023 344.328 705.329 5.751 975.903 216.992 45.726 954.092 817.609 825.517 741.881 896.326 482.958 329.803 173.61 47.767 342.351 218.177 906.054 96.808 647.785 381.531 35.28 208.977 584.228 139.51 89.14 461.536 743.297 8.799 539.615 799.635 219.689 568.716 134.185 146.218 425.538 873.845 684.931 504.481 395.932 473.92 261.128 591.414 390.247 279.599 850.054 731.328 257.702 914.883 41.686 675.55 751.44 167.154 672.648 507.508 61.112 410.495 912.982 746.594 728.825 323.212 912.886 699.22 444.602 590.079 734.164 513.743 445.089 297.416 811.264 266.797 469.892 232.375 5.991 725.674 210.91 350.818 701.453 322.482 557.368 207.261 696.287 411.108 898.674 199.98 249.919 437.278 441.77 878.124 25.857 420.571 288.305
780.957 752.286 393.786 652.239 21.982 126.599 747.018 218.202 748.49 19.388 412.523 687.161 676.735 478.39 990.863 569.291 643.126 17.511 215.066 835.481 994.614 415.725 402.709 852.812 1000000000.0 57.364 35.435 427.876 708.349 540.929 371.942 509.128 172.779 942.765 778.705 461.572 116.207 110.947 774.293 512.206 867.416 475.665 331.0 739.351 119.983 994.205 827.254 487.396 81.57 244.175 634.551 942.251 703.738 42.131 782.187 839.248 446.723 359.391 735.597 451.296 826.013 48.439 165.191 64.536 993.952 927.133 99.407 278.824 25.437 354.891 355.498 283.245 586.069 270.17 314.789 693.53 757.619 8.341 677.204 158.296 674.78 297.894 33.256 905.404 576.657 203.791 787.097 694.946 690.966 808.926 114.722 759.977 499.944 107.878 482.501 704.142 145.481 659.088 934.868 502.098 572.953 278.522 592.178 57.986 394.64 255.323 183.917 671.99 443.474 869.461 484.834 410.018 701.598 922.735 533.908 614.214 858.377 79.651 881.4 47.277 156.053 374.81 581.957 143.497 778.06 299.42 865.945 592.894 16.468 848.699 820.365 961.46 703.195 656.878 18.937 135.817 461.702 699.888 559.123 968.253 90.684 383.443 894.978 769.892 537.188 370.748 435.68 153.779 329.365 262.673 750.727 577.519 893.051 636.007 85.376 418.365 937.447 964.65 122.283 370.982 576.415 846.82 478.8 640.777 492.141 898.408 735.702 582.59 454.704 688.807 842.365 953.148 35.193 968.205 608.419 748.043 534.8 922.687 781.52 767.591 815.831 551.926 983.532 951.347 187.874 895.364 666.209 5.824 691.65 52.845 27.693 101.09 743.12 281.993 681.373 875.886 69.705 820.387 738.711 308.969
