200
1000000000.0 347.38 167.759 810.404 694.751 553.118 23.031 482.903 815.672 836.149 537.724 229.622 4.749 386.751 7.72 412.66 726.096 910.298 709.557 716.688 344.088 41.234 579.454 453.534 575.154 4.003 218.433 312.991 937.136 635.196 72.606 170.199 418.209 919.089 922.167 906.501 466.05 659.001 162.973 123.928 708.884 445.341 657.02 647.956 665.181 390.086 804.205 316.638 424.309 947.626 709.543 664.38 310.989 560.29 739.745 498.146 271.358 816.136 764.745 849.534 106.439 137.44 844.648 911.704 780.766 531.099 686.298 932.077 456.598 431.47 958.385 79.901 110.663 206.949 320.38 6.027 75.647 681.795 803.018 591.392 455.491 666.52 282.392 292.374 248.403 737.418 981.209 531.379 144.382 347.845 943.568 973.055 312.413 687.11 717.775 216.266 65.6 702.343 457.614 792.073 520.181 576.099 639.216 397.873 506.535 593.522 646.876 287.376 203.179 969.341 999.566 97.381 575.398 278.3 233.132 121.099 525.791 129.256 819.8 239.468 275.484 544.385 495.903 523.629 39.583 778.405 82.468 106.711 427.384 992.748 64.543 309.705 216.16 908.578 866.108 200.49 32.812 213.807 138.014 387.145 761.657 825.469 911.251 841.742 125.379 192.025 243.227 983.778 544.991 590.454 761.398 905.336 58.715 260.532 705.274 952.662 153.774 703.765 882.425 930.22 584.215 298.456 274.26 235.348 433.696 775.605 674.715 198.595 406.166 66.638 599.357 813.932 842.001 717.944 486.042 242.94 131.917 684.273 861.634 449.645 720.473 379.857 737.631 46.526 898.522 293.948 805.317 525.432 233.108 620.957 949.055 433.591 725.189 833.193 884.767 392.801 379.4 261.395 404.644 361.241
347.38 1000000000.0 661.678 139.544 647.979 765.612 333.009 895.354 881.329 344.729 75.654 952.319 204.236 430.251 710.499 564.61 479.549 218.926 149.347 251.887 916.863 144.05 712.642 7.995 516.157 808.305 598.763 325.134 941.49 973.785 321.332 863.755 428.012 944.561 138.659 69.726 622.824 555.82 986.256 716.326 380.36 838.086 531.924 537.138 87.63 749.188 696.212 244.928 436.332 909.23 661.138 999.986 330.56 896.746 855.394 668.395 338.889 375.181 9.358 133.713 866.07 127.113 691.345 439.73 92.751 896.2 842.772 300.625 845.121 136.231 960.576 197.696 791.645 356.151 912.799 704.402 689.062 449.029 680.077 543.431 693.738 291.921 898.389 363.129 694.028 273.711 53.03 977.221 593.694 400.889 546.31 104.979 612.079 321.971 17.788 125.991 111.557 83.23 693.445 282.356 714.012 729.06 875.554 58.42 325.255 118.438 816.822 487.344 99.121 262.608 279.165 549.813 26.727 361.183 380.611 884.571 286.249 202.082 745.659 751.821 119.131 985.93 694.366 839.581 59.261 535.529 764.291 40.389 959.048 134.792 890.658 753.978 431.02 296.64 236.622 400.993 216.975 104.324 454.761 669.961 894.946 884.194 829.471 418.087 282.249 343.746 598.06 183.744 444.742 701.484 969.012 901.066 690.753 866.345 389.665 176.657 459.148 832.974 695.834 709.18 168.5 878.781 271.306 191.895 201.767 860.138 915.16 916.918 309.747 619.095 703.206 868.512 417.254 548.565 348.445 367.728 225.668 45.321 315.782 390.121 998.587 30.803 180.193 522.505 426.114 205.506 833.311 133.21 244.272 546.615 868.786 280.384 657.314 351.813 953.554 426.208 583.303 945.198 584.737 763.075
167.759 661.678 1000000000.0 583.611 824.869 866.5 935.925 148.433 961.104 470.638 153.167 873.337 743.255 115.668 259.058 725.46 846.368 49.671 449.954 634.406 916.375 410.353 201.545 919.773 829.698 311.618 914.821 330.594 993.66 580.245 666.57 451.207 277.478 144.515 582.532 874.189 443.118 885.786 654.545 502.895 187.907 6.011 136.354 685.812 877.334 347.057 54.173 202.602 625.3 282.6 515.571 111.312 477.347 784.382 676.289 894.733 860.417 619.834 219.727 61.35 708.001 385.349 632.497 901.368 614.952 736.456 689.192 142.471 713.857 710.957 851.645 209.092 632.048 101.3 409.019 682.009 73.105 825.988 865.007 898.02 988.506 526.627 701.331 316.375 728.046 708.981 17.351 958.345 199.686 517.314 474.555 121.388 580.607 719.924 347.034 801.585 395.717 445.228 774.751 16.511 909.18 951.603 65.736 390.139 467.931 779.381 692.272 601.909 974.59 45.567 390.989 124.738 506.147 332.038 924.956 708.51 365.156 696.944 608.05 769.283 539.775 755.999 313.133 128.835 626.703 951.415 964.006 726.417 510.466 561.92 539.025 497.586 914.619 685.693 22.39 65.493 31.861 754.576 161.364 519.4 8.245 313.654 829.206 855.607 698.441 465.688 155.627 164.429 6.727 513.054 710.945 157.661 791.52 361.911 204.804 118.827 60.832 429.269 930.842 430.201 809.663 82.903 441.099 432.031 734.58 710.923 317.306 848.605 567.86 886.17 406.311 724.279 430.966 570.534 884.125 691.36 402.58 925.659 968.119 741.216 633.309 335.207 43.518 16.043 247.599 521.628 889.694 114.601 22.804 308.631 480.468 61.225 812.82 264.81 685.022 264.313 506.254 152.136 150.906 795.802
810.404 139.544 583.611 1000000000.0 294.655 377.066 490.082 251.98 969.157 519.607 852.562 438.809 949.7 196.151 465.731 181.005 600.626 253.207 795.484 736.675 763.497 377.769 605.13 171.52 95.465 682.435 158.478 29.29 467.863 709.163 533.779 234.445 468.802 112.689 903.735 51.396 36.007 718.131 784.162 347.986 125.368 88.245 305.042 14.564 623.999 55.704 420.661 998.459 890.125 161.695 559.964 618.627 958.337 176.439 833.851 786.63 304.165 397.048 491.569 377.004 805.041 609.045 963.377 939.635 250.002 582.742 253.7 221.229 405.963 723.31 316.75 846.872 264.373 756.966 355.746 595.557 691.845 220.794 424.726 414.526 671.672 194.762 452.354 400.975 165.258 772.949 299.55 845.014 717.708 844.146 987.752 800.389 220.646 112.089 332.038 263.306 802.827 136.949 528.292 927.343 188.561 278.363 42.788 929.329 356.465 219.128 929.429 716.877 483.303 997.539 510.996 801.031 198.592 565.934 973.767 669.426 582.25 105.178 573.219 858.809 683.534 927.277 545.507 873.326 867.737 13.276 464.497 462.41 895.877 830.077 303.202 739.505 708.075 506.608 861.855 293.845 776.442 498.547 44.462 482.934 744.77 867.335 154.466 585.82 296.266 814.61 213.052 918.523 462.831 886.41 750.055 451.114 628.154 117.983 704.364 991.837 468.979 514.876 321.323 36.514 331.988 179.776 71.063 274.199 815.886 102.419 362.913 832.093 869.286 10.668 619.881 794.537 860.077 391.539 133.609 657.633 87.702 693.69 113.145 432.961 504.325 827.867 252.986 398.968 147.012 182.104 40.136 691.205 801.705 81.022 121.679 715.934 729.934 446.946 638.671 265.866 413.717 707.055 784.522 46.115
694.751 647.979 824.869 294.655 1000000000.0 722.314 55.681 941.984 995.263 515.475 44.048 159.238 288.846 259.51 742.884 688.072 46.921 939.473 717.719 480.445 448.931 547.084 668.945 713.19 447.197 126.834 795.448 20.636 284.993 812.582 167.09 226.737 172.656 155.343 119.515 590.848 502.836 115.459 129.628 162.753 564.124 957.161 344.326 291.051 607.494 709.403 626.411 654.224 469.616 782.682 842.139 855.611 979.579 19.336 699.452 19.319 967.211 487.336 185.176 731.363 897.617 495.267 981.178 591.653 790.259 698.251 676.126 972.566 880.89 758.048 381.992 123.543 875.202 262.959 260.241 195.267 9.545 896.436 928.016 808.063 418.904 138.238 490.802 871.967 51.547 763.828 988.358 669.188 606.037 930.881 665.514 501.942 907.872 122.706 290.174 711.444 511.723 649.964 664.473 452.975 802.127 705.428 820.027 684.477 747.175 739.297 20.539 267.063 14.303 151.724 300.099 294.742 769.223 440.787 182.802 724.203 180.496 341.211 593.545 487.637 55.048 154.039 820.403 790.241 664.336 677.013 118.772 993.375 265.023 195.585 650.881 459.295 956.891 719.456 193.79 345.656 271.156 480.063 924.886 612.321 493.013 707.478 378.766 203.682 297.494 583.577 448.622 173.81 528.751 546.845 824.357 100.433 536.545 352.824 235.312 438.49 474.859 803.482 880.595 705.233 151.973 707.603 307.321 744.597 629.799 802.902 754.847 492.517 482.582 491.81 934.998 775.942 899.591 456.315 55.91 276.21 927.676 17.865 888.531 93.236 496.602 810.589 573.557 252.814 915.066 72.6 697.713 290.652 234.447 551.838 483.29 575.437 117.113 43.232 795.894 970.316 624.277 737.067 57.669 154.668
553.118 765.612 866.5 377.066 722.314 1000000000.0 743.491 10.94 815.514 735.079 328.59 808.222 704.682 240.348 239.26 404.112 188.531 68.288 189.176 165.755 335.672 390.45 584.149 511.758 340.957 696.205 77.62 24.443 665.158 138.176 343.252 505.465 345.787 691.797 80.814 761.333 301.877 842.412 490.278 213.657 282.421 417.276 150.202 644.179 102.851 972.95 317.596 833.136 864.648 147.629 957.255 384.913 830.845 285.114 411.332 43.159 789.812 320.095 307.15 254.022 154.037 667.272 737.863 319.782 391.184 282.248 114.72 352.456 124.614 223.879 343.566 861.363 61.865 218.213 12.058 427.243 111.385 461.307 674.235 650.955 127.63 959.363 602.374 393.78 998.939 60.345 904.738 688.183 955.504 602.145 55.464 624.729 947.05 872.694 248.375 923.621 153.874 145.802 311.773 528.883 400.33 81.188 898.894 908.516 175.557 517.888 25.189 446.612 437.987 321.169 363.873 424.543 573.56 499.246 102.915 272.131 831.43 817.325 625.159 205.691 503.703 486.575 965.56 800.891 706.768 961.545 114.176 291.504 755.549 38.808 978.404 329.003 790.325 696.079 819.861 985.015 92.215 98.862 876.568 737.802 665.784 783.566 886.063 225.446 916.964 614.736 260.039 599.504 334.111 927.678 894.226 621.112 677.239 243.5 324.892 194.213 116.979 38.989 672.151 927.894 837.468 533.898 613.515 979.581 328.511 608.162 302.914 851.157 569.007 211.442 373.037 295.586 135.126 829.803 994.611 119.91 688.795 993.932 861.273 968.563 323.235 795.834 797.97 63.524 36.671 616.736 655.056 707.572 58.924 505.409 241.124 472.077 332.349 737.785 489.357 471.426 83.967 253.67 673.17 415.485
23.031 333.009 935.925 490.082 55.681 743.491 1000000000.0 35.835 738.379 491.139 774.619 206.838 956.252 121.956 266.243 394.504 699.778 323.58 939.563 638.456 903.455 196.052 709.887 877.046 179.719 204.109 884.093 546.131 700.165 24.595 935.101 757.672 773.49 815.36 979.335 143.127 391.924 13.24 453.539 385.628 591.095 995.883 39.908 76.943 615.368 850.234 190.858 826.341 849.322 324.844 333.406 828.258 747.771 822.345 378.544 250.362 258.366 187.172 618.269 112.975 220.702 999.876 140.894 823.04 560.291 391.952 178.139 64.192 110.285 308.673 860.666 65.737 818.577 880.182 233.061 682.769 423.521 188.557 949.038 971.164 945.114 437.192 638.769 643.317 170.673 553.084 346.764 654.321 442.645 618.322 606.109 47.206 927.62 209.826 647.383 175.43 283.244 213.648 691.88 925.492 493.585 440.034 746.463 680.633 262.408 45.929 261.006 292.497 417.349 459.855 215.268 877.813 424.145 170.669 732.258 648.077 345.362 370.883 135.583 135.584 128.419 195.789 933.976 303.89 143.229 170.909 115.548 536.798 706.344 312.487 353.963 737.537 827.772 781.583 475.33 805.18 98.795 252.502 435.373 507.619 114.922 364.704 195.759 311.134 264.704 227.828 571.385 321.586 687.479 57.965 298.276 884.711 58.847 496.592 299.179 723.413 873.415 374.566 173.759 483.857 774.904 555.143 814.848 919.926 186.695 932.027 510.198 21.672 142.631 504.905 699.847 803.893 588.042 263.133 974.026 521.419 170.625 130.029 639.862 930.358 308.041 406.28 1.773 185.417 425.318 546.088 182.621 20.547 369.591 250.411 585.862 248.489 95.281 124.745 282.58 983.705 956.869 561.832 585.991 231.61
482.903 895.354 148.433 251.98 941.984 10.94 35.835 1000000000.0 63.456 27.086 733.263 250.18 605.361 192.424 232.937 330.827 851.618 659.928 468.311 640.2 612.118 43.091 940.048 805.206 40.144 223.325 258.76 274.641 39.358 914.728 447.846 300.418 861.869 441.401 263.73 600.666 305.65 191.563 286.713 780.909 634.133 847.507 370.129 833.586 284.359 105.835 891.739 619.358 46.705 173.454 1.917 542.831 591.533 66.049 945.792 379.387 177.126 600.902 557.336 477.542 166.24 763.886 270.512 962.814 396.857 498.915 710.176 409.272 57.278 331.134 545.717 198.09 170.625 860.09 927.745 679.939 698.929 361.188 265.792 324.343 743.89 286.619 636.14 234.43 744.029 314.628 968.126 998.914 716.591 439.656 33.042 123.292 769.658 807.538 262.006 461.441 680.627 284.022 669.312 459.056 355.845 339.164 621.314 426.34 721.092 841.072 24.963 591.948 401.085 661.565 713.453 858.043 850.006 209.182 438.941 871.174 291.572 113.138 808.03 303.586 828.521 564.696 944.808 570.468 899.946 849.873 724.564 65.996 783.31 900.664 198.441 727.819 514.478 871.253 181.461 114.459 675.711 191.489 982.487 736.58 345.076 413.742 561.496 897.854 879.314 977.627 814.952 208.971 855.208 717.762 433.356 510.368 738.657 366.318 301.185 5.402 348.569 393.592 456.052 614.512 604.307 277.282 958.404 569.983 265.622 338.501 186.768 387.699 611.02 329.802 345.277 969.703 492.271 141.082 99.494 997.671 938.313 122.124 705.719 480.164 142.904 483.562 594.352 378.984 482.1 129.333 897.164 108.871 385.938 285.483 159.775 5.432 697.719 180.146 30.798 955.87 468.576 444.542 150.656 309.883
815.672 881.329 961.104 969.157 995.263 815.514 738.379 63.456 1000000000.0 462.712 532.861 990.951 882.224 794.387 160.859 50.194 292.225 163.623 441.186 723.043 494.318 550.606 477.957 648.387 318.84 443.547 284.208 672.805 810.657 490.551 37.127 48.988 990.19 557.065 398.012 925.534 73.085 928.873 571.07 993.248 41.656 676.658 412.591 138.931 500.717 487.75 641.416 242.801 362.509 353.938 896.623 519.649 846.358 301.148 310.555 665.169 221.068 677.227 840.732 827.237 435.622 235.674 264.379 41.942 465.943 711.378 652.084 58.934 956.502 772.523 378.049 785.424 388.601 186.965 285.331 922.779 579.662 168.969 54.109 476.779 981.218 804.781 433.144 978.365 179.874 270.511 727.118 250.258 784.684 298.157 591.838 726.482 317.638 334.341 426.138 999.985 500.96 945.5 656.169 840.873 713.443 541.603 176.301 775.669 899.329 980.714 640.987 278.847 476.28 279.573 142.035 186.046 479.205 213.045 617.742 563.406 601.223 729.26 378.789 738.368 510.492 553.765 151.73 55.62 29.363 546.424 327.142 559.762 337.692 226.41 786.861 868.22 781.371 739.8 277.136 996.325 49.309 828.373 612.18 670.885 424.423 886.776 533.257 848.309 377.999 444.814 242.176 20.004 652.794 151.756 397.643 80.38 628.05 444.031 554.616 172.075 954.701 880.77 653.748 669.618 563.066 819.983 615.836 174.627 410.056 153.801 584.431 973.897 686.168 689.863 26.046 111.292 382.989 634.546 155.925 596.005 581.898 939.209 544.598 790.001 713.353 224.464 324.441 262.151 34.669 968.139 783.302 331.568 445.265 282.66 576.295 319.029 152.446 931.326 619.635 603.232 383.192 277.016 743.171 862.136
836.149 344.729 470.638 519.607 515.475 735.079 491.139 27.086 462.712 1000000000.0 688.56 871.322 666.069 538.23 263.48 522.754 466.182 706.884 14.069 306.286 671.319 308.021 227.951 679.537 813.485 123.61 276.157 32.81 342.263 264.469 860.121 830.559 574.799 846.14 877.042 917.188 487.75 429.105 68.369 836.072 852.177 27.297 77.388 238.305 7.538 85.203 848.475 77.306 62.847 514.119 712.353 410.378 658.292 568.624 377.035 341.307 687.238 41.116 541.06 536.16 184.737 855.905 922.128 147.834 54.669 459.772 702.764 67.659 843.615 482.475 333.158 195.722 112.606 259.188 526.86 525.933 347.82 900.874 687.837 371.078 848.189 581.586 669.065 730.347 541.607 380.239 461.259 928.141 907.936 487.301 549.338 959.925 681.388 509.257 461.438 653.378 183.339 939.599 266.209 314.487 239.52 534.077 273.57 29.776 108.905 893.678 913.78 307.331 837.395 779.883 156.239 751.07 546.553 643.662 118.185 933.312 559.965 17.502 58.826 671.061 197.597 641.556 152.145 597.732 215.081 259.005 480.869 962.793 118.513 91.108 102.071 59.745 138.065 595.52 548.382 818.076 441.847 807.303 297.017 919.128 143.067 621.18 129.325 251.053 562.945 76.165 926.158 867.372 664.28 45.277 534.631 86.029 7.878 23.643 82.105 719.983 580.209 336.275 318.278 395.5 378.41 916.661 535.026 377.128 449.917 705.841 14.501 244.081 796.597 6.905 467.223 424.422 502.12 602.984 372.724 453.509 264.188 138.959 964.527 701.904 610.28 201.665 254.439 886.206 316.717 592.752 590.373 483.793 251.262 575.789 932.151 212.795 641.811 332.87 92.521 658.181 291.5 32.557 303.8 754.432
537.724 75.654 153.167 852.562 44.048 328.59 774.619 733.263 532.861 688.56 1000000000.0 308.166 387.626 803.285 705.189 752.192 734.641 941.662 15.149 669.169 235.248 394.132 744.576 354.094 126.438 521.416 622.887 427.545 197.305 331.343 662.238 323.192 67.682 439.348 420.941 237.885 900.968 237.395 801.063 180.481 481.599 190.107 254.382 687.581 756.752 100.407 369.92 148.415 142.379 763.269 702.098 368.894 276.014 703.727 637.988 807.255 904.918 585.629 67.63 971.303 950.786 377.015 22.74 901.686 794.253 909.867 330.913 670.31 252.139 171.274 719.09 49.828 935.892 842.395 323.154 84.898 279.611 202.909 629.62 407.896 757.838 905.658 83.809 42.835 853.805 300.444 160.739 829.668 26.583 826.241 521.504 686.407 132.673 616.377 682.769 922.963 966.719 349.403 362.252 894.47 70.221 823.589 834.87 491.86 95.851 757.405 694.333 796.53 815.679 47.395 978.401 297.901 828.744 595.241 553.166 794.744 218.865 665.122 547.472 210.579 84.736 72.203 122.465 290.744 389.78 710.992 802.178 178.629 404.089 1.624 476.459 935.251 151.097 483.017 127.93 294.32 348.699 273.78 713.824 540.695 14.687 915.459 629.001 814.279 100.702 273.715 653.508 856.265 404.249 253.883 540.215 937.192 236.929 400.922 33.153 588.73 343.679 345.099 768.342 638.197 45.481 86.054 171.603 538.917 911.592 193.573 614.185 253.841 714.114 168.811 558.277 7.838 69.084 871.129 565.806 8.118 12.264 414.915 49.152 847.094 320.051 284.962 860.173 350.843 434.218 204.174 676.467 171.782 853.153 75.625 587.233 710.047 259.448 464.135 578.817 811.588 69.679 397.693 620.387 492.427
229.622 952.319 873.337 438.809 159.238 808.222 206.838 250.18 990.951 871.322 308.166 1000000000.0 24.694 879.236 530.501 252.828 191.117 629.475 875.582 812.898 138.021 876.849 308.048 730.137 712.614 85.776 389.053 8.874 218.187 527.787 514.552 253.587 486.127 821.723 761.2 886.53 436.624 721.043 747.48 767.522 7.667 322.358 296.821 901.77 359.849 381.123 665.123 591.427 428.81 58.973 650.654 682.38 793.51 295.568 723.626 981.855 283.259 245.385 827.27 939.316 281.191 725.71 487.498 457.508 320.979 343.861 21.246 757.027 85.38 996.498 594.592 601.711 979.685 86.358 660.142 867.692 316.044 572.666 217.873 471.156 736.63 834.41 155.86 780.941 273.7 774.296 713.221 327.115 596.572 87.452 902.188 118.47 860.997 812.578 43.723 789.014 173.79 12.792 606.705 489.376 474.395 457.594 115.175 291.563 66.775 137.259 950.436 52.844 189.202 789.805 121.175 748.867 605.795 330.682 624.035 262.114 373.475 715.852 296.302 899.511 947.53 240.377 357.092 566.123 267.767 482.461 678.876 527.446 311.572 27.263 323.87 408.112 944.882 873.343 305.579 256.35 930.654 480.339 568.32 949.323 886.19 58.069 192.854 416.434 463.766 735.042 19.75 325.841 324.363 162.297 43.504 566.958 257.049 122.673 880.197 634.631 783.777 177.166 956.188 362.496 281.636 668.545 158.584 350.6 759.595 811.353 186.359 688.673 535.699 1.374 957.363 164.424 592.05 151.101 918.469 637.424 283.736 636.289 915.592 616.87 955.798 651.72 50.169 975.314 652.281 180.792 804.483 506.345 803.36 454.242 265.748 935.784 860.128 688.426 501.271 857.862 39.341 330.654 236.038 596.737
4.749 204.236 743.255 949.7 288.846 704.682 956.252 605.361 882.224 666.069 387.626 24.694 1000000000.0 78.491 621.603 620.147 369.197 799.323 166.814 508.662 35.233 952.414 219.132 411.186 795.041 872.317 417.992 668.146 320.428 439.642 249.053 440.727 676.727 620.458 248.642 629.636 418.836 592.784 144.288 939.802 206.108 315.821 231.186 755.755 291.813 681.738 790.613 15.747 137.921 801.483 361.553 1.256 55.315 696.331 339.195 614.133 418.559 667.477 431.375 25.884 50.436 563.008 658.352 13.406 158.628 865.164 202.272 353.304 932.152 836.807 769.085 803.871 161.389 619.144 796.04 237.308 942.663 302.462 124.624 11.001 364.617 23.002 452.759 899.838 881.667 936.849 42.615 170.063 984.119 309.081 575.892 790.224 617.975 234.772 474.972 109.991 230.853 404.854 575.618 176.332 724.287 2.669 599.847 566.144 294.721 83.347 928.922 187.983 144.837 672.827 306.02 496.566 647.235 54.163 38.23 94.69 723.661 898.926 971.401 394.049 894.045 670.7 548.953 196.511 637.459 334.535 820.186 674.271 534.218 355.018 486.405 528.848 332.183 384.001 72.736 157.039 75.386 504.845 117.361 869.303 465.859 899.4 983.772 778.137 676.893 833.48 147.769 890.451 818.251 170.798 438.701 637.165 285.285 662.382 722.332 9.121 530.566 708.333 906.259 7.41 569.779 978.929 453.005 254.47 17.59 278.576 477.943 316.735 185.292 843.047 552.223 891.756 248.52 465.277 188.54 290.244 229.547 752.736 528.607 860.065 350.066 210.062 544.263 138.876 917.597 999.742 939.928 778.014 929.359 215.259 105.067 994.254 783.038 809.503 764.955 226.265 194.824 564.277 625.622 14.786
386.751 430.251 115.668 196.151 259.51 240.348 121.956 192.424 794.387 538.23 803.285 879.236 78.491 1000000000.0 910.73 163.476 643.235 673.433 588.431 71.424 849.571 976.467 935.764 394.466 156.869 806.479 853.236 385.688 38.664 548.992 291.143 594.893 982.531 887.792 438.971 540.419 930.914 903.172 108.052 136.638 332.769 807.039 543.328 590.726 455.191 572.004 749.518 361.398 864.207 257.82 613.215 873.533 75.049 896.088 61.414 452.505 296.52 415.885 602.212 873.947 562.88 905.826 920.372 957.539 470.307 678.604 996.686 584.542 331.227 11.681 396.643 429.579 110.096 852.281 537.586 96.404 558.043 19.676 638.327 766.971 685.887 786.994 967.252 694.988 410.361 705.214 756.413 113.991 226.266 427.763 119.518 329.148 750.013 52.347 494.058 74.465 105.136 227.652 401.079 925.654 898.06 235.092 106.95 997.599 627.986 810.019 978.784 952.078 313.616 353.419 724.472 964.367 959.915 902.547 461.797 707.69 244.761 201.666 69.308 960.85 668.304 273.796 341.931 737.17 230.431 538.684 527.041 691.824 699.642 133.816 101.938 941.503 927.344 244.895 14.743 924.343 115.205 33.714 928.535 103.279 875.369 918.219 306.609 441.405 904.64 197.424 502.706 926.834 476.986 950.206 258.998 787.448 759.235 83.057 496.337 159.668 131.254 971.668 748.11 279.467 724.957 961.184 789.186 259.297 958.004 640.514 824.293 138.7 354.951 272.553 139.208 236.641 709.095 945.251 568.418 514.765 442.75 28.392 536.567 842.435 759.793 568.534 429.774 379.566 137.674 998.95 287.1 940.544 678.024 821.359 918.812 716.821 347.877 452.541 417.726 561.636 293.514 516.474 278.169 967.642
7.72 710.499 259.058 465.731 742.884 239.26 266.243 232.937 160.859 263.48 705.189 530.501 621.603 910.73 1000000000.0 232.375 325.402 864.699 240.776 602.71 176.907 248.64 550.619 485.505 819.061 491.323 168.908 766.531 779.182 567.544 493.39 907.2 602.855 691.281 572.153 119.051 475.181 779.902 791.519 452.851 135.43 983.405 440.244 240.174 81.262 37.811 340.547 254.959 153.456 995.821 807.159 105.755 885.954 829.212 853.546 82.682 399.121 315.889 11.1 261.131 637.592 663.602 800.189 498.247 296.501 494.366 670.463 281.941 444.634 987.819 129.912 131.115 229.126 935.112 361.811 584.725 869.134 744.32 783.416 997.477 925.527 513.455 817.022 584.078 831.348 784.744 765.257 6.298 854.982 942.422 26.977 64.267 380.884 790.416 818.522 61.555 242.277 921.919 202.618 9.91 540.197 414.385 356.653 555.096 745.624 603.098 514.117 823.799 992.564 104.3 276.121 27.068 990.204 809.801 16.226 401.501 643.513 546.268 703.483 637.331 103.84 566.966 326.367 596.608 3.188 467.298 56.864 740.915 359.81 233.001 616.549 414.988 422.45 570.569 30.574 199.411 314.343 365.831 849.309 872.253 205.55 331.818 179.982 457.903 948.445 8.932 858.491 389.074 906.812 779.909 371.266 702.119 227.885 427.406 731.28 725.1 586.338 668.968 188.431 210.974 4.516 37.921 404.819 74.209 818.586 838.639 8.048 860.536 205.896 970.219 716.511 856.303 681.336 921.543 630.033 880.577 133.567 169.152 521.24 472.285 981.163 599.295 893.981 260.475 896.047 566.413 870.136 924.615 211.586 30.616 873.195 828.328 806.568 557.589 371.676 782.769 953.322 528.975 336.753 557.063
412.66 564.61 725.46 181.005 688.072 404.112 394.504 330.827 50.194 522.754 752.192 252.828 620.147 163.476 232.375 1000000000.0 836.69 629.484 34.91 136.818 275.999 806.132 965.721 231.383 28.926 180.706 941.924 326.602 526.079 807.437 247.755 807.503 139.07 118.344 650.112 67.672 521.414 186.017 686.836 103.984 526.304 334.312 797.74 435.624 98.983 365.335 576.325 708.852 936.178 522.618 852.747 595.602 12.46 951.014 180.052 331.297 641.321 776.875 533.537 927.324 719.931 577.031 301.117 305.221 210.701 728.333 837.794 220.946 966.324 18.511 73.524 738.81 106.467 370.832 219.705 255.323 786.653 837.951 466.734 187.291 40.112 650.895 913.143 350.951 932.674 984.85 647.55 818.886 397.08 180.57 850.506 761.182 272.582 180.925 680.54 975.356 607.378 787.874 945.854 110.002 597.479 825.152 570.995 732.797 340.137 477.251 648.536 395.552 436.016 321.935 984.729 195.356 758.531 858.677 295.14 147.576 266.759 612.975 161.004 791.572 568.897 799.717 384.124 619.745 789.052 516.821 467.774 876.595 128.431 130.109 374.082 323.98 253.705 339.124 247.755 75.586 143.523 154.506 588.774 33.104 545.063 140.53 569.033 692.332 937.467 873.678 483.36 574.717 579.292 776.49 412.584 255.946 268.604 379.777 516.116 51.389 793.487 178.381 852.527 388.821 836.122 611.881 57.572 832.42 80.8 252.061 174.218 209.16 792.538 125.367 370.666 988.692 457.796 172.197 751.548 401.433 957.707 383.611 469.86 220.067 232.346 795.826 723.171 499.438 980.648 663.462 233.477 617.782 418.064 404.312 455.016 508.576 689.33 869.877 855.074 817.573 605.009 853.327 28.836 374.728
726.096 479.549 846.368 600.626 46.921 188.531 699.778 851.618 292.225 466.182 734.641 191.117 369.197 643.235 325.402 836.69 1000000000.0 839.015 21.455 959.119 540.53 264.957 323.72 651.921 346.815 247.493 856.126 468.847 69.836 777.371 85.279 109.062 855.618 157.33 235.014 290.787 298.379 694.303 568.321 439.638 402.351 828.444 450.457 586.386 497.264 9.454 176.84 524.9 414.315 530.586 18.542 664.621 135.594 506.513 204.552 6.864 651.598 469.953 31.018 421.532 416.495 378.321 87.402 693.361 400.389 636.281 933.906 696.855 834.104 344.06 238.428 776.803 156.19 522.983 556.753 886.156 400.34 501.481 287.57 222.976 219.14 433.454 242.735 137.33 618.691 946.732 316.312 39.935 699.855 657.067 780.526 514.181 150.362 493.791 370.547 149.075 443.969 340.98 843.132 942.182 349.036 376.414 233.016 252.311 972.919 743.337 131.166 560.731 352.173 645.33 872.417 958.772 746.432 516.48 913.306 363.66 392.193 831.885 389.072 13.39 452.417 122.692 824.26 9.808 305.375 937.768 264.233 891.174 168.491 373.176 284.232 890.025 945.535 747.303 278.546 101.49 523.955 236.698 456.5 612.401 200.434 482.263 590.439 396.517 242.382 260.006 478.295 86.76 205.479 218.729 763.159 423.685 202.526 887.026 474.325 603.044 752.315 405.247 301.62 597.628 389.93 880.669 98.14 636.364 368.253 953.863 658.442 999.69 726.471 704.391 506.024 368.322 699.926 668.051 921.183 350.447 300.922 222.65 280.94 197.576 696.131 849.207 266.947 204.655 274.263 809.441 451.076 268.769 270.077 556.796 933.405 530.115 842.776 617.135 223.029 702.628 744.959 697.887 539.13 72.867
910.298 218.926 49.671 253.207 939.473 68.288 323.58 659.928 163.623 706.884 941.662 629.475 799.323 673.433 864.699 629.484 839.015 1000000000.0 688.659 430.022 690.648 490.272 975.842 511.195 947.756 322.152 430.496 80.605 681.086 226.29 814.634 260.666 382.407 441.81 6.696 885.438 891.759 698.703 117.696 782.35 329.147 236.293 848.525 106.356 349.137 86.694 125.171 964.402 292.163 461.012 282.219 404.362 132.662 773.675 777.949 115.789 123.979 246.356 1.316 783.274 223.065 592.929 136.665 986.419 840.664 271.459 920.878 893.966 640.699 60.783 762.809 484.693 66.169 232.372 60.935 907.423 644.262 232.474 743.65 927.951 464.058 331.257 382.718 976.153 34.609 814.562 650.424 311.116 225.948 625.514 625.451 945.127 524.292 386.796 190.87 932.457 360.646 890.772 421.402 94.724 750.639 198.818 957.539 564.703 369.545 387.187 296.778 748.528 444.5 267.123 282.508 713.856 716.9 47.17 772.933 658.154 225.393 277.97 958.163 971.455 259.9 471.797 53.919 187.765 123.671 833.707 218.41 431.136 737.4 262.376 702.081 459.556 470.013 18.0 654.918 476.308 496.55 283.982 787.077 541.704 716.305 903.651 263.514 476.636 413.826 659.904 598.033 628.619 570.348 409.839 359.37 491.033 214.991 305.459 507.818 281.455 957.681 514.923 983.465 467.165 833.557 124.158 39.892 427.587 367.25 868.579 216.615 246.45 126.103 233.149 976.329 302.331 193.353 723.553 140.625 358.58 950.046 682.808 544.467 931.738 338.459 900.495 891.879 942.826 255.472 63.924 358.795 390.395 730.788 3.862 776.608 572.007 724.871 833.035 655.851 435.447 239.788 187.739 821.189 520.537
709.557 149.347 449.954 795.484 717.719 189.176 939.563 468.311 441.186 14.069 15.149 875.582 166.814 588.431 240.776 34.91 21.455 688.659 1000000000.0 93.599 38.128 670.489 222.922 51.955 265.314 204.831 141.262 534.242 203.252 601.868 743.686 367.459 828.297 343.04 394.258 904.515 179.927 324.036 252.562 24.36 223.535 349.196 431.296 803.039 858.225 285.523 403.894 429.06 573.597 205.815 172.025 472.104 250.212 848.451 773.958 533.085 674.268 487.549 432.261 500.594 779.777 458.082 726.11 902.241 959.357 229.91 372.501 160.846 4.018 820.626 359.49 472.985 678.906 752.59 694.597 252.489 208.708 580.254 499.554 804.632 854.096 358.687 983.838 8.405 458.331 12.903 332.669 986.39 132.544 744.95 705.461 309.948 457.215 902.519 427.898 525.965 535.159 516.473 768.15 495.658 41.378 768.729 732.048 334.063 714.564 686.249 733.288 751.148 959.716 764.616 532.11 134.125 852.157 696.905 96.329 171.837 641.344 106.161 773.975 348.364 693.109 453.471 346.588 506.398 306.27 910.558 224.755 835.62 707.252 309.98 776.368 674.924 966.572 838.529 346.077 354.43 884.239 565.556 495.253 410.888 38.365 540.726 850.17 167.239 75.422 837.721 169.808 124.916 245.671 247.451 246.19 829.867 432.28 266.149 645.11 107.8 164.691 16.357 412.065 586.794 452.642 334.863 282.454 658.886 812.821 826.569 602.21 760.392 872.227 646.375 813.823 727.926 866.322 18.297 563.598 917.073 155.635 456.752 705.866 257.988 928.17 242.165 754.055 986.661 250.176 823.608 702.592 263.847 242.123 91.027 142.816 974.105 635.088 283.526 524.421 579.131 724.678 757.688 742.614 534.628
716.688 251.887 634.406 736.675 480.445 165.755 638.456 640.2 723.043 306.286 669.169 812.898 508.662 71.424 602.71 136.818 959.119 430.022 93.599 1000000000.0 677.461 246.446 455.864 375.5 521.227 623.187 733.49 150.046 664.753 579.036 723.773 774.902 250.915 865.826 424.933 234.05 242.6 429.526 116.362 730.948 518.856 532.508 730.779 868.457 575.379 689.677 994.223 70.676 847.267 834.01 456.213 803.508 781.479 541.402 491.51 590.132 184.477 526.33 522.621 33.838 537.855 31.879 130.779 84.249 844.003 447.934 563.91 563.848 99.503 833.581 506.874 734.169 407.213 416.551 735.383 875.316 811.863 247.483 506.266 684.784 101.093 520.816 80.375 239.665 723.748 471.081 476.922 446.921 140.117 793.51 610.466 411.91 591.981 29.24 399.255 946.203 960.809 876.602 761.0 961.309 484.472 656.706 354.99 636.616 376.572 508.9 322.017 489.16 179.527 624.216 182.978 679.136 809.931 104.941 990.281 750.061 449.808 995.797 836.167 836.001 822.665 874.186 379.068 941.717 871.11 993.322 386.081 992.166 736.037 284.279 62.254 56.526 627.69 221.557 521.969 447.628 832.311 74.136 869.769 297.682 279.799 9.515 25.499 637.147 18.775 994.632 814.261 40.156 774.044 592.342 462.978 797.609 226.923 758.416 192.505 428.426 938.027 706.935 505.372 228.983 481.75 959.638 537.935 66.055 833.889 534.601 440.343 791.741 281.509 382.984 783.7 25.897 191.541 470.842 955.193 158.032 375.618 698.532 960.629 72.117 538.719 184.764 90.097 25.333 571.51 597.353 401.003 369.637 138.946 787.503 837.797 175.602 794.807 591.637 792.01 817.782 834.723 972.153 506.172 64.86
344.088 916.863 916.375 763.497 448.931 335.672 903.455 612.118 494.318 671.319 235.248 138.021 35.233 849.571 176.907 275.999 540.53 690.648 38.128 677.461 1000000000.0 28.881 847.647 156.846 68.428 211.335 481.027 246.903 554.595 374.819 707.987 327.377 248.368 265.32 972.347 334.58 912.73 891.287 753.563 994.923 778.11 406.297 41.576 54.498 104.48 771.01 13.308 74.196 545.851 885.862 831.275 851.099 497.278 976.624 987.392 567.949 24.197 473.262 187.203 55.879 49.324 656.111 818.021 220.287 490.964 960.59 538.884 119.136 871.388 79.226 225.387 121.426 371.998 478.69 264.259 156.78 445.608 316.14 146.324 205.868 479.676 429.914 511.227 154.864 245.316 63.522 154.143 486.14 752.459 157.921 549.506 46.283 303.522 5.338 677.092 985.617 146.818 90.35 431.371 344.629 836.406 678.737 658.076 483.762 603.239 929.563 218.151 435.041 34.131 811.254 547.085 335.653 974.574 1.101 141.967 258.134 308.345 674.201 366.978 969.197 119.537 464.522 799.327 520.72 375.444 951.009 904.871 465.032 744.421 711.589 459.152 557.591 111.854 37.956 238.758 513.996 297.877 975.494 827.145 88.269 254.173 281.769 869.593 278.101 905.246 571.609 258.342 585.216 800.078 138.677 584.278 227.082 797.122 502.138 383.418 123.754 311.438 256.225 738.525 448.313 277.697 992.444 431.498 477.806 464.923 855.543 615.767 715.484 827.424 254.268 278.635 125.902 526.253 653.363 796.26 252.225 725.081 314.102 128.085 362.422 510.455 990.088 769.43 798.614 115.698 329.848 755.925 309.302 297.936 947.419 160.705 283.643 429.741 99.503 257.405 255.87 57.789 826.878 663.171 101.463
41.234 144.05 410.353 377.769 547.084 390.45 196.052 43.091 550.606 308.021 394.132 876.849 952.414 976.467 248.64 806.132 264.957 490.272 670.489 246.446 28.881 1000000000.0 401.373 909.118 927.082 261.292 51.655 707.565 134.734 536.13 781.114 817.404 667.96 495.183 570.834 720.024 314.204 649.925 917.962 52.901 252.133 100.681 901.873 452.104 734.432 691.981 632.566 467.107 648.289 787.731 259.15 72.339 852.103 672.313 498.878 226.147 370.762 43.483 810.395 323.197 133.855 161.629 791.877 917.006 329.139 352.687 181.956 951.403 627.405 898.521 578.757 220.568 143.245 434.868 256.082 940.054 699.795 889.687 886.421 377.381 230.708 190.962 863.187 25.821 477.921 855.218 572.089 713.229 781.596 733.433 609.444 788.954 702.847 548.236 138.046 493.601 675.946 475.324 444.135 739.204 922.484 906.647 765.908 949.075 646.474 782.545 19.022 282.572 388.247 422.034 250.662 658.953 679.568 980.993 129.663 614.541 383.955 594.021 551.97 862.15 207.178 94.569 5.053 449.149 452.812 964.942 789.803 867.498 588.41 376.44 122.963 929.337 119.562 910.486 712.769 473.614 464.393 875.288 530.546 230.29 175.628 941.796 926.27 589.948 227.848 145.371 818.06 339.753 78.257 110.529 666.595 188.27 269.822 422.086 59.397 540.955 181.784 645.755 284.799 860.274 818.489 909.691 866.581 241.606 153.634 901.851 967.663 144.199 242.001 131.703 840.843 21.061 891.894 333.126 514.35 439.657 197.055 391.175 676.944 464.665 179.344 786.071 750.906 464.699 399.427 208.559 924.775 852.875 771.841 254.824 902.544 937.915 672.868 688.161 682.894 262.74 500.158 591.851 985.692 401.56
579.454 712.642 201.545 605.13 668.945 584.149 709.887 940.048 477.957 227.951 744.576 308.048 219.132 935.764 550.619 965.721 323.72 975.842 222.922 455.864 847.647 401.373 1000000000.0 308.479 493.631 911.353 117.785 698.082 214.414 115.345 20.291 659.4 414.02 30.347 509.177 359.473 420.887 675.836 156.967 158.144 563.759 33.321 194.807 508.039 523.903 983.136 799.57 997.768 413.504 308.418 324.666 92.376 757.356 301.94 579.693 805.246 347.964 831.073 872.08 601.459 148.525 990.746 116.761 358.326 586.072 741.493 676.794 672.218 605.889 259.82 969.48 910.185 238.82 783.673 854.636 398.331 568.394 365.763 697.953 466.196 83.393 186.055 654.518 727.434 567.139 429.118 750.678 188.588 839.703 97.502 154.396 486.958 687.825 520.032 805.719 798.912 997.654 26.484 702.698 687.451 780.79 572.073 91.937 941.402 945.119 799.217 521.779 771.39 536.317 338.742 287.99 565.926 524.668 690.965 673.276 28.646 129.085 106.044 576.609 563.616 199.092 103.559 489.462 24.529 566.431 352.326 376.318 624.638 191.163 831.148 525.395 621.196 57.904 661.037 417.122 937.775 522.819 820.193 567.314 911.267 510.132 882.761 851.342 421.511 464.83 608.35 251.774 349.333 666.75 827.188 229.345 672.296 119.995 209.706 204.181 994.245 46.387 478.17 549.99 45.073 14.433 31.082 148.453 988.591 805.639 747.781 436.268 785.093 319.44 217.533 376.512 629.223 449.722 61.454 738.6 490.944 363.199 226.696 410.622 772.566 38.061 291.248 242.983 119.802 262.394 252.196 792.64 275.762 861.341 660.363 412.837 725.418 700.308 258.964 429.383 252.026 285.133 455.39 290.232 626.815
453.534 7.995 919.773 171.52 713.19 511.758 877.046 805.206 648.387 679.537 354.094 730.137 411.186 394.466 485.505 231.383 651.921 511.195 51.955 375.5 156.846 909.118 308.479 1000000000.0 259.798 78.763 47.615 150.901 295.743 575.926 679.228 551.363 76.82 268.889 309.924 398.048 244.358 794.338 552.951 376.822 819.209 807.685 570.987 951.571 119.177 766.614 928.797 433.74 507.805 404.093 120.635 764.259 488.691 177.189 273.362 616.829 387.102 368.909 567.505 772.496 720.852 977.574 266.874 455.87 520.542 736.099 110.866 716.601 424.55 261.54 125.304 404.974 644.306 255.582 632.815 840.611 586.29 439.339 820.991 36.401 830.666 767.782 184.963 465.434 225.376 940.032 640.861 583.327 530.955 988.417 133.687 893.408 21.295 411.513 819.388 246.513 785.916 67.719 531.042 576.499 925.422 364.27 226.693 321.88 524.217 311.71 324.62 566.781 757.422 413.02 631.988 928.086 885.199 22.286 888.399 362.118 851.334 30.329 774.876 641.969 518.893 511.483 965.776 851.689 63.694 510.495 996.892 335.31 495.217 947.538 526.617 447.072 118.11 902.506 13.447 279.899 306.132 185.879 496.629 890.435 651.808 242.526 234.406 877.158 596.282 87.178 456.538 425.966 882.008 179.966 497.042 769.182 648.211 353.252 455.935 385.639 787.781 820.218 131.401 36.127 858.009 9.187 943.386 922.056 614.535 642.49 206.18 96.472 107.717 310.149 939.939 55.771 654.735 589.976 281.084 554.687 395.323 913.931 53.164 112.044 654.638 792.204 898.842 513.245 563.673 531.728 579.934 803.67 817.984 843.406 10.867 232.859 884.724 682.319 526.991 287.63 656.76 116.153 168.088 489.777
575.154 516.157 829.698 95.465 447.197 340.957 179.719 40.144 318.84 813.485 126.438 712.614 795.041 156.869 819.061 28.926 346.815 947.756 265.314 521.227 68.428 927.082 493.631 259.798 1000000000.0 945.291 482.969 817.075 996.079 51.996 99.071 732.11 666.392 174.296 679.441 100.712 885.484 776.835 804.002 4.476 767.388 941.965 741.346 720.259 585.118 908.167 777.134 917.95 379.926 681.443 98.563 902.136 313.68 461.677 482.171 82.904 671.703 792.879 557.746 549.236 643.366 619.947 668.756 308.252 595.106 787.122 928.598 679.632 88.423 261.348 505.666 167.153 749.466 135.394 8.422 7.928 240.495 271.322 745.036 177.676 941.692 822.033 153.076 577.992 633.535 789.116 893.084 879.938 591.667 355.681 719.273 297.872 748.561 899.964 202.772 944.565 24.71 337.909 683.278 122.658 305.425 150.887 895.89 870.808 146.382 915.36 330.171 511.264 729.38 944.895 852.649 279.977 419.323 595.327 86.406 601.36 533.165 705.243 856.081 258.931 727.073 876.652 753.105 214.075 579.407 115.318 582.69 220.043 75.758 594.233 317.83 412.066 346.137 553.434 295.165 348.671 646.584 169.82 188.08 213.394 75.987 173.025 816.439 444.374 421.222 90.95 116.314 26.699 446.444 656.915 690.98 492.248 688.071 14.836 373.969 168.313 536.374 233.136 988.376 402.759 720.238 391.102 146.955 886.161 814.67 316.591 453.082 506.875 477.073 336.791 543.491 784.016 720.816 532.108 60.362 562.652 595.456 495.571 458.175 649.072 856.728 195.764 398.189 291.082 785.341 121.967 668.936 14.824 877.684 399.555 391.735 684.468 22.726 162.842 754.392 949.096 627.556 180.592 763.567 491.681
