200
1000000000.0 221.559 777.979 962.264 895.312 545.935 905.47 696.367 32.628 893.831 879.88 283.665 130.859 422.753 578.463 691.419 424.35 697.958 806.188 147.045 605.82 50.019 483.178 60.32 931.368 576.768 902.391 401.266 417.077 153.423 579.258 727.186 684.532 157.936 131.348 739.889 648.973 54.115 956.677 334.252 746.381 117.765 618.925 124.599 871.101 697.842 511.486 154.129 712.55 951.734 495.612 215.523 535.058 322.121 39.613 322.351 969.818 999.611 863.047 827.065 742.533 78.337 928.17 44.17 880.39 754.537 664.06 379.712 161.147 788.163 212.708 162.617 591.827 290.817 487.619 124.431 991.717 971.433 164.48 716.271 105.323 941.609 427.643 890.942 627.978 289.613 207.124 850.426 233.94 73.319 140.827 662.447 300.028 604.198 282.133 563.634 986.891 801.608 586.813 851.908 835.484 16.192 25.323 318.392 840.311 556.607 759.759 817.379 727.097 93.788 56.279 855.514 662.604 719.487 77.63 64.156 933.273 112.208 424.713 447.614 301.924 716.427 527.15 607.062 568.481 338.248 959.544 60.955 953.762 781.402 209.311 78.972 252.068 643.77 350.25 800.145 996.342 341.784 859.036 590.84 378.12 959.085 667.674 321.756 445.986 221.811 335.377 837.425 586.565 518.691 360.028 568.713 63.71 120.046 550.462 647.486 91.58 630.257 991.594 153.94 192.052 705.418 224.524 824.32 700.101 819.366 145.664 370.045 991.152 71.166 864.059 734.519 12.55 154.824 832.597 953.627 927.489 684.332 979.698 957.081 129.142 459.749 850.581 498.937 288.728 297.664 464.165 631.966 28.592 238.613 228.006 354.671 282.876 19.787 824.961 643.582 114.888 712.419 681.517 810.797
221.559 1000000000.0 304.264 738.849 117.009 500.473 261.897 13.385 31.489 585.627 14.972 649.943 34.313 385.472 578.677 482.048 752.034 853.013 454.881 722.549 598.644 499.301 418.409 58.776 113.779 235.024 9.49 245.883 164.75 427.102 991.384 42.054 296.414 895.269 135.466 805.86 179.625 608.872 474.792 770.152 232.935 500.526 841.797 979.988 335.645 127.99 208.466 770.069 614.733 980.187 295.218 507.164 25.574 263.405 974.277 942.285 862.187 385.242 307.158 299.367 168.332 970.258 749.611 879.871 157.942 527.043 706.97 354.265 126.772 19.428 324.853 333.466 575.001 503.996 11.504 308.522 689.212 824.716 357.576 592.289 585.413 888.603 474.349 265.649 8.835 55.0 549.422 852.342 340.83 285.26 947.781 125.927 410.051 418.477 770.769 177.236 310.534 921.008 22.153 664.367 354.419 866.411 684.936 578.007 700.302 800.099 576.97 618.406 316.527 755.166 893.598 172.339 892.231 253.907 914.342 169.471 980.536 909.909 115.928 26.022 77.167 944.129 282.633 66.257 95.389 52.341 807.579 474.206 295.291 586.017 984.429 286.767 936.825 754.673 306.273 879.445 643.251 732.865 740.359 548.491 442.869 965.041 145.572 749.875 136.643 83.937 283.256 709.621 716.927 411.218 31.593 551.531 545.414 403.346 999.405 37.564 731.663 779.637 224.354 66.426 867.453 726.667 307.761 763.931 727.33 240.543 951.653 872.147 302.4 426.475 492.154 750.858 699.813 111.189 343.968 286.099 851.789 692.367 854.512 466.178 374.271 654.227 247.842 391.363 803.977 472.61 161.021 162.221 377.276 577.267 449.068 809.334 664.485 574.687 161.821 692.113 652.842 384.799 968.165 41.014
777.979 304.264 1000000000.0 6.542 629.348 276.679 691.659 699.369 143.188 899.716 19.374 936.071 267.949 151.527 311.952 921.326 301.919 380.148 116.989 248.202 192.066 256.326 74.47 195.299 272.36 706.6 353.488 57.762 429.587 108.27 640.95 441.626 475.105 757.945 858.327 738.179 446.908 205.157 954.115 876.496 618.288 86.402 682.725 918.479 28.958 558.029 769.952 226.109 724.588 994.484 38.526 185.961 896.395 382.9 48.301 470.27 977.128 710.345 316.658 494.685 486.774 119.994 236.237 449.151 74.966 163.67 278.832 302.837 877.714 304.477 793.106 322.521 23.532 786.366 413.804 269.984 664.572 809.457 318.231 478.539 668.426 213.15 565.227 586.838 41.247 985.671 12.538 926.967 8.866 908.9 26.754 70.925 304.96 982.715 784.414 114.105 494.392 915.673 756.61 869.797 751.066 381.487 871.466 930.241 50.014 868.254 691.952 34.118 268.917 764.618 918.99 902.112 603.507 601.374 512.032 527.153 334.877 686.755 708.042 484.372 232.112 510.519 527.943 215.058 981.675 730.163 429.354 182.772 772.899 966.408 714.793 254.556 193.644 771.546 626.055 143.652 821.27 45.234 327.25 468.612 282.98 423.519 198.904 907.552 450.859 245.744 16.006 554.76 636.658 529.258 41.818 542.456 497.362 660.176 361.997 78.254 479.886 794.012 923.492 554.665 991.037 311.775 994.259 798.348 929.768 196.928 57.572 162.171 28.015 875.015 789.247 384.847 507.842 447.294 410.742 107.569 298.37 600.791 833.496 243.056 134.507 584.132 120.146 899.929 66.846 981.902 721.641 756.355 110.148 878.022 899.737 487.934 558.181 931.884 963.849 549.604 813.7 201.341 528.925 84.816
962.264 738.849 6.542 1000000000.0 732.477 245.982 712.745 94.262 197.317 290.153 374.863 432.667 392.647 458.058 646.857 988.094 919.794 297.181 341.299 775.833 846.634 197.054 701.025 199.043 865.689 716.727 824.218 40.677 35.552 922.539 483.93 402.29 313.187 727.671 579.148 18.942 658.597 754.067 9.404 693.151 831.785 685.196 844.544 810.606 392.701 794.085 299.378 123.572 474.33 513.542 929.194 294.991 66.56 192.587 99.153 884.058 588.014 891.736 610.553 226.897 158.138 56.054 406.586 192.008 953.3 719.235 237.826 76.417 516.775 984.423 564.139 490.943 20.35 104.814 420.342 742.696 852.658 37.694 462.219 204.082 790.783 602.076 578.769 31.249 81.464 611.583 999.58 373.304 494.359 150.049 218.517 518.777 614.257 16.505 87.946 825.629 237.491 428.941 175.259 755.598 778.68 323.051 592.182 557.731 836.923 376.047 479.569 822.256 345.646 350.772 132.978 579.565 851.781 21.994 875.719 329.729 735.659 957.472 418.469 332.882 626.941 738.653 244.025 998.823 859.472 480.729 744.332 996.308 914.056 727.277 926.382 911.296 269.993 469.368 57.552 254.59 655.178 693.806 854.989 874.554 355.693 612.065 946.48 573.438 89.184 975.549 525.632 674.591 754.533 645.455 485.062 872.905 515.944 975.288 772.989 567.585 284.696 326.132 594.808 570.395 928.466 192.712 111.581 942.234 695.889 414.399 468.316 2.249 822.298 650.207 876.856 368.393 792.543 32.52 591.942 68.867 933.866 694.37 197.548 132.722 77.879 443.615 152.666 828.886 875.95 155.518 801.349 302.534 62.831 499.423 881.167 191.693 249.222 296.456 745.1 675.803 952.244 375.536 337.815 194.811
895.312 117.009 629.348 732.477 1000000000.0 167.473 416.955 731.955 694.906 960.365 971.279 460.264 229.951 987.543 186.275 506.432 416.525 698.391 924.673 231.379 924.736 704.595 376.881 339.203 503.201 646.267 990.415 267.355 198.443 157.595 281.452 856.457 668.882 563.316 741.18 770.75 179.968 597.711 676.305 409.205 930.381 205.545 335.932 498.421 178.792 942.437 724.593 727.143 149.576 606.43 584.067 281.087 849.752 990.066 369.453 307.512 346.077 684.602 96.243 919.757 501.903 701.334 838.541 563.071 281.451 776.886 892.806 873.377 701.628 231.137 395.778 944.454 476.099 527.259 732.818 25.276 810.675 758.658 441.741 173.21 350.234 350.117 63.632 885.012 23.867 485.583 375.178 673.634 472.477 730.857 865.484 789.937 286.128 830.802 220.855 799.354 784.038 499.96 830.199 654.72 580.06 992.465 749.757 326.094 968.62 802.289 410.564 402.023 326.002 756.867 448.201 678.662 857.759 199.387 250.894 159.486 159.298 889.702 591.027 9.099 390.622 343.299 345.11 464.038 600.114 120.944 624.116 906.662 732.912 3.857 850.072 979.675 390.64 479.87 586.448 18.896 155.614 923.727 184.0 211.914 546.195 736.155 809.977 43.311 322.816 629.122 187.925 939.191 20.293 585.971 670.852 285.433 692.124 523.857 758.469 717.133 624.438 943.186 49.559 55.845 114.444 148.001 643.931 96.839 421.772 92.856 202.487 16.839 167.682 37.52 698.929 147.815 979.507 643.181 279.545 470.525 3.646 286.364 823.994 128.266 741.211 870.073 303.845 55.946 583.174 135.396 80.775 614.247 837.019 765.549 146.757 206.137 624.549 499.699 105.766 739.692 246.295 320.93 96.888 265.486
545.935 500.473 276.679 245.982 167.473 1000000000.0 48.087 28.865 362.645 210.577 743.017 367.054 65.058 852.371 593.13 642.028 217.907 222.834 373.45 197.605 643.529 509.321 678.95 320.071 379.99 587.297 582.264 580.889 475.249 361.917 97.443 900.956 975.136 540.297 786.316 665.058 898.831 575.921 100.891 159.593 240.728 977.655 266.476 769.629 14.768 196.271 844.858 596.765 776.785 691.534 485.547 21.871 77.89 72.181 703.662 998.882 876.711 144.902 495.0 703.278 989.091 232.032 324.733 388.915 263.61 315.618 270.389 701.367 944.211 357.66 186.816 379.91 927.62 357.922 789.38 355.489 778.852 363.278 883.249 368.358 199.015 956.67 19.51 315.655 256.199 690.599 717.014 753.752 158.208 948.421 76.331 239.028 212.175 845.35 284.328 550.831 470.534 941.177 38.872 896.72 270.963 153.138 378.694 156.515 230.066 229.581 446.415 939.963 208.727 355.877 570.761 824.314 257.259 536.411 892.957 736.551 318.082 70.455 9.879 876.673 903.429 863.36 484.94 406.475 395.424 655.994 917.355 28.609 763.603 347.377 587.49 100.844 85.441 284.408 245.131 832.494 616.432 676.252 786.608 486.582 956.725 779.783 138.454 423.148 144.438 513.43 978.695 601.4 998.276 774.586 598.78 998.617 519.007 77.977 361.974 610.127 638.426 417.84 895.899 853.901 479.293 97.846 700.684 395.909 859.939 316.2 101.806 961.93 504.538 57.119 619.723 369.906 632.982 649.151 53.238 706.655 407.313 27.564 964.297 420.989 146.265 178.452 368.971 233.045 146.826 462.275 252.427 106.087 334.893 691.57 383.446 455.106 402.299 113.503 103.441 362.794 296.95 306.142 828.204 286.238
905.47 261.897 691.659 712.745 416.955 48.087 1000000000.0 584.297 155.638 863.069 619.797 82.855 92.584 642.811 594.606 210.98 691.132 656.724 705.367 109.656 303.545 127.438 303.195 718.287 55.358 122.427 227.911 50.481 169.725 33.183 912.173 919.985 229.394 899.939 592.181 741.251 76.119 901.27 26.285 898.429 702.121 181.87 869.238 727.442 863.637 106.701 151.98 817.209 878.79 280.402 639.848 501.655 958.914 876.554 307.37 964.151 254.016 379.379 313.479 510.593 431.297 248.4 586.367 355.741 394.121 588.118 922.732 666.251 28.951 762.711 891.409 992.047 113.404 827.706 44.184 261.264 924.336 555.873 827.901 55.455 76.44 309.31 591.0 877.915 676.639 296.077 856.262 925.935 796.478 837.994 574.744 25.652 343.922 683.463 887.282 640.033 501.551 534.504 602.175 888.1 643.872 812.67 749.962 658.398 319.491 53.145 103.03 501.316 503.841 585.526 494.63 392.324 243.842 402.821 539.709 860.16 560.928 313.14 410.692 32.558 17.662 856.454 429.46 142.61 906.027 346.635 387.761 171.45 335.195 631.865 589.59 702.794 395.203 687.794 731.027 332.194 117.448 594.62 428.991 256.894 566.488 549.997 410.419 302.342 14.718 632.042 422.022 90.058 999.53 597.56 280.68 914.195 678.338 807.298 217.309 97.784 758.01 203.756 594.612 23.612 433.56 273.251 927.974 34.034 206.824 876.692 199.788 435.663 970.093 590.336 280.349 135.227 228.855 736.673 866.874 317.863 400.884 668.064 770.243 222.592 826.302 529.931 905.273 837.134 881.248 32.208 810.567 447.298 346.248 970.001 833.788 807.944 103.009 20.479 613.299 702.035 221.436 864.899 744.813 812.931
696.367 13.385 699.369 94.262 731.955 28.865 584.297 1000000000.0 817.763 850.664 8.574 883.18 674.546 133.84 960.541 480.409 821.258 756.368 422.961 440.856 20.433 888.974 342.838 586.529 386.824 28.705 921.379 607.236 590.017 901.257 103.977 599.423 259.587 649.38 410.723 178.894 221.562 167.327 983.955 715.482 156.826 76.989 282.956 123.097 179.417 646.816 301.028 506.133 335.214 919.094 62.962 972.557 885.054 786.662 781.598 159.013 831.079 536.656 785.401 53.86 440.336 490.654 737.407 827.152 278.006 116.819 737.254 388.687 601.654 412.586 982.518 878.842 357.042 854.592 195.026 210.306 172.264 181.264 970.071 167.384 793.236 182.167 821.307 210.278 918.445 499.388 515.702 603.376 753.413 374.544 581.079 78.675 505.094 346.574 185.591 696.941 157.693 264.268 689.545 374.724 452.055 823.202 581.516 482.547 586.137 98.189 742.801 475.349 228.317 129.894 12.318 214.405 996.666 170.271 114.397 785.672 983.282 69.236 367.758 286.488 765.909 895.008 628.826 804.47 8.303 997.821 223.541 464.351 438.925 619.782 910.192 963.825 128.587 105.645 754.9 223.677 831.447 873.715 838.486 311.317 894.226 416.485 90.058 542.883 659.869 462.27 584.789 934.122 888.95 945.331 540.359 205.701 508.804 149.006 894.122 918.083 372.564 719.822 632.932 88.108 323.822 2.638 873.827 574.795 881.816 919.135 489.84 861.099 903.431 142.609 458.863 258.509 539.048 522.776 425.116 434.792 29.447 521.197 761.679 939.727 233.61 375.803 3.497 283.337 719.769 519.334 790.932 556.855 562.424 643.907 484.275 424.844 343.299 536.931 156.54 4.907 660.611 762.92 795.964 558.0
32.628 31.489 143.188 197.317 694.906 362.645 155.638 817.763 1000000000.0 954.253 294.094 597.744 764.074 918.858 356.106 961.822 582.831 175.941 421.179 292.129 717.456 173.422 469.876 59.875 490.523 373.825 377.724 207.457 738.396 782.941 677.957 852.357 688.587 193.456 891.761 433.279 905.26 931.416 287.233 616.924 605.851 685.454 302.412 369.477 440.408 223.774 132.418 202.903 774.128 118.194 257.735 665.334 139.022 146.308 132.684 735.723 690.436 16.51 555.242 745.757 385.265 784.013 231.859 7.269 441.06 100.558 49.578 849.771 69.532 564.173 139.713 681.507 821.844 472.553 262.346 39.786 527.346 983.643 911.078 196.258 653.734 758.85 530.751 433.64 474.015 894.486 356.444 260.269 816.388 502.113 192.528 189.371 325.586 274.527 443.395 166.085 397.63 186.047 208.377 920.734 545.595 752.746 417.079 59.846 422.262 289.529 497.56 385.933 204.852 408.246 70.332 859.277 830.172 994.469 757.459 702.114 884.243 326.857 981.92 724.922 554.965 850.087 608.681 50.155 973.416 951.133 410.569 20.474 674.692 460.762 987.405 177.19 205.057 881.971 722.152 933.161 43.262 787.398 968.664 667.301 929.435 87.625 546.21 695.343 668.213 335.297 468.266 240.434 516.217 720.903 508.821 326.31 712.157 871.036 253.582 502.017 350.738 784.497 360.309 854.83 938.493 157.61 26.077 714.99 570.098 497.485 938.429 617.528 348.838 506.227 242.292 752.26 496.765 461.063 164.961 406.983 824.527 741.335 285.915 366.716 679.318 900.009 71.528 438.177 489.934 487.835 194.635 441.111 810.543 882.858 717.122 382.532 87.463 980.049 992.107 9.443 19.442 303.777 85.411 529.981
893.831 585.627 899.716 290.153 960.365 210.577 863.069 850.664 954.253 1000000000.0 373.38 878.821 944.692 63.499 384.749 890.232 339.429 986.296 639.803 86.869 447.355 482.54 20.067 702.006 821.851 801.244 293.629 36.596 180.792 721.032 192.622 36.171 606.698 401.776 33.553 437.943 660.558 559.631 494.964 515.708 57.57 562.056 535.084 603.053 713.331 574.763 713.655 767.736 922.26 627.255 722.821 354.585 750.614 953.597 851.029 114.726 111.654 905.65 295.471 843.201 479.91 689.853 316.444 82.412 701.573 396.039 803.282 193.948 686.651 954.635 713.913 22.933 415.261 793.114 112.381 257.696 711.016 468.405 603.238 172.189 882.541 399.126 715.452 862.953 195.096 683.381 953.536 256.07 669.569 6.587 908.569 264.624 984.096 219.696 572.955 827.725 391.599 933.725 243.293 719.123 438.203 977.419 310.209 61.691 5.213 203.207 634.496 794.863 119.213 739.202 315.945 181.918 635.622 34.132 555.615 767.848 987.55 898.033 483.499 703.058 195.481 794.218 28.599 373.087 420.161 742.098 884.82 214.412 725.774 304.261 797.71 882.835 624.085 210.676 973.065 881.542 891.116 680.958 915.506 801.779 352.576 213.879 605.54 268.616 74.472 717.751 909.671 69.004 624.702 474.558 994.661 825.622 593.004 829.317 872.642 498.385 881.42 682.7 347.33 800.374 358.552 759.385 4.016 227.976 322.266 66.767 432.768 187.87 421.788 270.44 71.946 628.684 672.224 651.639 192.369 966.271 324.323 143.112 205.71 268.584 77.675 959.289 498.151 57.053 742.044 439.664 645.913 555.421 408.679 86.336 38.344 644.379 458.993 541.904 805.006 242.64 797.33 207.114 536.501 163.333
879.88 14.972 19.374 374.863 971.279 743.017 619.797 8.574 294.094 373.38 1000000000.0 309.893 975.933 837.493 781.466 707.677 557.732 589.185 290.278 68.005 470.367 396.857 559.702 174.652 999.397 995.833 873.512 715.398 826.679 468.551 331.656 811.601 269.329 529.995 472.963 130.403 296.97 405.056 894.405 356.017 113.232 266.315 623.245 195.056 520.894 423.556 567.562 340.548 580.719 572.142 882.498 434.908 437.304 485.604 612.718 742.791 269.477 908.43 975.887 701.568 292.15 922.429 413.397 63.976 242.042 436.821 478.145 401.083 757.752 626.765 353.438 384.631 147.099 891.804 880.147 428.394 820.596 796.638 212.92 540.338 109.125 495.235 576.985 926.612 367.469 86.217 71.677 280.65 408.88 797.276 813.281 832.21 587.628 105.728 290.158 755.095 556.488 968.361 493.833 274.662 301.999 417.094 698.943 843.939 365.448 179.805 815.633 887.155 142.602 464.746 342.929 782.412 305.054 95.68 775.793 46.568 522.675 980.918 294.603 289.822 574.349 646.628 131.912 77.868 509.44 868.413 73.71 318.944 486.506 649.236 503.114 970.999 159.487 31.207 468.043 427.37 491.243 64.505 844.619 35.574 258.264 368.359 447.814 281.974 676.166 152.505 701.905 201.61 567.948 14.929 305.161 331.623 899.637 570.613 791.921 595.253 81.23 780.726 360.109 314.827 315.642 303.991 213.315 510.252 663.399 961.575 895.491 900.64 620.09 543.377 314.026 424.964 267.578 241.968 351.192 618.093 823.156 841.58 64.291 851.712 827.919 226.673 539.251 962.751 596.282 257.847 184.781 459.692 515.226 100.118 495.156 740.299 832.827 180.263 3.662 627.428 307.331 180.069 60.819 40.555
283.665 649.943 936.071 432.667 460.264 367.054 82.855 883.18 597.744 878.821 309.893 1000000000.0 390.035 210.393 108.084 776.503 613.565 999.084 622.685 461.963 739.642 297.722 480.852 186.159 631.818 77.493 940.367 158.919 999.239 259.048 955.005 253.208 917.612 122.663 380.711 656.835 381.721 12.288 236.562 599.99 531.946 426.959 208.65 763.433 361.407 425.18 21.435 624.989 899.164 516.95 616.273 991.579 650.622 492.435 472.1 850.124 858.304 576.092 610.089 748.142 420.133 305.214 814.656 359.508 766.693 791.32 717.939 653.058 190.568 45.151 282.353 86.823 58.82 418.56 13.086 546.24 545.875 970.535 875.521 118.242 218.566 762.044 11.962 84.958 352.958 486.314 651.673 687.964 905.859 375.325 748.427 130.462 189.32 806.161 775.633 13.402 840.402 748.332 623.743 110.263 837.864 945.605 24.312 945.973 180.174 288.05 718.702 389.544 406.547 434.765 613.199 274.192 777.332 674.487 341.337 492.812 861.349 174.49 455.398 519.528 293.134 232.267 207.571 967.724 650.501 931.925 806.471 351.645 889.736 491.955 2.052 153.039 151.326 281.977 180.959 652.594 154.907 109.842 464.977 282.783 768.892 878.192 840.345 318.822 140.082 650.848 724.809 690.597 692.684 380.757 628.778 983.201 688.486 479.533 495.466 986.502 97.92 518.138 649.777 530.008 710.792 651.808 995.974 149.225 937.43 490.854 447.324 580.331 477.157 282.513 34.621 867.46 435.943 782.396 614.103 185.854 41.961 704.276 67.437 380.123 695.369 372.968 312.056 241.534 286.292 975.508 500.863 777.374 324.514 218.372 952.251 100.246 106.374 630.181 572.918 216.081 327.819 849.43 168.74 857.691
130.859 34.313 267.949 392.647 229.951 65.058 92.584 674.546 764.074 944.692 975.933 390.035 1000000000.0 788.562 203.628 379.768 872.377 818.702 872.122 327.974 647.325 630.505 689.207 961.357 156.608 386.966 162.796 982.597 388.547 821.366 787.169 221.061 158.576 129.321 449.512 201.159 1.941 142.447 192.393 231.74 488.074 536.498 483.272 86.27 334.548 859.119 572.963 952.875 703.427 124.862 633.544 607.383 586.983 403.404 672.405 117.341 49.04 281.284 953.378 655.35 931.496 953.908 2.25 314.935 687.241 707.257 671.243 612.984 302.599 811.118 956.735 168.012 937.825 864.879 737.575 108.903 107.964 479.172 159.851 531.175 570.957 424.582 741.897 576.771 521.966 821.046 914.238 937.037 874.368 171.635 625.754 889.894 380.675 645.26 835.958 760.421 555.48 192.439 635.334 156.328 520.892 955.77 329.448 867.904 712.951 292.7 525.652 733.543 853.991 132.157 433.059 967.742 674.316 937.085 273.023 918.413 300.989 12.235 186.602 532.171 876.393 253.28 648.488 263.431 836.073 356.086 502.601 677.638 569.151 406.063 156.408 140.881 522.005 631.811 14.702 67.722 876.703 35.243 517.484 486.581 557.022 402.232 808.499 82.73 559.419 227.147 67.479 928.163 460.218 890.462 662.479 148.567 410.619 362.258 20.403 216.178 753.563 298.677 79.253 487.374 885.84 594.658 773.757 845.018 351.57 877.247 370.499 573.384 802.777 632.473 551.431 393.232 976.432 777.442 573.747 950.859 894.833 797.908 744.408 856.624 439.122 837.651 303.08 766.968 15.135 772.507 380.464 444.13 824.202 222.03 896.243 495.586 907.421 538.482 18.894 341.562 961.288 842.302 862.367 908.775
422.753 385.472 151.527 458.058 987.543 852.371 642.811 133.84 918.858 63.499 837.493 210.393 788.562 1000000000.0 153.151 772.428 119.045 787.838 248.895 206.562 686.577 35.387 972.592 34.552 905.483 613.416 631.457 146.06 825.707 48.554 481.045 805.457 531.993 428.103 457.598 968.399 867.904 259.863 643.156 924.605 992.583 440.178 867.672 4.901 791.767 23.978 527.568 453.896 954.494 351.378 885.411 321.632 350.12 877.382 912.926 157.59 441.024 269.945 254.628 548.951 445.425 465.46 690.195 984.989 602.815 690.041 256.234 639.673 373.964 841.604 377.717 665.687 928.224 712.487 566.823 7.52 852.461 364.754 476.278 800.884 86.675 112.148 869.311 385.232 488.488 389.333 659.376 734.531 270.3 728.92 119.342 408.228 519.459 163.289 548.367 571.694 649.218 298.904 664.63 587.712 724.916 345.325 253.613 556.683 787.533 482.974 851.39 477.958 906.685 695.109 233.173 172.028 265.442 838.285 736.715 867.293 50.338 983.672 863.532 718.988 963.524 583.723 251.662 228.06 787.001 92.371 747.44 930.67 800.246 819.152 89.431 864.288 708.944 92.613 965.439 444.619 82.21 970.847 893.198 132.459 301.192 546.439 383.983 292.3 982.549 72.318 622.791 818.336 863.413 730.614 600.795 797.838 615.733 718.036 545.583 459.444 611.13 218.25 58.913 958.071 525.73 934.648 546.251 186.575 675.526 266.303 795.613 26.173 375.235 255.336 889.625 380.7 28.635 895.244 121.398 878.571 194.549 203.558 272.977 936.002 439.435 516.174 821.299 28.405 243.831 549.116 780.577 419.302 591.296 23.538 903.265 334.302 174.685 611.407 972.436 43.954 837.337 380.088 761.178 148.919
578.463 578.677 311.952 646.857 186.275 593.13 594.606 960.541 356.106 384.749 781.466 108.084 203.628 153.151 1000000000.0 618.751 541.218 493.239 918.379 318.297 49.569 929.767 349.536 76.388 47.869 787.456 126.747 212.925 643.438 123.42 571.289 3.479 699.192 727.612 330.053 528.762 239.93 658.816 448.666 874.277 492.71 55.925 918.979 166.576 189.407 666.968 416.09 467.566 383.527 686.152 129.024 552.481 983.539 535.19 980.808 279.269 229.413 320.574 256.488 740.237 326.45 911.542 562.039 528.943 557.235 11.477 956.148 849.572 411.898 899.63 553.075 112.261 160.44 588.257 221.611 287.731 969.025 490.965 947.048 379.808 166.817 400.8 685.065 330.945 911.845 849.631 830.53 312.347 761.733 416.624 658.3 647.483 94.109 949.133 889.869 154.897 700.962 974.42 180.3 831.511 354.479 575.144 153.298 729.48 951.002 857.243 657.664 30.279 700.195 925.21 994.867 119.991 271.902 569.733 983.866 214.472 217.305 277.385 28.281 922.663 668.965 805.36 741.549 428.172 572.929 64.65 906.369 205.099 195.236 33.448 564.102 997.381 975.711 286.96 269.148 127.093 148.79 922.134 863.796 653.688 602.171 557.264 61.382 69.696 357.154 193.265 992.921 968.687 156.465 946.488 97.22 496.028 947.191 220.067 115.511 893.504 19.183 25.242 994.742 827.927 671.393 82.806 994.666 253.936 954.476 355.825 627.494 912.615 261.999 824.682 975.144 553.236 185.458 214.608 495.34 585.689 393.908 903.549 79.329 614.838 817.864 470.538 174.553 128.947 434.558 577.524 687.609 99.536 536.293 734.497 164.595 776.825 789.193 3.798 194.735 214.96 234.049 281.529 224.392 402.836
691.419 482.048 921.326 988.094 506.432 642.028 210.98 480.409 961.822 890.232 707.677 776.503 379.768 772.428 618.751 1000000000.0 530.232 278.439 226.923 311.234 464.449 203.283 349.791 317.486 746.142 567.944 23.998 393.614 368.135 365.469 170.188 430.755 974.35 943.779 958.677 803.133 659.3 452.414 406.23 485.506 52.397 967.276 236.318 745.386 867.379 435.258 735.209 657.785 255.912 347.074 445.169 482.139 789.304 784.828 665.049 40.998 981.958 531.327 218.767 799.665 798.787 195.573 308.707 89.409 645.116 743.233 512.919 644.215 830.078 835.961 25.361 882.835 477.347 205.997 878.466 429.101 862.652 767.315 654.118 904.678 329.839 957.004 123.217 917.062 11.943 401.57 929.412 993.624 576.127 642.818 587.309 476.794 606.406 486.103 546.539 273.704 343.639 623.833 644.12 154.737 672.72 121.83 120.787 901.87 205.576 434.109 676.136 196.63 192.096 180.943 412.414 871.917 756.284 545.724 820.411 857.254 276.312 583.72 364.12 715.323 515.57 102.641 882.553 163.714 161.531 610.494 701.904 550.143 896.052 899.237 879.821 770.078 253.28 184.875 215.888 517.892 602.0 893.366 676.711 787.178 680.532 671.537 400.548 328.312 116.471 973.711 100.375 443.337 596.621 847.115 394.097 93.232 567.525 44.557 725.41 837.455 501.769 243.983 583.649 643.705 453.315 563.98 863.058 244.575 317.164 812.857 816.362 490.48 351.632 994.96 233.485 641.152 737.273 187.73 514.759 486.711 145.372 64.48 41.122 524.51 787.587 742.954 849.744 107.1 720.157 924.793 694.676 752.091 822.784 201.73 172.542 714.53 357.344 380.777 902.945 360.422 806.09 603.154 82.494 289.896
424.35 752.034 301.919 919.794 416.525 217.907 691.132 821.258 582.831 339.429 557.732 613.565 872.377 119.045 541.218 530.232 1000000000.0 560.122 935.567 484.374 104.167 812.175 937.853 861.47 991.483 280.958 746.531 530.425 956.323 585.698 258.74 537.801 12.391 989.26 133.202 549.15 985.083 215.107 124.559 931.385 828.428 634.338 167.68 947.374 456.468 223.768 595.617 725.567 164.624 268.834 149.457 281.612 772.36 175.767 866.369 343.91 121.541 95.669 887.038 280.316 346.198 523.074 234.67 197.465 587.568 564.985 334.949 22.867 620.791 673.612 416.099 28.0 19.891 491.754 172.439 157.444 701.039 427.693 821.469 905.651 796.069 788.334 254.122 921.547 946.073 700.634 779.461 614.695 860.116 869.202 466.921 289.194 888.595 583.138 119.057 360.378 27.622 308.479 491.672 956.198 934.351 191.69 233.489 634.41 560.505 114.583 848.533 440.606 361.255 33.219 390.669 339.533 863.833 951.489 148.691 807.9 373.176 43.792 558.968 606.957 910.826 532.474 74.125 554.375 143.205 132.936 236.826 902.841 635.853 860.765 363.653 519.899 813.434 377.316 736.952 957.488 48.194 53.232 228.134 841.497 464.606 40.643 665.455 412.384 659.49 344.057 699.546 430.443 272.39 976.678 4.256 315.827 469.062 113.096 203.669 671.047 286.376 511.163 47.233 681.166 361.495 285.125 787.134 120.002 141.578 654.623 354.995 744.045 516.903 203.97 197.567 797.164 531.738 532.588 332.654 842.397 688.69 311.016 417.433 954.878 35.104 604.981 717.576 741.403 432.87 674.319 833.889 117.43 106.027 389.22 294.198 544.317 253.631 512.381 618.885 226.214 692.378 474.952 271.373 794.201
697.958 853.013 380.148 297.181 698.391 222.834 656.724 756.368 175.941 986.296 589.185 999.084 818.702 787.838 493.239 278.439 560.122 1000000000.0 166.925 338.947 614.03 475.6 238.035 334.598 44.716 789.448 22.369 271.647 502.565 317.943 835.339 443.875 903.124 827.319 491.246 805.72 147.364 876.804 525.099 270.785 673.328 903.917 300.562 636.545 423.459 681.419 787.082 703.438 985.466 695.405 233.034 603.525 166.459 430.244 774.861 106.943 568.857 523.918 665.447 307.664 854.782 635.036 748.07 127.94 424.114 849.669 852.832 449.212 66.489 108.844 77.949 403.758 69.998 177.807 502.442 161.807 722.248 178.015 257.12 676.702 146.037 539.786 191.511 436.043 410.322 296.909 353.698 353.076 475.373 695.516 780.017 122.161 224.187 331.103 628.998 425.001 158.043 362.93 281.783 152.164 98.874 346.751 321.07 192.773 955.479 769.767 488.055 159.442 262.704 107.281 823.19 449.986 655.769 339.111 710.503 642.97 879.019 794.96 773.684 434.612 586.252 126.73 434.657 456.079 509.416 551.501 828.967 316.518 145.443 334.248 696.877 423.434 596.619 726.83 557.514 705.717 57.031 968.69 160.911 957.418 32.384 46.003 521.199 825.234 673.547 436.169 313.362 780.239 168.241 49.863 585.301 418.902 617.242 276.001 423.687 254.218 281.33 972.513 611.011 162.116 908.437 977.422 272.391 171.461 990.013 206.573 36.912 298.055 668.286 625.263 842.709 962.989 413.022 713.692 629.816 63.141 950.854 37.068 582.432 425.75 185.852 859.858 62.259 517.864 540.628 781.82 834.005 840.427 580.993 270.607 878.877 326.032 239.761 658.253 808.567 5.345 433.417 325.575 817.795 998.521
806.188 454.881 116.989 341.299 924.673 373.45 705.367 422.961 421.179 639.803 290.278 622.685 872.122 248.895 918.379 226.923 935.567 166.925 1000000000.0 445.684 229.203 367.747 726.122 504.865 70.844 296.044 768.045 477.57 331.712 841.024 101.501 966.8 26.04 435.454 519.966 728.909 273.133 719.986 678.004 98.389 590.38 269.716 17.36 168.234 789.423 366.766 83.878 446.471 140.097 234.664 825.1 385.234 754.464 847.595 705.341 307.422 483.118 320.895 50.066 444.396 289.779 552.153 439.749 659.374 740.128 238.398 432.281 241.488 975.995 27.357 526.75 717.533 978.625 470.42 132.495 74.667 793.875 975.094 857.495 29.503 465.843 184.323 427.076 72.566 204.057 183.254 508.719 450.634 515.301 639.042 212.972 527.762 107.048 889.882 35.388 657.381 667.243 841.711 334.191 480.448 409.766 581.061 148.408 70.37 959.564 165.365 207.591 34.905 977.116 777.373 523.486 64.344 20.815 70.797 624.091 728.213 977.86 675.722 189.546 210.474 922.307 459.629 420.116 853.403 80.479 131.711 224.321 609.015 552.507 428.6 651.702 173.729 647.166 142.315 819.399 473.432 750.048 922.058 453.629 892.964 569.447 803.795 804.011 239.89 728.59 578.89 490.628 642.127 344.421 17.364 896.327 512.588 529.877 457.801 91.013 721.572 690.369 711.247 120.549 779.044 766.531 112.48 328.972 628.12 802.446 397.615 233.026 953.917 868.248 120.073 977.704 451.785 958.062 323.191 981.791 306.533 420.836 458.637 590.173 421.379 542.047 988.608 752.637 255.296 175.292 647.867 913.556 497.543 664.245 783.972 805.303 50.831 955.704 251.358 43.824 70.08 65.104 691.743 854.331 568.497
147.045 722.549 248.202 775.833 231.379 197.605 109.656 440.856 292.129 86.869 68.005 461.963 327.974 206.562 318.297 311.234 484.374 338.947 445.684 1000000000.0 823.886 137.506 781.59 391.12 916.071 810.7 887.846 340.369 557.473 83.382 574.155 383.403 596.357 598.525 317.534 508.215 5.703 905.24 587.211 780.325 760.113 487.498 101.175 143.582 297.963 830.74 740.342 613.276 398.723 953.038 568.21 746.984 10.214 304.442 22.22 384.853 56.95 326.745 674.862 531.565 495.735 454.064 602.984 440.53 24.8 39.527 353.09 954.899 322.729 558.244 308.703 571.252 6.8 107.004 78.748 393.976 986.795 336.386 73.887 536.1 943.971 33.557 911.163 520.693 985.756 627.974 602.142 317.945 268.453 439.514 971.228 296.488 163.313 634.466 700.642 99.308 875.921 730.212 250.744 964.928 658.81 736.11 946.403 828.751 569.398 682.269 510.908 289.359 84.23 381.589 305.196 602.006 766.938 580.138 420.795 969.252 239.631 677.073 586.212 332.217 992.911 56.555 51.953 565.014 212.184 85.811 150.412 349.605 477.658 73.522 479.879 801.257 370.224 780.56 428.403 316.771 109.078 980.05 533.956 323.272 581.146 229.289 901.751 780.437 793.939 951.297 267.09 79.591 102.375 28.267 614.684 456.686 704.072 731.024 718.916 222.31 480.003 206.142 333.541 147.85 507.406 825.831 669.174 869.852 101.278 246.218 176.919 896.324 528.379 616.15 781.907 465.145 942.591 998.526 739.124 457.249 103.705 894.097 417.841 18.675 486.745 797.897 337.382 892.965 407.465 336.089 247.575 457.338 448.42 722.071 852.199 865.828 232.907 369.992 597.751 210.555 850.343 506.419 377.94 479.466
605.82 598.644 192.066 846.634 924.736 643.529 303.545 20.433 717.456 447.355 470.367 739.642 647.325 686.577 49.569 464.449 104.167 614.03 229.203 823.886 1000000000.0 606.383 897.478 627.311 893.397 82.733 264.946 783.077 667.345 462.774 33.657 565.163 250.33 30.862 256.023 34.579 484.943 656.012 416.115 598.236 420.763 975.95 211.795 177.903 729.996 802.962 328.614 491.726 696.662 654.251 262.684 636.274 636.955 928.838 159.362 561.579 226.098 938.434 182.814 819.809 923.454 135.64 13.755 885.194 433.503 213.509 809.058 812.461 747.304 331.02 533.474 143.602 302.297 437.007 648.527 782.57 930.558 206.599 891.488 734.955 814.934 842.035 239.203 467.906 702.117 965.387 688.438 199.816 754.26 331.707 500.404 130.94 817.241 306.657 825.002 17.508 182.139 974.122 603.724 779.3 459.879 983.679 33.849 434.791 519.882 108.571 579.283 672.707 717.985 55.653 113.429 433.453 819.963 774.661 918.623 564.126 281.479 473.58 400.059 372.281 722.771 813.127 701.507 438.277 967.174 781.542 477.297 358.651 161.181 764.068 658.223 628.755 294.776 449.618 996.682 783.815 89.656 568.172 356.212 921.424 377.804 759.151 11.339 697.322 121.956 623.438 494.185 392.53 348.733 779.88 390.641 911.334 563.668 856.999 764.802 956.88 379.556 563.131 154.106 384.421 74.576 73.437 912.729 2.838 16.454 584.299 522.599 432.755 921.16 196.729 398.906 776.869 963.133 384.322 105.166 985.881 886.675 250.569 248.403 311.766 395.75 714.187 902.671 745.278 344.738 308.316 757.914 638.235 34.098 700.526 440.556 500.985 576.745 702.964 807.81 948.586 886.974 649.386 81.14 176.677
50.019 499.301 256.326 197.054 704.595 509.321 127.438 888.974 173.422 482.54 396.857 297.722 630.505 35.387 929.767 203.283 812.175 475.6 367.747 137.506 606.383 1000000000.0 375.49 592.32 634.728 773.845 444.668 796.956 470.501 795.483 777.223 966.621 724.179 137.651 542.376 646.699 973.235 919.011 986.007 390.129 67.165 201.891 497.713 300.568 631.722 643.483 316.606 997.77 973.587 284.146 353.724 840.189 38.094 274.89 469.788 897.546 184.348 160.078 351.226 589.961 71.014 897.202 895.669 249.288 35.633 388.819 923.764 77.116 990.699 749.399 497.361 790.398 951.997 155.936 601.98 323.132 133.694 156.833 151.861 263.248 852.352 412.027 291.506 410.819 523.765 191.851 77.015 729.328 829.682 555.483 259.063 850.149 639.067 693.942 718.932 373.535 17.021 283.98 814.006 813.396 934.136 635.705 414.244 651.331 421.301 313.125 645.011 306.26 42.288 946.102 723.419 938.068 738.548 755.985 42.706 741.745 98.344 679.046 839.448 714.977 710.839 473.906 777.299 781.339 310.166 243.268 691.41 808.433 700.592 775.135 895.749 4.704 218.083 769.183 984.059 84.802 167.52 621.564 912.927 313.293 702.379 898.227 847.022 944.528 973.273 634.848 972.069 518.077 285.741 267.048 934.269 4.108 242.939 691.729 921.643 576.464 792.833 396.208 564.577 334.695 94.441 238.282 688.983 144.086 164.781 128.245 399.782 985.382 724.725 368.636 418.841 540.602 745.134 780.607 890.695 110.081 437.443 351.422 360.456 592.315 853.249 796.898 875.019 215.404 41.779 359.462 842.459 236.136 179.58 844.217 936.636 455.891 491.93 901.597 507.44 807.469 590.056 783.895 667.081 677.253
483.178 418.409 74.47 701.025 376.881 678.95 303.195 342.838 469.876 20.067 559.702 480.852 689.207 972.592 349.536 349.791 937.853 238.035 726.122 781.59 897.478 375.49 1000000000.0 377.074 707.117 567.672 405.504 145.56 843.681 353.302 323.594 243.969 938.345 152.868 184.25 60.767 509.551 856.267 458.447 26.98 541.82 253.937 836.144 397.99 882.7 868.659 276.931 744.353 157.887 184.871 533.71 550.877 776.385 140.338 145.124 220.666 409.338 920.112 646.827 920.666 58.061 644.481 420.17 720.547 708.07 723.17 588.91 104.149 506.528 952.893 549.062 194.464 306.088 693.716 292.904 662.6 597.373 826.069 369.131 655.416 550.796 919.495 927.153 977.775 177.006 792.574 952.846 747.726 362.215 869.358 976.849 128.565 742.629 143.466 803.444 574.056 377.371 233.596 417.364 82.357 454.971 699.336 731.302 824.106 779.479 160.027 914.692 104.148 438.21 90.343 275.235 819.641 540.654 891.43 429.187 101.662 195.804 687.233 750.445 782.45 214.516 717.934 952.467 492.425 664.552 70.39 620.611 557.386 416.418 386.772 838.218 495.02 391.063 868.886 807.43 55.294 52.358 452.374 187.305 981.385 86.212 948.402 893.789 214.469 544.283 264.036 817.916 335.777 941.751 852.419 55.312 744.274 994.546 533.662 394.34 433.955 321.424 784.87 79.148 340.488 826.35 913.118 538.601 797.188 22.963 676.272 882.941 90.621 307.578 196.809 943.172 403.055 40.457 407.689 526.776 791.196 742.716 664.115 791.393 308.415 995.88 655.304 183.937 841.216 778.978 598.847 849.634 520.7 267.574 52.416 310.714 509.143 957.93 663.717 536.092 822.174 672.589 960.592 265.348 739.3
60.32 58.776 195.299 199.043 339.203 320.071 718.287 586.529 59.875 702.006 174.652 186.159 961.357 34.552 76.388 317.486 861.47 334.598 504.865 391.12 627.311 592.32 377.074 1000000000.0 183.011 761.653 396.795 229.406 987.203 715.661 549.539 536.076 405.075 514.15 335.014 220.636 978.461 948.726 714.302 887.452 850.966 329.0 318.631 547.514 946.456 68.685 925.667 642.229 848.365 352.968 722.04 592.955 2.502 551.142 507.496 36.649 470.11 784.917 83.373 730.631 421.765 82.809 37.699 66.958 267.486 775.368 212.717 652.952 52.896 929.036 5.107 834.717 349.284 943.321 629.73 67.996 196.59 245.185 98.175 551.216 296.571 792.941 508.136 357.612 704.729 378.422 356.75 805.315 281.224 700.789 5.854 966.649 56.664 447.636 886.697 731.355 72.199 457.788 713.238 43.183 823.88 80.061 962.041 397.455 304.915 867.044 877.813 925.529 166.766 719.242 499.767 290.469 519.787 549.981 283.281 831.236 939.139 368.752 694.037 877.176 769.71 956.853 390.111 622.171 968.573 200.404 650.159 210.486 575.003 477.736 979.845 83.858 158.169 692.117 44.311 243.621 219.447 519.711 18.295 557.693 796.991 203.288 171.305 50.584 356.222 771.353 495.885 621.512 256.034 924.575 320.13 522.219 381.651 104.67 335.859 386.859 801.829 720.466 25.695 511.785 618.554 993.019 919.971 639.087 914.419 48.41 459.071 716.257 151.096 307.458 687.63 973.016 387.742 307.006 22.614 94.173 427.415 19.121 286.091 476.769 796.602 559.02 853.874 356.868 647.769 946.828 62.145 246.57 387.774 874.66 868.158 522.276 706.305 9.686 695.941 164.9 853.466 670.315 516.259 541.758
931.368 113.779 272.36 865.689 503.201 379.99 55.358 386.824 490.523 821.851 999.397 631.818 156.608 905.483 47.869 746.142 991.483 44.716 70.844 916.071 893.397 634.728 707.117 183.011 1000000000.0 95.015 185.564 837.601 588.552 757.192 490.709 53.753 725.536 933.521 676.768 899.095 866.112 410.797 995.286 537.827 189.16 998.435 391.748 296.513 591.161 635.558 808.232 604.643 504.219 653.264 493.506 339.788 247.179 931.783 23.327 591.649 228.88 517.482 625.724 891.32 462.969 733.529 814.221 108.84 548.921 824.668 782.397 659.87 830.926 390.389 501.023 294.644 838.937 897.977 484.51 756.079 304.826 932.57 993.934 986.727 274.192 738.033 430.654 452.43 229.84 899.222 625.968 543.408 586.871 473.551 142.824 110.118 288.118 731.368 369.472 925.196 541.327 313.347 270.678 849.611 9.845 894.164 708.676 817.81 816.423 119.988 121.173 786.128 351.59 846.412 481.963 593.229 689.758 549.221 486.195 85.889 691.557 110.1 433.536 723.771 156.953 802.576 279.16 137.068 592.702 970.258 204.419 708.671 346.64 463.115 723.178 963.313 758.467 770.577 981.338 559.101 579.731 892.689 30.033 228.542 259.04 61.199 556.451 299.844 685.589 614.318 571.618 161.523 689.077 977.749 197.859 421.895 745.808 84.519 120.88 191.138 518.124 701.624 733.925 531.878 397.856 684.873 829.65 250.058 103.292 735.552 688.812 925.58 962.253 135.811 762.397 307.949 930.987 473.068 298.744 168.355 834.376 235.317 249.14 139.657 76.142 573.101 332.176 718.036 299.269 341.925 273.397 230.089 62.304 461.956 771.908 15.902 728.253 331.52 245.587 646.167 64.951 281.952 133.586 937.342
