200
1000000000.0 240.934 396.058 288.485 271.215 330.636 852.082 415.776 353.352 754.433 258.928 169.931 7.083 195.378 580.241 48.228 838.893 936.595 267.019 170.773 946.735 581.723 646.649 203.257 429.567 988.022 803.732 72.537 807.086 424.404 593.956 417.985 594.431 89.833 642.548 680.319 270.368 921.18 27.081 853.659 519.675 122.275 508.844 707.623 221.436 840.173 26.94 397.362 103.504 309.203 720.121 235.12 946.284 629.132 939.565 634.847 899.879 597.266 469.762 967.619 285.205 381.031 304.136 222.351 726.454 928.578 108.111 671.489 294.582 679.064 745.273 916.492 540.424 525.734 292.953 153.882 444.017 119.068 927.888 606.532 157.647 25.048 984.343 207.303 254.23 651.795 38.521 335.128 894.882 151.345 222.226 450.686 729.176 313.201 177.693 365.476 157.263 341.928 68.12 473.946 91.407 728.387 991.689 732.074 27.171 56.864 794.269 455.428 806.479 213.864 733.674 426.879 849.807 958.411 915.716 307.316 161.057 366.792 37.455 557.703 261.209 996.372 941.195 827.764 431.458 706.914 626.65 445.602 879.893 47.45 877.449 380.426 991.824 57.845 394.302 317.678 423.101 456.892 597.355 654.873 470.628 152.964 545.103 399.281 656.996 844.786 632.948 200.421 340.639 781.835 719.762 457.742 186.854 497.689 752.19 354.3 87.834 43.938 843.045 4.205 269.686 70.277 36.173 311.75 188.448 941.566 891.006 438.647 783.827 432.22 366.796 989.801 331.096 658.236 78.853 724.262 128.673 606.223 882.772 201.45 121.148 385.863 9.174 702.96 366.062 43.265 52.703 491.666 124.495 130.877 657.969 649.927 733.965 155.306 558.35 848.157 214.914 953.935 395.075 804.702
240.934 1000000000.0 289.383 810.382 974.143 52.107 971.934 343.084 499.04 338.993 503.763 400.392 822.243 275.691 574.924 715.899 537.079 637.467 973.317 887.464 152.77 503.838 867.039 300.207 78.596 23.639 595.654 142.481 855.304 233.12 262.074 692.75 98.827 531.116 756.521 710.749 132.091 832.473 694.096 703.636 930.071 180.456 11.364 923.128 148.052 828.991 819.354 790.521 500.367 896.952 172.907 620.709 661.012 61.106 149.787 43.006 223.927 382.551 232.209 677.656 622.93 673.674 236.503 122.879 403.009 743.351 149.97 521.294 881.622 998.195 436.855 889.026 957.371 529.364 885.297 961.795 309.544 72.906 577.638 493.879 480.756 266.116 188.511 807.452 760.931 629.016 234.147 873.124 86.363 537.356 111.943 552.202 672.132 438.204 9.394 454.553 232.493 201.772 514.384 475.432 200.212 391.199 581.891 7.327 705.786 269.695 116.161 547.375 832.659 108.616 189.27 980.349 586.909 607.766 986.833 125.152 705.297 496.238 531.623 704.56 840.581 988.582 635.327 816.079 109.082 545.36 968.979 120.692 137.172 843.172 722.864 360.146 408.496 499.407 327.573 128.353 884.492 910.457 518.283 706.121 385.317 376.673 342.436 323.458 240.411 449.068 265.055 353.568 813.911 499.514 136.848 897.027 901.422 558.35 369.886 848.3 714.659 68.279 771.533 425.321 46.184 961.235 185.526 881.79 962.231 224.498 381.73 920.365 482.276 545.108 312.145 383.139 379.303 649.639 76.528 224.875 995.081 293.749 489.091 77.018 125.335 254.502 321.19 74.038 785.32 464.366 717.724 254.701 89.544 787.389 891.409 463.034 570.577 184.316 607.892 394.353 466.78 796.439 775.027 108.094
396.058 289.383 1000000000.0 61.262 331.14 484.583 923.952 65.653 46.064 203.337 306.753 916.196 733.179 409.439 912.836 409.979 876.335 354.099 253.771 991.593 752.593 379.989 926.809 63.849 919.411 316.925 776.508 124.292 269.876 82.211 377.173 199.893 769.587 817.761 564.731 262.516 243.956 374.743 671.028 272.824 271.156 993.825 576.887 197.812 906.146 118.352 503.891 616.712 153.486 910.011 419.303 840.315 66.462 507.897 520.69 438.122 8.757 61.935 17.77 232.946 542.226 781.152 797.491 632.693 167.475 993.795 997.125 598.503 667.788 720.504 412.294 943.952 164.932 629.287 413.167 388.807 683.966 895.853 88.972 944.665 18.713 913.808 64.419 71.024 102.478 239.294 454.372 711.132 340.449 809.195 125.192 102.221 5.22 948.646 21.128 93.963 684.155 784.441 498.657 649.434 796.933 881.782 861.99 122.259 504.862 400.068 452.331 684.17 723.953 898.383 606.319 300.114 665.784 399.178 294.422 472.677 186.605 341.237 484.551 157.738 804.301 231.347 605.208 766.266 948.162 979.837 93.518 925.498 705.887 805.498 616.013 600.416 879.247 370.715 84.006 738.222 913.553 825.77 307.415 822.556 416.009 159.782 797.388 455.46 121.209 553.231 431.055 389.473 781.71 608.659 805.088 243.583 62.898 999.13 843.458 951.138 894.232 608.451 54.161 298.607 394.255 922.12 441.961 835.856 531.184 361.424 692.261 892.583 103.623 250.812 907.904 601.293 927.511 253.069 817.072 58.217 501.802 587.582 613.315 790.769 332.366 124.122 735.543 926.658 314.231 930.601 955.269 298.498 883.897 388.482 963.339 427.552 7.413 860.991 181.935 459.939 64.047 195.079 778.652 866.116
288.485 810.382 61.262 1000000000.0 154.908 654.943 31.99 94.895 521.264 257.232 998.894 346.058 713.634 330.715 625.086 385.435 370.622 858.775 680.518 998.318 578.437 387.437 472.16 925.955 317.266 648.122 183.6 170.027 187.859 49.548 387.766 462.849 50.969 41.549 842.332 376.369 406.218 182.213 541.641 210.483 161.485 303.873 749.462 553.603 357.615 105.776 342.351 479.481 444.998 705.299 680.493 18.273 943.07 873.564 886.028 688.655 436.546 38.939 303.861 690.852 76.661 4.261 449.142 357.563 677.836 847.452 155.103 231.673 798.056 620.657 988.255 424.462 71.035 187.446 560.759 123.319 277.512 302.019 699.31 586.372 412.105 748.641 732.102 441.473 538.279 862.633 986.948 12.42 910.817 39.332 673.371 222.596 93.373 510.719 448.404 152.349 243.298 804.796 145.534 233.314 308.867 508.989 76.118 144.474 379.596 545.182 366.658 173.943 781.377 912.931 92.264 71.419 65.534 643.053 68.367 935.002 210.448 104.602 395.929 649.656 207.591 484.087 753.909 961.981 520.181 903.911 496.503 250.089 205.405 843.902 714.82 180.122 791.874 13.829 919.754 924.374 448.837 997.418 484.766 833.362 691.69 280.345 130.809 967.565 222.81 49.814 957.044 475.628 264.086 464.229 754.545 779.117 558.083 518.928 283.422 90.626 527.126 252.882 735.402 733.7 974.502 951.774 763.32 300.688 265.239 427.142 604.794 217.286 793.915 64.079 693.363 296.677 437.712 581.753 270.16 137.587 636.693 187.171 342.341 850.667 34.953 579.461 22.101 817.002 652.274 502.259 897.004 737.836 840.824 799.325 278.979 2.093 492.429 2.912 164.711 681.556 160.621 685.887 859.401 71.482
271.215 974.143 331.14 154.908 1000000000.0 964.487 781.825 999.757 964.52 508.581 424.235 249.388 944.073 681.735 279.788 468.936 700.937 277.453 502.349 288.757 974.253 635.26 135.202 742.904 128.04 571.844 227.808 609.723 155.586 83.614 369.78 611.735 450.745 592.372 776.845 814.963 421.059 611.423 870.75 640.016 565.164 976.71 891.812 676.44 138.332 790.382 676.867 223.376 610.623 141.761 880.069 262.692 992.169 379.448 612.843 859.021 703.609 775.593 833.646 627.917 675.664 133.289 254.381 478.29 787.756 515.532 202.678 862.466 768.082 879.311 683.222 428.903 378.914 351.805 893.28 198.393 936.912 478.95 652.384 531.862 552.475 23.34 622.74 134.146 919.128 408.977 124.717 362.699 136.668 486.466 645.081 323.737 748.033 311.665 752.378 91.341 54.694 818.576 62.056 514.47 941.101 999.392 669.735 273.871 900.695 960.084 114.801 661.139 458.808 682.861 959.158 396.181 558.877 212.422 58.277 487.21 817.505 160.353 706.325 409.046 691.826 286.367 716.851 156.372 30.915 722.091 62.738 627.743 181.711 788.578 276.57 982.23 864.341 408.253 386.964 371.783 81.835 265.457 528.32 779.822 412.792 696.114 835.297 685.65 99.403 113.389 49.886 973.036 746.342 317.219 947.306 208.4 985.211 839.868 802.692 446.951 16.436 981.468 729.56 380.621 257.16 146.936 681.916 984.757 871.808 667.007 489.959 87.716 119.204 955.144 577.024 325.63 632.834 286.574 516.986 198.217 908.349 896.849 924.101 374.501 713.154 581.938 986.518 58.522 536.399 406.473 462.408 476.914 869.024 55.51 534.912 710.367 306.611 167.665 828.33 950.052 33.147 434.79 873.356 994.19
330.636 52.107 484.583 654.943 964.487 1000000000.0 778.997 56.823 471.828 290.088 382.212 124.515 60.342 163.669 653.985 54.638 381.531 285.916 564.111 865.211 586.952 186.378 830.467 986.088 670.972 627.423 87.557 715.068 735.817 169.578 136.477 598.951 858.11 796.177 781.143 373.809 436.67 411.391 367.092 528.536 513.879 351.984 525.135 652.991 527.942 924.693 116.945 343.116 955.799 992.468 891.416 614.477 944.842 529.818 773.468 829.399 450.959 393.005 120.499 841.441 389.655 616.655 334.495 565.692 309.365 925.173 573.238 558.225 906.015 435.592 513.983 581.912 887.987 409.383 502.96 886.533 873.716 212.073 805.528 683.515 18.647 861.055 4.423 701.624 413.097 509.961 349.133 900.004 546.01 494.497 416.679 380.375 157.4 608.595 327.417 884.048 395.574 760.775 954.072 114.983 266.346 683.88 387.57 615.668 374.552 619.275 409.693 872.746 47.641 748.365 744.494 505.758 929.118 883.834 493.095 923.962 56.332 335.24 613.676 838.819 774.379 330.751 871.918 648.284 720.313 858.33 833.799 226.631 822.159 785.11 542.263 931.593 161.149 439.224 771.626 527.96 802.606 831.489 35.599 499.303 688.788 375.242 738.443 358.111 659.706 121.125 856.762 738.98 799.806 118.779 995.718 129.389 321.154 44.906 572.397 126.283 623.701 655.55 71.0 180.699 628.272 501.235 840.338 246.731 59.386 55.828 8.683 952.288 621.494 662.049 376.559 168.113 947.089 397.116 71.139 415.598 242.251 980.772 763.167 379.633 482.27 241.132 698.707 247.527 870.318 368.398 229.901 800.339 871.955 410.04 844.541 135.915 210.305 907.852 490.948 690.935 987.159 197.947 281.672 58.033
852.082 971.934 923.952 31.99 781.825 778.997 1000000000.0 727.787 469.129 526.377 680.726 423.373 784.969 870.747 807.864 651.702 57.782 959.658 783.944 254.216 942.837 436.748 542.578 709.002 733.952 416.846 865.006 471.267 287.147 491.067 23.82 994.861 232.527 984.392 246.46 349.093 519.001 405.344 345.521 730.547 317.333 955.535 429.586 891.297 169.973 661.289 694.632 288.854 401.944 416.414 403.977 58.405 623.267 845.494 266.408 340.749 838.397 9.217 25.735 659.136 341.761 363.524 401.229 327.203 506.979 87.827 517.763 427.32 138.986 306.188 411.917 223.381 18.389 869.107 813.227 350.115 725.641 559.778 836.372 840.515 633.55 941.947 512.226 703.672 366.633 816.673 275.119 446.975 105.702 670.385 356.234 418.01 539.331 740.389 466.138 140.632 879.697 636.34 192.506 675.071 578.915 92.974 274.796 751.617 666.03 718.619 679.425 715.273 805.512 366.122 872.775 509.816 368.61 85.849 889.577 769.113 227.291 374.6 606.211 837.812 462.532 978.573 909.703 672.231 797.904 166.405 972.639 770.586 357.378 370.77 593.595 236.45 217.66 414.939 17.863 347.861 466.257 654.841 7.014 985.251 322.451 53.899 124.215 112.732 975.396 472.58 461.566 931.861 531.605 286.566 514.379 984.682 314.16 985.952 756.005 320.618 404.924 402.192 822.483 732.439 776.89 898.479 75.597 823.394 406.939 419.422 389.912 12.033 928.682 153.185 868.906 842.986 533.209 411.132 520.303 421.251 57.815 803.309 268.406 219.269 686.46 922.478 572.416 533.547 498.43 224.059 839.175 209.799 178.659 594.329 980.111 758.798 254.142 625.067 399.985 38.561 753.426 939.077 738.524 443.622
415.776 343.084 65.653 94.895 999.757 56.823 727.787 1000000000.0 40.436 557.679 434.568 207.699 745.583 761.02 371.07 86.991 384.636 230.057 141.545 214.941 561.957 893.562 374.406 520.419 854.763 607.745 120.323 86.162 247.472 489.134 502.131 188.86 983.613 687.678 614.402 93.758 901.683 792.934 200.038 329.272 77.742 870.304 616.353 20.649 219.666 841.994 396.473 774.0 450.735 2.607 937.236 581.708 251.558 813.128 421.133 360.009 941.133 301.893 272.755 720.233 442.359 777.526 742.039 76.726 236.753 845.635 318.14 606.883 917.35 499.148 814.946 301.233 522.131 220.141 817.708 297.398 200.087 142.118 616.989 632.628 587.205 346.886 511.992 206.479 646.573 94.435 902.201 293.823 952.359 299.923 741.334 51.086 776.956 379.248 51.546 544.902 298.038 539.53 998.699 622.344 487.544 471.714 410.62 230.198 511.577 513.426 40.809 617.47 84.616 319.529 974.807 137.596 677.953 765.526 380.493 473.544 331.258 991.974 246.258 376.569 515.937 348.681 609.471 931.513 91.062 589.758 113.952 23.293 682.59 962.56 349.113 814.279 330.651 118.975 472.714 652.684 36.9 135.207 536.636 422.498 167.246 254.679 263.149 460.966 515.891 221.836 228.503 380.167 817.189 993.954 671.956 164.899 232.358 585.755 16.696 157.184 751.685 757.059 794.304 768.625 719.193 3.874 844.158 796.147 740.419 912.915 103.114 900.288 474.119 333.789 363.569 509.825 123.615 962.122 995.05 222.85 113.777 148.592 799.312 589.488 790.542 720.334 1.862 394.562 558.002 329.131 416.046 215.759 470.86 355.272 646.978 224.124 605.941 626.1 847.802 215.687 131.456 543.61 220.148 534.992
353.352 499.04 46.064 521.264 964.52 471.828 469.129 40.436 1000000000.0 46.811 818.456 797.914 865.473 422.012 214.395 291.835 24.488 186.659 897.569 110.367 358.093 533.45 621.512 18.695 24.406 156.344 10.308 558.511 356.229 654.77 243.1 954.632 464.22 520.741 611.802 105.856 263.861 361.974 1.677 583.641 373.095 752.86 12.847 390.338 83.882 572.617 493.855 268.278 885.45 352.456 301.713 868.78 455.966 497.543 404.427 254.841 516.674 756.681 934.076 444.212 866.801 756.9 417.894 205.603 586.824 226.66 446.979 130.837 184.853 671.54 341.916 347.986 125.408 528.455 143.848 717.615 166.383 343.495 876.59 743.712 664.932 575.661 267.592 995.113 82.675 633.189 713.029 966.486 158.574 976.311 825.93 616.491 707.234 345.364 355.444 105.863 15.366 572.346 758.932 967.657 747.456 578.71 255.658 704.925 446.819 145.73 61.229 907.108 529.885 536.125 298.994 97.01 357.59 438.031 850.579 63.539 852.554 561.206 822.818 282.007 545.591 845.077 822.956 685.487 939.43 808.685 563.189 813.223 923.981 723.776 371.473 292.7 818.232 873.416 616.445 475.923 649.905 459.878 785.39 656.411 923.019 491.493 122.028 642.894 159.293 467.201 809.335 1.582 452.605 351.407 727.922 431.985 342.627 483.945 961.472 116.226 957.724 458.347 803.021 952.035 650.437 593.9 235.7 966.327 219.325 645.931 290.151 855.03 85.285 737.001 392.729 370.171 930.6 6.493 852.003 661.037 960.01 649.46 18.044 694.38 506.097 617.354 223.484 932.6 258.146 776.326 391.253 561.821 753.104 423.84 960.525 591.87 665.023 111.913 5.093 736.326 504.805 174.008 261.243 236.119
754.433 338.993 203.337 257.232 508.581 290.088 526.377 557.679 46.811 1000000000.0 131.427 841.808 171.551 295.742 424.14 575.222 39.911 453.552 692.63 846.774 809.957 391.831 650.604 933.35 844.029 38.484 695.077 306.923 137.692 187.812 470.423 434.761 226.082 747.49 546.743 179.561 194.081 955.773 549.067 877.423 878.31 9.448 578.568 997.459 341.396 499.439 286.068 775.437 820.822 892.768 544.238 349.346 943.597 684.09 455.986 840.018 61.038 421.784 163.502 508.792 443.833 890.316 703.59 569.934 195.307 283.194 657.514 237.45 243.516 349.984 886.647 867.765 788.238 212.339 470.219 442.704 823.524 199.437 383.616 699.398 43.806 641.994 862.786 56.461 671.081 689.871 670.073 940.55 195.699 135.232 709.834 603.525 258.937 937.138 987.523 256.065 225.337 133.218 938.153 360.181 842.898 261.777 43.421 839.689 244.79 980.842 573.86 352.436 239.053 730.03 491.709 557.183 439.939 856.803 59.827 305.203 552.09 306.716 393.636 4.292 802.566 264.795 472.08 419.281 840.639 890.102 248.732 397.095 925.215 290.365 922.463 57.332 700.16 686.393 451.257 787.467 369.455 978.363 828.84 578.793 404.009 477.987 353.829 791.608 175.195 959.935 381.61 177.696 970.456 892.865 76.321 660.916 74.378 578.245 300.461 442.039 845.189 227.685 104.075 764.137 883.411 523.393 928.144 444.749 319.946 598.068 768.754 564.29 723.786 495.985 682.701 767.239 143.211 122.634 13.585 623.669 976.004 292.453 496.09 338.032 965.677 21.909 430.59 366.794 920.429 114.372 171.622 291.023 921.935 862.46 464.233 276.141 892.6 241.261 801.719 285.28 162.877 768.735 710.443 119.267
258.928 503.763 306.753 998.894 424.235 382.212 680.726 434.568 818.456 131.427 1000000000.0 523.226 397.762 132.734 104.447 274.332 125.051 947.258 270.082 936.472 741.205 988.569 377.908 726.584 875.304 128.729 950.968 144.292 330.5 295.832 564.932 287.803 697.236 142.986 241.02 879.044 886.926 659.288 815.144 820.657 741.871 142.553 796.182 102.992 743.971 587.116 374.902 959.359 281.786 376.176 387.046 848.291 37.158 4.988 240.379 779.584 314.093 785.28 760.208 407.455 6.594 325.235 919.74 230.751 324.14 657.967 964.436 272.783 690.638 284.863 296.435 4.509 356.671 302.63 399.55 582.094 539.344 351.762 139.961 548.135 53.926 576.9 194.235 891.405 603.42 303.378 957.284 255.796 370.545 31.743 208.446 1.228 495.162 785.808 319.867 360.359 566.599 977.44 758.897 859.561 350.034 171.87 80.629 43.992 231.555 261.061 540.189 811.511 818.51 407.481 250.643 565.49 783.985 780.497 848.638 723.695 914.101 335.162 725.724 342.123 298.902 849.442 274.505 228.753 846.756 884.495 233.205 537.941 168.649 759.625 258.618 629.607 967.844 416.723 448.373 816.6 86.355 6.529 214.622 911.696 17.337 287.942 941.212 408.365 669.085 79.895 708.383 470.669 59.526 238.088 730.87 540.27 488.727 975.714 591.616 751.972 343.103 634.989 391.164 258.848 115.117 584.81 97.47 574.392 288.807 142.368 306.158 673.48 356.375 355.83 355.826 466.0 583.322 17.833 699.871 665.304 163.541 827.755 987.27 913.956 828.117 397.055 52.62 594.008 357.421 324.204 41.597 125.485 679.526 829.48 265.81 329.951 251.567 989.884 78.276 956.775 616.917 822.198 173.076 269.519
169.931 400.392 916.196 346.058 249.388 124.515 423.373 207.699 797.914 841.808 523.226 1000000000.0 453.04 823.713 4.457 353.93 353.969 430.572 418.858 447.432 303.595 698.836 515.388 370.925 396.03 152.568 915.897 830.215 69.392 198.797 893.277 8.748 944.636 371.767 186.812 259.034 643.992 548.09 60.163 228.746 92.296 614.423 52.967 832.877 310.225 453.686 349.774 621.047 292.715 796.235 592.015 446.123 999.737 954.77 452.314 335.686 529.498 32.244 76.897 667.411 177.81 631.445 435.3 989.876 382.306 791.99 279.978 73.828 830.538 543.087 689.764 497.407 1.726 847.305 623.548 723.366 174.061 200.228 940.671 939.075 87.85 69.019 946.214 695.048 497.588 905.816 64.018 465.07 906.949 548.691 350.552 29.085 51.706 679.963 704.057 865.08 950.962 96.538 139.47 344.469 261.781 433.387 981.738 921.923 278.938 821.508 114.04 135.132 439.446 449.758 407.426 210.669 271.126 662.73 740.12 454.492 280.435 583.705 622.965 488.798 605.417 940.265 665.117 116.199 254.414 343.71 536.091 527.972 338.726 188.243 472.313 112.972 642.371 291.433 864.914 676.588 451.56 933.225 990.856 866.468 531.477 955.104 595.088 274.596 976.702 708.888 182.289 219.741 327.422 999.95 654.871 365.136 626.871 386.48 516.201 753.492 56.835 349.213 437.845 592.991 721.858 692.82 305.737 762.874 572.298 558.604 123.332 587.006 881.179 887.59 890.664 793.655 827.156 350.02 47.679 883.807 269.373 899.845 552.037 790.441 361.367 222.272 685.549 814.837 874.067 695.963 786.8 566.03 852.799 733.389 238.865 783.167 297.478 539.871 57.715 428.485 750.271 625.968 409.019 101.146
7.083 822.243 733.179 713.634 944.073 60.342 784.969 745.583 865.473 171.551 397.762 453.04 1000000000.0 100.361 283.439 58.008 338.325 385.445 545.211 292.262 33.791 445.795 505.511 537.59 192.093 563.639 612.55 244.664 683.827 703.14 665.279 704.824 372.697 506.433 377.383 967.587 523.019 178.768 108.074 310.228 155.045 589.165 804.438 55.414 37.524 156.155 185.968 781.107 920.195 551.492 646.418 683.917 101.299 410.448 612.453 22.933 859.285 359.506 581.907 374.702 775.083 743.365 84.817 971.901 933.947 127.778 620.658 170.015 227.452 536.185 623.295 145.433 655.077 218.209 356.938 824.264 604.558 213.157 99.617 525.957 748.886 428.95 332.949 727.128 797.485 224.459 345.397 422.299 169.196 192.892 527.459 161.441 206.431 325.46 105.122 816.054 958.856 467.098 85.118 769.484 292.43 606.697 675.877 440.762 762.989 496.506 840.268 54.164 104.734 10.165 473.413 324.67 677.619 511.975 758.95 945.393 549.465 667.498 695.755 476.284 432.254 807.97 964.725 750.793 51.909 808.076 88.666 2.844 258.378 400.932 567.073 722.032 710.984 190.1 32.019 998.666 83.355 642.33 614.635 792.878 718.721 641.731 108.762 231.958 977.925 412.36 771.681 312.958 953.31 474.439 292.396 317.96 958.675 152.062 821.77 204.095 32.601 689.449 541.193 925.381 108.355 657.687 748.038 826.507 242.806 109.525 234.988 579.966 80.833 761.294 347.473 542.144 972.854 931.869 896.37 600.87 208.777 813.337 114.314 446.205 134.637 809.116 821.856 919.61 322.203 724.404 456.432 946.091 45.17 224.615 644.539 830.836 146.174 432.257 773.267 631.59 285.719 844.731 884.107 295.545
195.378 275.691 409.439 330.715 681.735 163.669 870.747 761.02 422.012 295.742 132.734 823.713 100.361 1000000000.0 823.262 268.967 32.992 291.044 135.555 11.932 918.716 944.282 233.814 143.223 563.069 760.723 410.975 723.324 823.319 227.898 530.251 892.606 873.028 995.86 988.2 297.685 110.537 477.945 530.284 838.485 98.015 22.782 863.417 391.829 484.816 643.643 168.776 271.322 291.265 365.832 730.246 540.21 370.009 670.038 918.911 423.396 719.82 846.771 716.65 567.581 860.229 999.366 304.422 859.665 54.252 548.209 35.804 979.885 437.478 57.266 416.968 699.41 582.868 659.835 949.268 743.834 505.628 233.954 207.139 425.945 927.258 144.123 183.85 380.739 521.908 294.393 334.506 901.641 290.356 988.638 877.172 351.694 462.722 943.574 313.125 780.384 221.95 984.609 950.182 222.751 128.655 672.758 422.962 55.138 665.529 854.447 547.129 732.431 448.624 939.188 583.405 12.139 445.345 516.099 944.962 870.528 857.919 212.58 571.011 387.327 922.316 537.348 800.022 225.571 188.571 791.753 256.046 6.532 881.939 857.043 11.017 414.923 590.746 21.539 969.095 845.491 553.162 774.602 807.467 345.342 338.979 929.32 920.752 854.974 937.529 305.497 88.372 208.104 908.908 235.447 465.318 23.841 20.059 446.755 408.667 504.656 908.217 506.739 508.641 256.012 899.82 101.487 714.936 501.196 297.525 473.758 752.626 438.326 829.625 998.151 870.818 882.372 725.277 866.864 723.611 100.107 61.214 873.041 431.711 313.781 43.71 749.045 81.821 458.117 542.665 983.517 306.971 103.791 943.687 197.732 278.997 262.421 333.069 179.193 998.403 167.321 836.404 266.996 952.331 914.336
580.241 574.924 912.836 625.086 279.788 653.985 807.864 371.07 214.395 424.14 104.447 4.457 283.439 823.262 1000000000.0 404.584 950.863 11.178 191.533 283.503 432.409 484.235 371.184 807.788 940.014 460.798 954.75 904.964 303.11 669.276 631.824 528.379 713.489 710.884 831.861 200.037 822.286 932.05 948.062 672.805 17.297 977.662 95.939 727.263 427.865 725.051 435.006 214.794 236.586 635.017 969.13 937.059 337.033 892.558 439.585 41.165 56.018 274.858 352.413 406.41 179.754 367.089 791.763 895.495 226.436 682.435 986.657 605.859 787.963 898.292 414.94 93.154 676.493 405.219 92.236 238.567 951.459 263.515 541.421 737.427 963.443 247.54 149.718 47.816 45.441 912.159 881.831 579.611 920.359 80.783 131.729 354.252 638.719 27.803 694.849 472.851 84.048 438.971 158.501 121.72 750.254 522.52 340.886 982.801 598.797 267.635 919.269 932.468 753.089 689.802 479.129 703.748 384.131 626.186 207.582 689.781 342.047 499.137 225.312 736.735 138.824 789.334 851.496 525.429 194.482 850.351 775.226 832.744 452.806 818.496 408.886 128.429 491.173 444.545 419.578 461.755 308.998 742.154 455.354 308.515 306.18 853.831 164.172 955.783 345.328 170.587 32.155 87.792 564.814 944.574 830.971 30.968 813.356 891.908 132.171 656.469 805.835 11.486 180.747 899.118 107.339 612.56 853.126 252.047 372.403 294.796 441.628 752.728 377.236 35.933 690.122 725.311 463.487 196.878 843.251 120.596 83.296 895.399 963.797 731.148 833.41 210.341 351.921 766.148 56.323 53.533 277.551 501.687 100.781 597.726 835.472 162.771 550.791 251.206 877.045 977.387 273.84 708.893 495.988 309.86
48.228 715.899 409.979 385.435 468.936 54.638 651.702 86.991 291.835 575.222 274.332 353.93 58.008 268.967 404.584 1000000000.0 791.571 752.396 856.01 412.535 538.697 373.667 445.177 308.992 956.473 557.938 796.575 381.123 103.379 571.498 225.556 706.924 883.324 279.76 374.083 268.332 668.283 272.839 279.668 262.32 436.294 321.836 806.735 124.004 782.609 632.323 505.723 10.968 686.08 543.383 6.394 123.753 394.794 20.065 399.855 784.663 465.262 386.64 241.183 347.242 463.284 628.562 461.195 24.129 497.902 6.961 730.342 951.342 792.409 544.836 597.203 429.255 646.006 768.52 434.628 595.812 119.566 656.293 54.876 808.775 570.854 611.398 582.361 89.394 216.479 84.206 705.046 611.738 8.646 694.931 651.443 149.999 528.361 501.677 992.642 384.644 388.891 953.095 912.571 984.437 590.275 78.05 428.025 161.852 160.765 181.392 97.105 8.074 134.022 519.121 241.283 265.235 353.562 45.622 321.716 305.292 989.535 905.94 437.938 272.98 484.706 886.694 515.36 168.119 890.157 968.86 799.895 329.26 212.419 239.387 1.553 163.595 799.986 414.166 833.563 437.594 578.666 693.867 121.981 142.385 975.892 985.377 206.813 688.464 413.645 61.923 830.484 630.934 447.366 374.605 877.766 639.229 287.106 348.793 948.266 109.5 685.371 898.29 374.975 889.627 225.787 843.074 252.612 727.959 659.808 746.435 858.793 265.339 204.4 149.784 958.045 306.372 780.912 620.412 632.924 639.141 787.148 204.755 986.794 485.869 517.125 977.84 876.084 142.23 122.109 819.879 371.813 917.258 825.659 916.687 347.612 694.636 200.564 574.812 748.159 182.22 120.99 673.086 54.298 724.95
838.893 537.079 876.335 370.622 700.937 381.531 57.782 384.636 24.488 39.911 125.051 353.969 338.325 32.992 950.863 791.571 1000000000.0 964.749 36.897 547.741 346.649 332.254 348.388 525.243 922.526 819.529 968.839 118.938 901.893 785.882 509.478 875.302 439.054 403.109 676.376 371.295 483.614 927.229 630.767 845.296 417.255 251.367 869.619 401.883 656.883 64.964 976.985 53.313 394.857 610.103 972.252 881.228 675.797 255.052 232.727 279.635 969.604 687.529 752.033 235.023 166.725 161.647 11.744 615.498 136.755 16.417 373.225 311.962 261.053 119.006 637.872 795.295 906.855 219.376 71.803 790.865 968.712 264.895 908.492 919.015 629.673 963.563 779.051 194.348 533.894 368.322 814.651 604.039 886.653 234.82 683.14 865.074 880.189 439.399 950.154 314.246 751.784 774.962 765.926 800.25 750.871 576.573 260.042 865.131 446.974 549.27 704.031 763.925 896.984 92.921 379.821 77.824 992.227 517.744 833.673 485.59 896.858 346.387 977.397 678.555 378.86 437.198 204.168 789.173 275.983 618.055 876.27 887.577 419.679 657.825 981.428 301.087 176.953 744.481 977.543 300.986 366.805 46.845 607.523 430.891 640.662 641.041 33.436 268.304 29.067 964.038 791.635 433.451 368.523 192.647 774.206 402.672 489.718 113.28 805.859 303.52 817.167 312.351 656.742 625.595 570.08 656.789 496.023 408.116 41.58 563.381 684.847 173.212 489.593 684.299 660.521 158.469 758.841 867.868 184.692 190.766 10.505 870.391 328.016 91.942 879.298 34.478 168.986 850.492 316.302 686.738 29.687 317.736 665.4 310.23 269.64 611.436 801.737 704.023 389.179 945.247 512.901 380.15 292.425 878.632
936.595 637.467 354.099 858.775 277.453 285.916 959.658 230.057 186.659 453.552 947.258 430.572 385.445 291.044 11.178 752.396 964.749 1000000000.0 54.432 305.738 559.644 743.483 928.246 304.445 991.366 80.311 289.165 220.199 998.324 319.505 474.147 476.322 389.219 988.277 20.302 395.147 910.962 289.007 275.997 316.703 250.03 914.763 722.525 521.866 559.722 824.625 916.601 272.169 157.146 709.939 617.15 324.977 580.073 203.851 72.965 241.401 292.394 396.737 586.806 10.828 548.617 799.864 126.231 982.01 232.523 627.912 757.615 26.472 146.708 495.136 100.579 244.624 222.66 600.739 901.547 749.663 383.527 176.677 108.983 771.722 630.588 212.078 842.263 29.248 162.008 864.981 362.73 568.172 739.305 855.696 297.11 550.663 350.669 788.667 213.642 16.335 862.605 277.43 989.71 922.346 958.849 640.974 61.051 730.096 64.718 84.641 933.543 899.279 451.241 249.854 453.074 296.485 69.91 678.141 727.141 687.61 43.087 916.547 993.978 257.971 987.627 260.579 381.141 527.422 416.202 837.749 282.911 898.423 468.761 936.141 519.898 951.73 210.632 965.915 291.098 32.762 163.154 840.265 477.4 271.397 253.075 122.319 528.755 24.234 746.536 794.557 910.026 182.147 255.652 597.213 891.561 317.14 120.332 368.299 350.364 426.737 400.347 56.69 967.443 772.953 225.188 548.903 534.01 551.567 708.356 560.673 193.756 19.426 471.895 783.77 874.935 57.639 877.766 50.985 948.799 520.696 516.884 751.094 651.061 129.881 588.216 971.33 640.999 250.866 605.252 129.746 723.083 603.727 867.77 846.176 403.536 803.992 998.72 444.069 238.381 142.556 203.966 211.825 599.826 324.289
267.019 973.317 253.771 680.518 502.349 564.111 783.944 141.545 897.569 692.63 270.082 418.858 545.211 135.555 191.533 856.01 36.897 54.432 1000000000.0 656.364 482.773 73.776 406.318 724.597 376.251 297.962 491.454 24.787 219.987 12.672 928.97 210.853 102.366 561.349 53.295 721.198 561.349 411.886 344.166 527.835 23.168 48.328 721.684 143.51 504.231 604.659 322.117 694.581 407.826 693.196 616.83 803.002 158.382 725.748 350.865 149.206 51.648 353.448 410.903 620.753 820.72 383.356 986.471 867.971 643.799 104.628 494.458 641.779 431.048 446.67 232.523 899.257 568.224 94.521 8.21 30.192 796.091 231.778 795.156 27.348 811.752 109.256 261.909 654.085 817.212 102.888 325.138 8.329 756.326 816.35 25.081 995.714 736.797 104.058 179.06 548.683 479.919 689.466 1.657 350.162 796.31 557.251 598.076 494.113 564.072 587.882 869.66 50.489 636.336 806.718 944.505 399.742 398.129 631.476 108.024 821.341 767.579 372.589 863.546 734.671 151.753 74.763 249.356 697.956 22.709 292.71 823.236 647.784 443.793 742.694 75.576 708.487 420.988 534.069 734.858 491.713 475.837 479.041 209.103 104.426 966.637 976.631 94.741 871.699 404.354 984.166 623.452 380.763 11.368 270.586 156.875 842.83 464.568 2.344 859.035 856.128 282.027 315.651 157.509 19.946 19.103 601.569 981.552 645.735 917.448 812.401 469.232 542.625 709.253 438.243 988.865 511.569 119.652 931.515 772.877 311.604 898.692 896.609 599.213 205.769 62.615 681.876 152.758 223.543 318.121 623.017 959.431 58.617 782.685 631.609 377.518 880.144 16.7 662.743 517.955 145.071 279.518 920.723 184.529 123.27
170.773 887.464 991.593 998.318 288.757 865.211 254.216 214.941 110.367 846.774 936.472 447.432 292.262 11.932 283.503 412.535 547.741 305.738 656.364 1000000000.0 665.831 578.874 996.921 736.762 845.72 583.113 699.292 32.809 367.999 569.822 167.06 139.79 965.617 758.913 883.147 979.452 284.034 756.785 590.145 88.41 886.226 949.725 955.041 238.626 280.728 406.608 298.183 393.419 850.313 873.947 296.003 671.182 121.71 20.961 632.472 748.751 668.4 946.401 672.223 917.5 704.238 754.436 165.556 978.025 67.924 471.127 124.185 776.39 912.632 80.922 569.717 525.189 723.612 254.042 261.639 473.255 118.511 861.118 974.338 760.361 708.566 102.059 908.016 350.254 81.494 28.619 104.929 368.7 739.425 911.053 488.772 109.154 320.33 409.053 380.572 527.722 454.005 235.907 831.091 567.473 547.328 675.285 158.31 675.913 740.706 513.036 134.53 722.332 358.411 603.582 177.652 763.477 800.784 146.124 565.901 555.121 329.985 375.192 170.006 947.229 154.237 574.931 1.887 555.72 835.812 678.247 566.34 626.132 503.759 931.723 507.878 753.173 276.445 784.156 489.01 672.496 465.01 102.484 193.488 854.522 964.6 610.635 809.131 996.557 928.475 395.26 87.831 511.07 506.739 849.422 158.111 56.044 626.798 92.049 921.672 16.36 221.065 268.504 3.292 975.713 638.089 351.53 931.746 340.719 914.013 611.402 237.666 253.351 941.305 981.91 221.96 927.515 344.881 536.903 864.348 743.452 750.886 839.827 994.879 238.432 437.457 936.144 563.099 468.68 523.569 594.65 323.062 546.391 82.14 771.666 139.042 455.404 932.307 846.041 971.766 362.2 970.999 462.369 686.295 413.858
946.735 152.77 752.593 578.437 974.253 586.952 942.837 561.957 358.093 809.957 741.205 303.595 33.791 918.716 432.409 538.697 346.649 559.644 482.773 665.831 1000000000.0 53.056 268.0 771.751 859.518 217.622 499.006 709.798 455.585 22.027 627.55 537.551 762.525 26.014 823.107 916.931 238.72 893.375 728.012 220.237 796.533 267.782 145.764 373.929 527.045 444.618 918.348 718.34 769.517 614.038 698.426 516.025 780.459 195.267 600.714 901.792 706.291 744.943 211.485 271.197 825.204 367.176 977.054 72.974 63.959 87.639 789.387 388.068 681.691 345.351 534.289 284.701 833.937 227.664 218.809 104.731 416.524 206.471 935.164 252.566 463.266 254.364 322.576 499.646 614.659 952.831 102.24 157.338 469.169 929.108 869.441 174.665 948.881 759.809 420.856 481.98 309.246 472.474 274.612 752.848 982.702 62.655 762.35 300.278 653.755 61.003 786.438 873.208 818.898 810.775 848.221 945.813 756.274 837.843 348.026 384.155 896.882 928.454 121.277 778.615 965.355 839.514 796.069 646.952 627.629 840.629 522.712 683.926 34.204 673.533 762.287 340.441 624.512 253.57 962.819 519.227 456.521 631.886 252.461 495.946 599.469 580.988 308.183 282.484 72.175 448.28 70.977 26.234 559.271 216.526 890.236 867.534 541.728 523.236 957.119 349.516 51.542 910.185 494.954 459.495 771.502 702.923 989.571 920.569 441.725 932.699 387.291 940.985 234.571 818.953 82.731 896.32 548.282 66.125 675.789 757.473 915.803 128.431 23.124 359.147 906.372 180.692 87.52 213.949 249.028 969.772 643.546 748.062 405.498 903.292 381.874 822.296 533.064 399.373 6.109 176.147 343.078 668.584 372.593 322.509
581.723 503.838 379.989 387.437 635.26 186.378 436.748 893.562 533.45 391.831 988.569 698.836 445.795 944.282 484.235 373.667 332.254 743.483 73.776 578.874 53.056 1000000000.0 439.086 945.511 461.786 400.268 410.795 943.846 417.295 846.753 1.991 184.375 842.176 69.682 219.524 380.446 483.284 436.799 466.034 912.055 485.194 648.402 151.482 828.127 539.769 670.258 49.638 942.38 487.097 168.544 415.552 869.074 309.964 998.698 186.259 39.521 651.249 746.55 706.499 952.087 907.635 501.969 734.769 142.074 954.075 342.562 838.227 305.132 89.41 347.617 966.511 105.519 501.116 467.484 415.09 277.104 271.958 692.322 807.669 282.179 564.073 743.685 91.348 441.739 130.167 236.741 693.078 960.242 217.54 734.919 86.436 736.441 932.978 548.2 987.2 551.321 211.702 178.23 659.662 369.282 136.791 215.266 60.147 878.499 258.404 185.633 505.885 938.878 914.889 941.21 53.806 858.822 76.851 296.559 107.138 15.127 455.136 839.189 542.747 519.417 844.369 553.668 1.529 164.308 335.652 464.457 867.096 958.535 998.881 527.549 659.869 203.508 590.204 371.611 65.2 319.297 583.557 732.863 828.186 1.141 215.058 817.546 422.672 68.517 848.59 394.246 456.68 849.538 867.446 627.392 812.797 166.479 95.21 81.751 480.777 706.522 687.935 882.072 605.47 815.147 540.74 585.421 537.708 470.237 181.948 330.996 836.857 424.795 790.032 136.756 692.027 821.957 130.002 389.551 574.799 319.496 861.073 299.924 475.275 302.475 953.777 817.493 811.131 786.819 508.862 290.979 688.499 434.29 727.683 819.793 479.026 936.924 117.14 138.051 899.186 270.016 919.355 205.385 992.63 756.273
646.649 867.039 926.809 472.16 135.202 830.467 542.578 374.406 621.512 650.604 377.908 515.388 505.511 233.814 371.184 445.177 348.388 928.246 406.318 996.921 268.0 439.086 1000000000.0 398.814 960.645 695.385 874.101 90.735 914.683 4.411 316.343 503.595 454.252 739.173 491.575 867.393 53.013 685.203 171.131 790.708 871.8 76.757 614.748 74.933 47.463 741.804 413.542 258.213 948.586 114.35 252.018 724.098 680.168 150.012 991.303 192.694 567.384 166.047 269.998 220.19 952.761 978.868 272.504 745.373 579.605 584.224 663.346 687.234 414.987 248.148 197.62 210.66 870.822 659.619 181.046 689.445 887.123 384.956 771.763 430.944 476.453 895.234 881.446 219.568 615.641 537.93 21.83 434.832 855.224 720.398 566.782 727.486 497.145 845.409 153.895 499.798 867.678 167.418 508.169 799.818 573.961 294.958 846.783 623.932 355.326 491.968 779.437 832.9 677.893 530.345 349.064 160.594 530.757 208.907 232.283 634.062 243.783 970.913 787.758 816.576 285.01 460.502 141.206 300.677 105.421 374.505 748.242 812.13 626.093 134.222 309.322 982.549 388.296 127.809 603.285 928.886 726.291 298.011 792.702 868.646 784.58 33.98 658.357 993.735 262.286 897.641 803.844 189.872 466.515 319.468 848.636 723.551 825.536 896.893 541.454 491.533 476.564 392.94 855.012 669.546 588.721 93.086 334.82 138.689 547.069 336.888 108.704 379.44 637.649 133.815 338.164 289.951 287.679 714.819 416.025 808.604 47.257 69.532 597.272 208.624 155.145 251.477 481.952 923.998 51.307 426.815 541.191 541.606 787.48 975.488 512.861 788.12 312.159 190.234 90.945 74.931 186.547 636.748 635.093 546.013
203.257 300.207 63.849 925.955 742.904 986.088 709.002 520.419 18.695 933.35 726.584 370.925 537.59 143.223 807.788 308.992 525.243 304.445 724.597 736.762 771.751 945.511 398.814 1000000000.0 324.508 460.347 870.573 484.105 88.482 236.97 202.106 848.04 613.927 632.019 59.288 569.831 752.934 136.313 429.415 427.901 990.625 538.863 833.548 232.687 932.911 709.301 979.38 819.527 309.288 606.631 721.594 792.378 525.302 289.702 668.703 7.767 953.657 784.402 653.653 443.207 716.818 842.864 813.35 448.545 895.344 596.634 10.203 303.697 799.812 69.744 553.588 283.276 980.039 851.883 576.588 171.777 682.588 259.846 687.037 496.507 687.529 761.337 339.523 756.933 725.71 757.799 246.054 299.011 990.264 393.208 371.199 629.891 224.977 63.463 953.722 425.513 620.696 795.6 961.996 969.381 168.021 145.285 715.048 416.589 383.229 444.603 612.83 882.359 305.476 422.003 564.408 172.26 629.201 453.117 148.613 10.98 167.936 315.011 171.74 677.277 657.183 749.167 879.104 831.679 487.346 861.647 133.225 261.506 199.91 154.993 176.946 282.688 883.027 916.816 958.623 430.417 475.009 328.83 89.826 674.014 663.707 102.577 702.978 570.506 208.266 708.224 533.629 901.461 468.417 543.397 764.169 505.263 22.986 568.913 751.949 30.668 215.631 601.15 901.126 281.419 918.739 241.249 708.62 57.847 873.465 976.389 832.337 647.547 511.469 789.949 415.385 822.786 505.866 503.617 185.087 931.993 780.649 565.28 843.107 447.67 148.075 569.82 209.132 127.864 905.461 447.456 728.69 183.166 143.591 768.401 458.607 283.45 697.339 273.351 517.075 282.606 431.315 848.067 265.9 608.705
429.567 78.596 919.411 317.266 128.04 670.972 733.952 854.763 24.406 844.029 875.304 396.03 192.093 563.069 940.014 956.473 922.526 991.366 376.251 845.72 859.518 461.786 960.645 324.508 1000000000.0 733.728 224.661 174.703 627.097 669.833 309.756 183.895 741.645 104.157 431.767 884.605 123.969 559.455 825.425 740.909 326.064 347.115 532.063 609.836 986.463 169.11 951.043 378.941 937.041 430.231 996.349 255.469 994.59 984.91 821.592 639.464 199.516 651.271 178.029 730.316 300.048 604.298 224.239 171.46 202.83 517.641 130.254 257.356 834.816 597.754 188.133 566.426 558.56 684.381 461.08 145.059 755.91 99.72 439.416 623.765 779.405 272.629 58.803 312.618 339.843 533.439 636.529 296.11 163.416 632.721 329.634 847.168 964.915 765.213 476.879 128.034 107.456 65.803 237.296 444.483 894.281 266.705 980.75 676.563 447.39 613.237 108.808 278.676 992.315 516.959 478.306 891.019 599.64 652.197 247.373 672.608 453.738 411.969 529.426 216.531 926.929 60.993 756.449 642.815 797.748 723.158 126.365 131.031 274.5 596.378 15.682 809.396 699.728 651.862 662.266 511.4 586.308 100.131 740.132 478.876 415.086 352.985 331.049 723.123 130.44 646.691 675.584 337.388 155.289 642.258 306.215 492.008 654.29 111.702 795.92 901.25 773.144 196.427 969.585 985.135 123.133 99.61 625.933 871.398 909.812 367.193 273.481 335.247 789.702 191.861 693.072 165.899 628.478 280.668 308.745 5.378 91.928 452.521 553.841 139.517 297.412 738.018 262.27 604.215 448.582 443.328 568.176 445.047 606.7 718.822 709.78 599.23 809.363 483.676 652.893 692.745 815.331 458.451 287.528 444.79
