200
1000000000.0 690.852 735.148 601.355 456.945 229.194 43.986 144.453 888.619 52.143 504.301 532.335 992.847 168.868 306.411 300.448 608.201 475.262 381.858 340.015 353.596 415.119 484.504 729.264 977.526 282.349 529.574 744.96 980.953 546.171 888.594 251.024 166.52 629.478 91.315 149.141 40.478 725.897 436.751 568.869 335.963 765.316 736.392 372.325 27.026 752.512 488.572 321.5 8.623 128.887 593.412 942.257 941.553 516.135 343.593 197.046 276.301 78.208 588.035 485.55 310.597 663.733 57.186 425.897 772.009 610.937 255.733 815.804 594.827 606.394 831.079 76.009 135.277 340.962 893.141 222.334 924.995 473.244 33.734 516.957 257.649 433.442 447.732 856.17 247.148 350.27 934.636 762.225 638.939 78.872 172.744 896.567 717.903 368.381 257.194 579.168 593.503 912.071 400.274 674.053 23.706 349.09 909.501 18.571 611.346 55.534 47.773 329.844 765.307 350.066 46.434 910.738 337.808 856.187 246.756 233.775 257.469 511.19 709.167 461.093 454.824 451.449 72.496 43.238 495.857 775.908 595.043 965.57 78.396 723.197 174.641 327.607 10.525 897.005 825.631 790.296 841.355 827.5 498.613 803.391 850.833 290.742 348.182 613.515 312.096 734.642 638.664 903.114 152.536 371.828 234.346 646.197 497.244 262.119 170.231 145.37 150.983 20.66 975.796 65.586 444.793 108.837 237.178 66.432 388.171 667.203 810.909 874.869 677.943 151.07 943.593 355.216 148.867 769.04 789.368 698.134 378.182 128.992 583.809 947.47 33.531 941.644 340.022 254.648 13.323 587.703 828.171 219.656 758.235 567.792 291.102 441.229 851.463 107.162 956.969 204.685 592.818 227.271 140.721 329.531
690.852 1000000000.0 500.378 505.337 997.633 649.691 999.252 529.547 588.622 804.803 7.692 894.181 482.066 856.652 64.988 647.138 679.553 648.093 643.61 597.925 383.05 389.778 309.311 822.28 660.241 763.301 937.275 232.656 378.318 195.808 797.067 648.02 740.381 671.367 469.913 142.401 227.352 803.837 973.471 388.403 38.768 392.288 792.397 982.159 949.365 389.211 486.047 841.347 690.76 510.485 254.571 467.537 291.525 143.427 986.366 362.818 700.201 285.281 750.037 582.285 797.856 679.944 995.935 800.166 513.937 248.726 712.912 35.75 103.046 259.423 894.011 746.618 995.062 573.707 985.746 391.562 271.249 532.902 147.141 994.763 700.648 150.667 886.514 181.75 165.347 91.424 475.926 183.25 39.722 390.828 214.63 655.406 380.168 29.003 648.213 481.831 475.196 496.657 898.642 982.308 122.189 740.218 8.324 162.612 364.767 485.134 950.61 986.06 947.644 944.954 477.674 633.39 100.441 674.068 848.61 404.181 695.923 764.263 262.798 958.191 698.584 583.111 390.111 473.373 219.223 445.789 455.959 767.825 195.252 686.473 578.266 507.528 246.453 669.68 894.534 392.676 354.479 52.691 703.805 800.462 212.497 676.441 971.684 946.225 692.311 933.072 564.599 567.167 409.829 79.168 580.384 437.757 333.652 340.982 802.73 869.261 237.63 469.237 813.614 236.695 889.415 352.361 223.982 285.132 830.721 973.958 40.504 620.76 85.46 691.111 787.293 962.953 723.333 853.027 620.397 573.314 308.365 845.49 391.859 219.408 932.866 332.637 580.706 101.197 189.219 925.274 165.186 500.679 476.79 608.934 150.452 795.849 135.853 769.699 602.405 578.427 830.499 234.929 897.849 498.706
735.148 500.378 1000000000.0 531.423 373.794 247.515 619.459 45.819 302.726 479.341 985.272 785.555 716.27 747.794 882.515 511.899 336.383 217.186 62.119 106.233 173.235 181.985 665.809 73.028 974.232 54.791 184.209 235.464 927.526 919.076 878.656 626.903 326.567 399.508 256.383 983.23 21.495 86.55 537.911 631.737 294.541 760.682 682.995 678.676 610.441 136.345 448.454 535.896 534.587 854.088 117.06 329.429 199.772 643.232 231.063 710.97 737.258 3.68 122.867 889.157 794.273 997.008 444.684 444.161 161.1 740.62 447.319 565.736 849.072 121.719 932.877 271.454 594.26 488.956 8.409 801.184 378.612 453.732 440.131 84.403 479.011 992.863 984.232 384.642 115.969 80.792 845.67 958.732 591.131 13.079 882.489 212.014 563.991 392.083 425.461 538.506 47.771 782.88 471.047 732.557 918.13 835.432 487.474 957.437 647.043 30.918 856.131 369.865 757.887 954.946 42.117 330.935 825.285 297.444 721.072 570.82 298.118 785.769 761.466 620.234 941.242 933.07 465.437 300.975 417.564 537.276 21.008 829.502 613.557 259.326 752.555 168.399 581.214 15.742 711.052 209.739 97.567 111.729 408.746 934.139 342.378 305.337 770.349 598.616 582.343 673.845 822.607 955.082 439.333 496.461 836.836 663.884 580.253 972.771 169.837 968.844 545.687 536.711 533.252 986.714 708.104 416.786 84.633 839.618 901.187 317.538 53.42 974.373 703.991 100.888 573.661 743.397 516.623 342.042 309.115 223.97 885.784 559.083 126.375 77.408 451.418 174.795 224.716 928.79 840.594 231.456 289.108 745.266 209.234 378.34 362.532 618.349 751.399 974.785 978.018 505.678 320.361 383.508 34.808 356.411
601.355 505.337 531.423 1000000000.0 32.898 478.579 763.259 491.424 310.833 911.986 470.277 42.374 400.288 953.159 934.926 361.469 419.1 384.027 831.478 645.459 909.314 252.295 46.125 486.102 208.042 215.152 460.179 759.271 141.735 146.822 409.784 207.105 338.345 382.07 432.935 744.443 705.611 839.514 204.608 432.247 443.351 705.543 986.518 248.298 592.95 297.325 103.421 22.233 44.251 396.652 924.891 423.623 72.206 635.956 43.316 517.811 812.781 576.132 405.963 391.823 217.122 246.725 135.397 301.385 158.378 749.098 231.051 330.059 467.437 424.532 273.056 4.977 915.407 992.72 781.205 675.812 619.467 883.433 559.613 750.44 487.32 352.836 480.835 400.908 650.386 18.616 90.44 820.687 700.72 55.391 439.861 767.028 17.12 798.392 208.266 881.105 563.354 453.486 788.461 668.11 19.846 353.684 723.305 442.797 299.797 939.524 220.473 267.122 475.84 554.165 420.572 544.689 995.346 798.178 597.219 683.186 172.577 958.58 292.363 412.911 82.509 366.17 49.77 713.627 955.271 536.171 11.259 743.359 50.727 906.504 720.118 747.78 126.142 295.692 775.627 359.305 646.049 34.184 247.936 407.825 752.666 929.833 835.363 158.482 862.881 995.13 562.022 398.153 126.501 800.124 995.432 295.127 942.744 493.802 537.469 521.005 417.547 358.44 948.942 951.971 228.881 472.528 694.303 40.454 960.535 270.864 334.494 47.207 890.481 930.582 839.785 116.323 668.21 309.625 814.523 516.502 157.625 522.704 470.064 218.217 384.812 733.768 18.029 199.29 849.598 709.747 42.86 442.728 514.328 852.248 657.114 196.024 524.557 248.276 549.768 291.101 585.492 366.12 888.056 228.772
456.945 997.633 373.794 32.898 1000000000.0 34.341 237.072 317.353 81.152 992.909 688.937 512.956 16.226 625.384 417.18 149.048 530.737 468.584 408.426 955.119 756.34 741.713 678.454 665.827 585.48 969.907 913.687 74.839 853.214 86.701 925.698 39.354 638.103 483.726 223.28 923.116 104.47 440.018 29.586 794.48 172.693 851.274 119.269 901.575 954.603 378.943 239.628 908.037 471.93 852.126 665.371 967.72 148.953 994.835 85.458 82.014 738.786 231.682 167.715 978.561 198.506 73.733 936.87 726.639 416.411 252.783 264.13 797.436 514.937 820.531 842.873 164.202 916.329 256.951 214.206 526.488 26.974 148.654 83.377 937.769 852.217 444.21 839.934 641.688 938.035 459.417 237.636 985.82 487.445 782.05 128.395 525.851 782.785 804.909 200.994 187.657 944.198 727.899 701.985 849.438 431.859 169.147 846.465 256.218 394.799 786.767 263.382 639.056 757.702 187.452 640.112 505.066 140.058 276.607 937.899 178.324 395.617 222.476 991.445 819.982 558.929 182.488 825.378 676.444 399.813 67.303 696.632 917.21 429.422 554.064 915.882 352.742 41.391 396.251 60.724 824.181 748.517 894.343 26.762 576.578 342.026 878.663 978.034 379.419 395.327 690.39 154.673 456.689 625.038 981.931 629.909 233.157 832.745 422.771 191.185 519.236 484.332 546.766 247.417 821.228 186.491 662.859 216.377 408.395 225.775 911.339 665.196 114.346 6.634 413.615 401.698 607.37 990.397 163.433 798.49 225.484 678.618 919.451 639.764 320.293 780.488 935.23 403.965 270.549 614.85 855.728 578.953 934.427 612.599 151.277 85.96 708.528 787.603 278.66 449.13 593.147 685.361 108.481 362.467 967.895
229.194 649.691 247.515 478.579 34.341 1000000000.0 754.927 49.205 806.377 441.86 918.071 531.234 603.33 732.514 102.604 862.029 196.356 607.705 669.877 629.52 846.648 586.922 562.256 318.438 353.505 752.749 151.023 512.379 170.332 213.748 518.179 594.043 422.993 973.794 426.609 301.464 711.116 257.617 383.102 609.818 772.883 573.891 709.751 321.427 619.757 445.97 635.705 213.863 907.611 684.547 789.626 114.008 299.515 811.684 689.609 172.442 887.43 416.526 43.341 511.727 723.172 269.077 281.202 515.714 62.099 10.093 89.121 942.304 397.283 427.321 291.556 185.778 671.486 153.473 160.078 37.173 723.706 415.019 425.008 34.325 589.316 327.016 794.1 882.899 283.696 212.869 899.293 849.064 325.052 437.709 565.267 580.261 604.658 156.193 969.364 641.041 729.605 792.26 993.119 625.639 31.98 190.427 476.225 800.419 817.019 793.415 168.408 346.242 718.98 12.306 258.356 615.46 426.82 682.119 600.94 239.869 661.514 278.03 105.327 228.605 921.519 478.427 349.914 623.805 176.61 901.236 204.367 327.591 393.64 63.461 124.554 627.175 917.471 206.232 765.887 290.808 717.841 353.744 446.766 258.52 386.644 203.863 26.405 732.495 487.723 193.388 661.425 652.44 589.792 183.129 722.131 941.781 173.446 832.723 415.695 86.049 725.293 124.113 388.453 49.005 44.666 955.07 765.306 803.398 181.604 818.596 823.551 395.965 328.252 870.124 973.958 602.066 15.364 167.88 828.434 65.993 577.22 104.073 745.351 184.27 648.933 415.186 795.085 851.411 856.04 274.545 208.149 462.581 462.622 814.52 192.265 47.277 147.361 960.632 866.28 484.975 228.921 704.396 836.299 709.539
43.986 999.252 619.459 763.259 237.072 754.927 1000000000.0 430.879 554.795 462.804 572.755 441.939 346.713 264.372 101.96 864.47 223.828 431.161 110.108 934.349 990.091 204.116 945.087 44.37 762.275 975.105 793.136 491.898 173.367 703.566 221.695 938.092 481.592 706.197 296.886 646.309 566.893 662.151 907.175 11.001 712.578 422.921 610.191 702.287 275.475 497.336 634.6 154.232 482.313 151.638 825.162 577.035 227.466 528.74 564.877 425.392 668.092 781.13 133.649 357.519 880.577 158.173 304.57 53.077 776.853 123.778 330.917 287.732 451.844 372.32 51.68 98.792 356.628 622.997 519.282 248.525 971.125 327.073 778.806 342.845 670.974 725.462 252.477 1.991 592.978 241.353 281.707 535.965 680.156 594.741 365.44 957.419 186.6 157.847 135.659 792.219 631.41 725.648 514.535 817.111 833.703 192.453 687.044 442.86 979.908 279.033 976.6 205.912 430.26 820.539 786.54 824.099 567.668 105.846 10.612 780.203 71.555 175.144 647.291 609.079 454.584 682.173 14.683 897.687 821.485 746.745 909.062 602.758 499.623 77.056 262.63 276.268 5.04 588.233 153.013 995.182 602.786 894.236 527.855 332.945 418.989 280.123 662.045 343.425 625.351 142.959 71.205 664.689 719.986 448.256 650.147 797.075 934.567 774.065 377.362 407.306 722.695 454.916 113.627 236.287 714.306 660.113 858.586 966.356 911.612 154.359 604.239 832.111 308.947 544.476 922.343 148.981 186.835 412.47 55.228 521.3 456.292 586.126 178.991 544.493 472.292 632.367 405.304 474.819 844.3 78.995 927.465 339.564 826.017 893.046 16.687 147.87 959.611 157.928 166.418 666.441 870.265 559.63 692.13 636.426
144.453 529.547 45.819 491.424 317.353 49.205 430.879 1000000000.0 548.859 76.85 966.574 962.894 964.594 204.632 82.103 291.88 347.771 791.817 572.578 850.948 221.835 16.058 357.394 614.887 961.647 499.507 669.577 815.279 267.342 867.491 863.576 592.025 217.06 375.734 885.647 844.866 921.966 695.524 931.763 844.645 168.35 526.168 711.458 414.701 507.613 901.1 844.564 617.58 152.727 206.893 45.87 7.909 378.168 933.347 161.94 78.225 517.126 742.562 741.676 601.771 361.891 257.007 740.95 643.58 973.606 148.837 966.272 475.549 391.974 132.009 599.33 801.729 32.018 365.232 211.398 93.14 14.126 361.215 222.279 942.996 995.891 91.856 674.42 725.207 221.727 926.402 430.395 441.074 961.62 73.312 784.867 142.893 171.466 318.831 189.606 734.861 962.479 998.902 798.039 623.524 360.25 694.58 604.097 463.324 990.586 660.927 493.51 399.622 78.756 831.085 691.031 224.837 402.09 208.786 721.553 493.919 941.482 837.452 208.158 660.516 98.939 853.387 311.549 906.772 833.983 114.905 383.884 178.955 428.037 826.628 220.456 804.519 745.105 796.255 93.128 176.535 610.629 527.198 24.018 703.397 618.44 224.374 825.199 998.727 259.316 865.834 966.87 273.137 437.232 676.776 604.793 337.194 682.646 232.05 341.772 407.936 375.841 448.921 956.463 489.988 79.382 730.309 237.252 826.138 70.057 660.604 890.001 991.268 857.41 251.63 6.368 820.852 235.665 562.841 127.938 569.03 461.104 136.636 322.766 703.552 416.765 377.598 137.763 168.611 774.552 545.184 910.471 239.716 252.244 805.76 655.519 754.945 103.008 955.95 213.917 629.73 374.346 669.153 578.916 526.383
888.619 588.622 302.726 310.833 81.152 806.377 554.795 548.859 1000000000.0 988.524 675.522 90.953 638.35 234.062 439.509 915.219 544.939 476.339 696.724 565.998 181.426 833.926 752.5 883.987 406.192 90.119 597.975 847.55 661.024 195.3 877.254 403.356 166.179 518.863 862.686 166.11 717.686 50.099 893.66 11.612 466.856 815.03 934.931 283.639 159.875 504.501 927.641 702.016 260.064 761.903 655.352 362.062 991.77 330.681 508.101 523.202 649.268 990.186 516.807 15.07 683.106 960.099 605.654 225.047 123.3 597.47 616.516 20.339 851.733 373.075 104.572 982.433 449.213 311.548 971.862 546.843 934.422 933.191 921.763 276.16 314.813 463.861 98.703 393.864 238.9 642.25 32.468 273.228 993.976 456.714 558.04 80.728 145.805 587.001 524.937 241.606 279.465 270.032 779.197 149.471 596.353 397.929 302.837 117.738 425.705 305.438 743.674 149.057 117.762 335.757 741.925 2.339 137.383 636.467 96.159 682.475 699.842 760.065 56.139 402.769 302.152 289.538 64.412 788.303 788.53 967.246 160.433 547.843 726.355 214.13 474.463 168.329 896.058 40.144 273.804 237.197 245.197 56.614 910.933 422.0 302.211 253.047 335.12 889.714 967.976 952.419 188.822 234.002 977.1 52.133 985.05 872.446 341.154 679.974 751.01 300.263 394.182 459.83 13.698 713.533 43.395 318.111 757.295 61.601 730.374 262.85 918.239 4.602 6.11 381.419 598.298 515.971 495.656 35.077 10.344 669.544 257.599 777.572 824.052 446.933 631.928 28.993 125.762 546.11 508.688 709.499 478.797 885.354 471.533 121.482 973.423 703.166 219.529 878.034 974.146 478.741 714.186 28.864 797.442 219.138
52.143 804.803 479.341 911.986 992.909 441.86 462.804 76.85 988.524 1000000000.0 881.922 488.295 828.79 123.379 43.403 768.331 125.637 770.199 815.648 310.581 921.753 819.415 296.862 71.867 975.08 610.724 84.317 152.58 744.693 687.678 176.022 666.818 717.405 601.095 767.946 319.971 236.069 16.805 803.764 397.031 433.122 181.176 905.765 497.219 54.552 336.061 30.745 73.991 449.933 768.326 567.618 22.943 149.905 380.206 258.743 34.576 965.683 209.25 393.098 272.419 101.366 766.431 269.584 105.161 624.106 251.173 424.912 617.577 120.612 428.798 544.651 988.257 25.581 786.341 601.875 149.33 589.146 627.793 846.334 340.879 42.908 300.666 687.036 649.715 929.55 202.319 611.235 717.913 61.939 153.968 721.769 482.729 748.839 128.492 271.799 846.969 108.577 870.713 297.128 41.162 909.941 430.088 630.148 343.576 939.396 776.652 95.31 362.181 846.358 583.398 744.635 658.883 302.47 542.891 627.283 578.232 986.125 610.159 772.327 471.952 607.725 701.481 170.981 675.458 941.979 12.017 917.308 675.938 431.055 632.568 603.548 591.675 756.359 417.121 555.19 905.723 880.083 760.991 582.121 11.895 254.626 383.738 761.653 150.135 503.108 424.98 23.825 110.369 837.014 427.402 837.932 730.533 548.231 429.544 113.891 993.85 467.373 130.904 112.882 745.536 261.268 844.132 418.664 744.162 995.831 238.092 30.575 721.513 836.13 12.501 663.73 280.82 180.062 657.753 462.87 685.808 361.323 106.87 737.918 629.1 256.389 320.042 392.921 989.513 466.242 208.837 372.042 845.275 501.635 435.387 102.954 268.124 300.207 741.76 763.669 841.258 570.668 907.53 498.754 420.231
504.301 7.692 985.272 470.277 688.937 918.071 572.755 966.574 675.522 881.922 1000000000.0 712.766 658.136 383.175 401.839 811.232 810.445 683.265 425.664 31.153 526.587 439.942 998.642 801.934 653.915 676.276 870.265 760.191 846.183 400.657 607.752 114.344 162.885 888.226 958.997 553.769 208.553 781.466 837.746 83.796 310.003 484.652 651.187 611.612 132.205 187.105 391.96 942.847 242.644 110.164 488.943 873.583 781.566 654.089 739.549 773.234 602.537 996.441 90.337 764.42 615.339 911.51 734.498 540.638 266.977 183.843 505.253 490.084 638.253 975.081 963.791 450.994 171.7 880.059 938.709 898.172 410.183 39.933 273.0 990.512 97.659 494.209 403.494 568.181 204.33 1.238 978.111 760.914 522.428 510.494 791.442 500.943 508.478 394.632 923.054 844.823 952.432 630.42 207.745 458.788 40.56 495.228 559.445 445.189 288.86 897.629 516.257 493.632 559.376 609.22 317.488 685.403 683.713 619.343 643.421 755.215 360.068 315.154 105.455 979.435 305.221 651.417 321.313 142.842 182.155 307.436 600.49 932.644 305.723 300.928 321.308 664.109 544.462 699.053 480.458 87.27 934.472 591.893 240.978 182.542 211.75 714.62 813.445 804.33 321.555 829.464 933.364 403.482 970.644 584.184 266.114 496.842 529.136 627.933 204.795 267.897 982.159 315.214 62.112 543.607 339.224 170.659 940.7 30.369 431.134 689.094 209.532 137.659 365.838 670.651 171.744 410.081 964.485 140.464 389.355 742.41 284.568 86.092 494.793 993.97 88.265 152.73 425.831 345.709 108.382 662.787 572.136 991.783 769.419 26.099 205.962 782.777 556.979 937.83 167.946 213.404 90.983 208.775 604.453 974.085
532.335 894.181 785.555 42.374 512.956 531.234 441.939 962.894 90.953 488.295 712.766 1000000000.0 582.315 283.514 243.792 76.082 80.423 325.468 41.115 257.926 766.791 438.674 861.462 8.36 658.87 117.576 854.181 61.864 942.487 696.077 719.295 913.891 758.433 159.812 697.49 718.67 528.94 481.193 439.098 512.09 98.656 790.01 795.401 371.105 96.993 835.179 621.335 783.285 445.399 484.555 237.085 217.316 33.366 906.363 635.122 583.475 735.552 409.281 688.338 65.286 102.327 593.613 174.671 850.352 74.481 380.034 95.683 175.018 709.162 961.446 223.353 95.742 970.0 227.663 637.714 848.564 873.585 571.247 484.943 96.46 20.368 895.37 334.292 550.856 664.072 586.698 29.452 556.924 354.4 601.181 369.734 651.792 3.983 373.285 420.549 816.841 485.619 189.896 305.569 282.947 601.103 125.303 47.245 486.394 688.406 385.357 969.402 517.719 842.441 543.176 982.967 693.735 135.955 766.669 477.466 677.875 574.914 304.29 385.135 376.24 99.692 440.739 436.251 1.479 722.423 431.368 660.135 863.685 483.108 358.596 420.466 234.544 316.314 840.997 879.965 975.539 430.196 28.067 544.243 881.672 612.11 728.87 51.433 689.132 374.658 616.703 836.688 538.333 469.053 978.689 570.668 889.192 183.756 591.709 636.195 145.62 666.346 83.123 141.038 716.316 214.592 928.978 791.157 522.543 586.168 368.123 321.783 348.227 907.475 384.132 527.179 652.316 144.198 329.873 814.51 678.655 486.677 658.049 744.93 864.835 789.402 346.285 341.786 633.308 110.272 985.788 206.728 71.605 330.453 630.294 910.093 15.262 386.747 309.778 459.017 947.93 813.308 713.091 19.962 51.446
992.847 482.066 716.27 400.288 16.226 603.33 346.713 964.594 638.35 828.79 658.136 582.315 1000000000.0 620.157 483.033 471.941 690.725 782.82 571.167 774.997 731.14 697.081 147.917 663.907 327.449 663.27 774.482 415.122 985.803 26.539 990.423 49.764 586.679 77.99 75.677 391.66 107.036 840.68 861.947 95.811 894.793 998.551 894.378 909.137 447.787 78.04 595.236 395.75 114.243 915.423 809.879 759.607 36.838 675.14 281.857 112.645 375.702 599.243 273.136 588.98 188.16 860.639 878.484 645.703 568.219 366.913 59.772 362.854 771.02 882.08 551.235 975.662 180.206 756.277 582.809 806.69 273.851 462.428 327.845 649.294 73.073 394.859 159.416 184.612 910.027 391.951 950.566 697.369 877.993 419.317 532.212 338.368 70.683 991.903 14.446 700.426 380.103 572.297 124.531 805.281 287.919 934.068 74.83 297.201 958.319 272.214 646.62 679.117 616.267 885.228 252.225 962.96 144.135 562.932 843.107 772.658 933.79 408.043 274.944 549.062 885.637 196.546 65.103 97.815 519.394 788.114 954.167 971.684 793.152 500.906 653.031 729.231 479.942 152.02 890.473 791.436 741.368 2.548 262.332 551.44 513.499 17.889 328.158 349.612 545.591 335.979 750.778 33.112 942.501 379.765 91.8 498.674 442.142 868.795 285.72 674.982 115.722 384.436 88.872 6.753 762.515 26.656 233.411 970.662 825.557 196.025 899.42 89.935 356.118 240.285 737.721 229.267 938.738 832.187 763.852 802.64 215.729 206.862 397.864 423.764 95.869 937.679 812.647 323.081 5.656 481.35 694.934 261.825 33.171 586.705 103.448 310.765 542.506 297.791 900.453 928.445 910.989 890.388 297.469 460.066
168.868 856.652 747.794 953.159 625.384 732.514 264.372 204.632 234.062 123.379 383.175 283.514 620.157 1000000000.0 156.804 205.873 718.019 188.238 890.275 190.329 547.991 259.584 911.669 854.561 135.687 532.193 394.879 11.476 606.251 338.155 153.509 972.01 812.151 486.797 232.221 49.308 534.025 212.649 545.345 818.563 969.628 972.36 150.489 266.733 532.589 429.872 92.76 997.058 204.132 248.685 623.313 28.034 896.825 654.132 913.788 534.136 597.047 719.354 444.809 375.971 635.056 959.75 393.101 749.519 137.149 430.595 495.67 786.555 9.325 867.136 501.437 474.061 493.356 207.552 651.774 798.21 310.643 72.081 633.381 78.025 157.877 722.263 825.293 459.788 407.046 684.999 624.675 569.406 50.659 757.811 429.67 938.554 43.411 847.071 896.702 930.52 810.438 451.78 507.533 952.56 980.965 857.393 414.234 924.18 421.724 589.099 190.847 745.659 977.66 910.675 427.822 35.347 751.79 425.586 371.062 978.029 989.9 380.032 360.046 248.936 947.43 376.442 432.17 181.136 832.4 279.072 851.165 495.51 26.704 213.341 808.378 427.794 59.49 468.923 575.765 297.943 224.806 922.487 196.096 571.065 505.518 701.639 866.323 905.297 702.577 591.223 932.834 512.1 957.162 280.422 952.628 870.705 538.442 766.488 146.41 558.264 80.036 870.49 608.718 282.762 210.213 507.02 621.685 719.599 984.473 785.33 8.9 885.849 958.592 544.035 862.955 588.769 960.599 453.076 811.062 316.303 285.629 840.604 829.843 369.931 975.264 55.451 596.242 955.251 769.405 10.832 605.715 649.798 237.936 64.757 221.376 164.289 307.896 791.87 952.53 267.732 905.765 392.149 763.237 119.498
306.411 64.988 882.515 934.926 417.18 102.604 101.96 82.103 439.509 43.403 401.839 243.792 483.033 156.804 1000000000.0 825.602 36.775 472.669 284.255 869.137 527.881 612.329 28.287 323.864 573.747 483.019 916.747 91.327 273.13 703.907 339.545 309.763 585.541 452.512 219.021 318.233 218.818 725.173 620.995 946.333 953.93 49.367 516.208 828.951 455.473 324.231 765.953 698.097 543.208 294.124 324.512 701.514 342.308 357.982 448.501 135.399 33.858 244.082 262.081 879.01 941.207 839.752 944.088 230.522 873.242 570.872 126.395 2.826 670.607 670.988 856.636 20.429 860.403 362.713 429.91 511.403 333.888 83.35 625.186 97.482 189.92 359.993 624.772 839.497 623.342 614.224 721.578 443.909 961.179 553.371 47.606 615.462 250.875 307.028 862.618 777.736 492.059 734.023 819.791 655.967 910.093 924.106 820.168 515.014 200.308 421.354 252.355 243.277 595.223 515.502 629.768 468.057 598.549 287.991 79.621 122.081 269.573 410.875 999.558 801.278 2.0 963.124 823.892 502.733 316.496 393.162 541.037 248.248 630.359 427.254 44.043 97.704 282.088 396.997 214.111 139.739 130.363 330.177 821.025 268.691 535.898 982.448 216.292 98.666 400.824 222.345 809.312 126.276 533.943 869.964 632.681 505.964 904.81 154.598 383.492 863.586 522.434 734.028 667.043 548.395 206.353 92.332 482.509 677.793 126.571 179.099 310.562 937.706 133.965 170.298 432.604 488.532 32.253 647.821 299.518 688.752 911.784 198.446 312.674 625.565 995.588 673.716 187.674 852.369 905.322 519.357 36.13 969.746 569.177 400.614 38.579 379.606 879.297 284.642 885.996 961.258 289.404 504.25 838.131 947.536
300.448 647.138 511.899 361.469 149.048 862.029 864.47 291.88 915.219 768.331 811.232 76.082 471.941 205.873 825.602 1000000000.0 471.848 433.26 578.836 335.146 895.629 219.623 935.549 985.174 832.643 438.367 625.436 631.178 873.257 201.196 108.368 410.474 304.112 347.96 736.523 942.392 808.952 387.912 345.538 289.464 515.141 516.917 777.371 780.664 528.004 227.686 368.638 744.073 722.751 265.274 840.72 71.238 209.864 722.719 612.828 840.322 363.237 515.031 973.72 626.468 357.547 19.132 447.042 468.409 526.424 276.421 348.295 896.994 803.03 621.675 540.139 782.886 903.336 69.217 870.627 114.691 55.891 91.183 718.507 779.379 266.547 309.014 520.158 390.264 179.798 19.158 292.649 532.809 522.46 355.296 159.197 561.543 81.171 844.443 527.08 869.138 976.591 242.253 582.523 835.608 220.672 229.122 397.079 616.143 218.694 983.824 512.893 697.835 477.301 582.305 497.418 84.343 558.733 655.11 521.782 197.003 839.607 778.183 282.735 679.448 755.946 719.191 736.069 60.812 19.98 591.87 57.262 966.524 343.597 100.072 145.445 922.664 739.232 181.385 715.137 62.279 203.275 564.542 845.816 620.238 212.528 701.742 298.585 951.37 753.988 772.457 892.965 136.256 389.865 420.237 39.576 136.794 813.721 264.789 577.984 396.637 580.558 982.094 929.89 837.94 321.841 200.728 857.913 45.451 153.926 194.555 809.513 555.688 337.538 761.526 706.976 507.983 491.396 468.743 384.593 839.097 726.476 252.393 350.148 826.224 729.76 749.184 55.673 791.675 55.114 474.354 928.815 50.349 2.752 873.0 391.223 716.32 9.245 926.467 315.958 232.481 838.841 436.521 236.981 973.445
608.201 679.553 336.383 419.1 530.737 196.356 223.828 347.771 544.939 125.637 810.445 80.423 690.725 718.019 36.775 471.848 1000000000.0 685.538 720.947 71.812 231.955 844.538 536.121 138.03 187.761 693.56 87.941 655.277 253.584 201.319 52.678 642.368 454.512 485.108 538.173 736.686 96.498 617.816 57.968 849.607 576.875 289.867 624.924 965.75 994.696 652.684 453.494 640.366 737.991 882.003 599.866 606.373 421.974 384.202 676.755 883.911 548.576 866.785 937.067 232.56 29.693 68.54 828.946 302.172 509.257 870.747 380.83 283.33 68.752 223.14 706.268 404.085 84.198 461.553 885.615 995.353 881.266 814.485 299.437 38.364 400.708 517.463 82.579 417.272 567.662 459.741 870.592 876.567 578.822 664.935 23.272 118.171 715.685 343.611 277.265 596.369 523.57 781.457 60.032 704.691 201.188 162.339 379.066 975.119 547.487 495.179 622.797 229.582 428.824 300.622 412.512 254.308 200.602 671.201 834.95 379.653 171.162 881.23 948.123 633.42 270.172 739.063 544.505 203.025 299.715 601.774 158.063 333.362 937.133 756.842 445.629 864.157 957.95 942.161 879.654 547.64 585.303 550.642 247.11 298.888 482.997 679.298 804.497 167.658 995.475 668.468 111.911 617.149 945.98 683.495 110.711 126.46 653.83 536.146 647.145 647.007 43.393 930.386 987.449 875.484 732.491 70.069 133.552 508.98 744.12 523.625 158.155 187.13 464.482 537.904 997.876 717.067 925.215 449.489 202.859 467.967 227.355 613.251 949.737 165.527 349.77 616.272 41.261 262.273 130.943 334.899 368.133 931.454 145.484 762.255 421.443 929.782 6.348 546.834 716.722 582.978 805.786 210.537 508.518 36.993
475.262 648.093 217.186 384.027 468.584 607.705 431.161 791.817 476.339 770.199 683.265 325.468 782.82 188.238 472.669 433.26 685.538 1000000000.0 284.514 339.985 493.489 850.302 884.944 893.808 718.624 473.471 231.604 290.056 87.223 592.059 871.211 407.685 633.994 349.959 35.241 943.106 839.222 60.588 872.406 109.505 596.582 125.413 424.293 12.134 943.796 428.643 87.341 271.695 164.447 787.123 36.328 340.089 718.633 177.152 551.374 470.27 729.135 225.94 400.829 611.476 744.315 159.232 231.205 989.667 600.982 979.539 720.15 67.113 718.929 665.963 849.391 228.088 333.645 953.487 646.238 818.774 799.507 62.739 568.657 942.032 857.347 931.702 382.599 883.272 439.694 517.085 491.159 222.667 779.933 807.452 139.924 289.736 54.805 323.655 599.791 952.205 19.88 195.024 624.419 29.423 880.86 453.208 923.198 561.037 736.033 764.265 531.426 547.98 979.974 294.342 159.985 883.953 760.716 79.077 876.636 223.573 792.012 660.186 507.094 153.933 294.283 416.062 305.549 680.928 747.706 902.855 511.705 907.753 629.854 970.043 803.905 333.115 476.627 361.296 508.933 706.683 983.761 259.879 624.31 537.48 104.496 961.03 730.631 956.742 661.554 962.535 941.198 587.498 989.971 584.277 470.442 985.331 288.134 716.936 734.534 738.483 25.439 966.573 519.734 399.368 726.553 428.326 306.618 871.735 20.184 542.65 464.263 922.6 524.42 88.801 931.77 183.542 601.852 455.32 400.678 258.262 791.712 365.135 705.302 787.546 486.839 881.575 500.35 861.734 32.306 422.391 560.798 189.08 386.538 417.008 785.097 631.813 320.13 845.67 742.098 260.355 974.026 736.495 627.12 751.229
381.858 643.61 62.119 831.478 408.426 669.877 110.108 572.578 696.724 815.648 425.664 41.115 571.167 890.275 284.255 578.836 720.947 284.514 1000000000.0 948.349 33.914 711.464 41.907 350.379 883.567 719.729 747.619 386.638 680.446 115.311 117.249 558.806 970.064 141.654 320.435 5.897 680.445 190.575 381.55 696.331 598.796 519.853 981.554 611.675 86.857 653.846 850.775 335.194 15.305 748.383 877.844 467.051 348.608 557.378 632.755 930.638 692.329 900.828 932.928 157.954 144.299 563.595 32.147 787.858 325.871 242.956 978.749 924.141 208.62 430.805 211.057 514.352 717.005 741.033 495.388 648.852 487.264 354.679 795.142 96.136 181.38 520.7 734.793 620.023 522.137 934.053 122.758 770.38 884.281 682.956 268.183 313.238 256.89 887.471 727.213 30.366 77.004 394.463 713.543 928.174 447.061 168.333 883.739 982.787 428.708 441.143 806.089 593.578 128.711 653.679 62.906 881.614 783.36 395.453 898.266 37.154 53.293 277.213 445.158 685.071 703.798 948.024 784.502 54.063 383.623 496.343 526.552 177.403 671.473 819.136 245.554 664.398 611.636 792.826 415.836 566.984 46.85 395.801 375.14 258.05 632.606 114.093 340.843 821.33 539.472 967.836 617.607 48.286 143.469 822.198 310.625 428.516 42.377 40.575 257.246 637.2 945.919 280.24 98.935 76.745 916.799 278.099 67.463 774.069 549.434 172.378 200.375 899.822 766.796 589.884 868.624 88.313 473.339 413.773 128.772 222.719 996.943 122.327 468.0 370.776 359.783 184.285 599.716 762.869 641.366 12.639 514.952 34.197 121.879 616.033 368.752 634.676 509.679 472.169 75.89 766.715 976.386 536.953 907.823 448.414
340.015 597.925 106.233 645.459 955.119 629.52 934.349 850.948 565.998 310.581 31.153 257.926 774.997 190.329 869.137 335.146 71.812 339.985 948.349 1000000000.0 245.309 745.77 516.609 766.573 103.088 868.304 752.943 988.112 312.771 585.464 823.753 894.769 768.676 260.218 578.668 180.251 357.766 463.103 86.3 400.157 147.174 921.232 122.868 824.043 269.489 481.744 247.468 52.54 114.389 167.17 392.172 35.563 959.977 295.657 442.223 892.019 589.713 563.501 680.233 657.505 58.137 596.907 182.569 751.889 479.199 422.823 496.934 185.869 278.665 342.438 210.818 62.034 666.841 563.311 320.787 436.892 282.033 5.586 350.401 272.265 784.867 506.649 650.986 714.963 427.883 205.444 945.904 393.18 224.268 542.139 555.138 719.966 441.302 156.093 329.228 740.024 775.199 658.451 994.271 181.414 962.438 464.047 283.779 386.634 39.901 489.532 712.389 349.766 973.031 483.882 46.987 167.869 793.547 824.413 274.08 747.762 627.139 41.195 775.362 86.72 456.102 765.487 738.797 14.14 857.844 197.182 140.583 953.652 695.005 683.673 537.737 166.225 729.78 315.131 210.672 978.042 141.247 817.397 623.023 82.655 690.468 560.464 423.674 488.992 935.335 775.4 101.111 751.819 880.316 500.553 88.109 701.405 382.025 356.906 587.564 503.663 892.555 821.196 847.794 479.322 535.613 104.832 486.471 794.471 711.802 71.82 17.885 729.713 234.977 450.922 519.245 360.953 234.985 534.98 904.479 261.611 359.812 121.681 580.114 23.436 153.237 463.018 857.573 212.526 525.537 267.976 963.175 594.901 620.707 452.162 232.143 926.635 713.12 746.248 54.018 276.991 347.561 308.008 339.094 464.889
353.596 383.05 173.235 909.314 756.34 846.648 990.091 221.835 181.426 921.753 526.587 766.791 731.14 547.991 527.881 895.629 231.955 493.489 33.914 245.309 1000000000.0 465.756 35.205 350.209 593.626 916.94 354.586 319.929 472.409 333.028 586.487 222.323 434.396 114.438 353.528 826.551 508.697 899.181 913.044 221.42 862.125 689.796 9.824 740.483 362.558 683.13 344.271 273.596 697.713 12.109 562.311 774.933 408.093 878.122 120.665 850.139 552.402 400.046 362.537 945.737 807.139 66.762 128.149 997.332 894.36 224.954 922.107 800.718 142.292 470.877 87.378 560.535 600.433 870.562 227.294 746.439 557.434 588.684 292.44 665.117 520.09 604.194 565.13 736.666 55.79 35.235 742.2 818.685 861.462 491.778 435.61 738.578 805.424 656.123 182.459 774.397 284.527 888.489 417.563 457.137 772.672 119.543 793.704 366.718 468.721 485.617 247.252 440.797 886.948 938.349 793.33 385.121 858.14 854.929 740.738 873.305 626.917 335.434 405.302 716.523 630.561 729.394 644.776 860.378 673.403 268.103 331.096 320.883 793.761 203.379 591.669 701.204 221.545 296.556 215.304 235.105 365.016 170.374 154.214 656.093 321.142 589.785 154.008 630.893 105.47 780.417 266.071 766.549 896.595 481.087 7.371 313.083 332.673 741.3 487.893 278.08 708.726 731.269 362.185 258.314 151.865 426.238 37.443 505.016 585.613 624.679 867.068 649.006 367.419 570.161 896.475 723.083 480.918 707.669 86.086 432.808 323.26 12.881 407.244 643.081 726.694 613.887 46.039 291.849 906.815 875.165 987.011 714.417 670.224 27.512 420.76 489.712 101.598 560.346 546.239 1.986 322.381 93.049 338.276 288.003
415.119 389.778 181.985 252.295 741.713 586.922 204.116 16.058 833.926 819.415 439.942 438.674 697.081 259.584 612.329 219.623 844.538 850.302 711.464 745.77 465.756 1000000000.0 116.794 624.231 249.489 652.383 899.028 169.775 769.625 959.388 668.975 341.992 337.747 500.898 605.531 787.221 695.888 199.472 506.445 922.79 590.595 670.28 887.562 104.315 940.136 76.833 457.842 742.91 212.137 123.902 82.894 307.404 318.808 952.848 743.757 41.488 730.229 112.045 16.682 946.916 67.75 647.495 914.06 672.497 746.948 142.603 867.268 961.865 409.057 483.927 465.379 539.801 690.702 220.051 245.379 90.035 999.765 662.081 237.866 125.57 590.394 824.162 404.569 730.759 171.593 997.334 103.067 537.726 423.772 559.036 677.285 302.357 653.599 148.068 95.11 316.576 771.364 607.257 825.841 382.839 574.136 734.363 376.437 742.881 511.809 272.447 256.288 390.748 145.658 633.841 602.804 416.504 206.646 378.833 450.469 553.188 40.083 879.363 766.98 664.429 269.615 465.091 981.098 762.925 628.469 216.555 964.777 664.999 554.556 204.63 64.994 447.792 51.443 765.815 674.3 994.076 612.216 190.685 625.81 512.45 956.1 77.196 863.011 804.226 903.142 312.018 829.185 324.646 899.156 120.058 11.023 182.787 225.077 871.637 85.625 972.307 823.092 845.772 32.553 474.423 82.218 850.22 886.624 33.758 945.804 635.74 70.89 372.799 914.931 517.916 515.938 320.171 962.563 828.721 482.254 126.364 855.767 630.034 258.463 754.704 997.562 751.598 666.197 731.408 412.325 877.311 94.934 418.242 57.832 119.563 787.886 206.902 513.824 244.459 318.284 353.795 915.489 446.785 108.424 376.06
484.504 309.311 665.809 46.125 678.454 562.256 945.087 357.394 752.5 296.862 998.642 861.462 147.917 911.669 28.287 935.549 536.121 884.944 41.907 516.609 35.205 116.794 1000000000.0 629.232 63.143 619.505 995.294 4.303 511.283 660.412 176.461 796.592 500.738 169.383 973.873 313.387 196.089 611.325 697.823 640.851 53.134 377.066 299.631 811.574 512.778 873.706 459.392 269.656 418.565 163.019 137.697 737.073 519.62 63.113 274.349 256.465 918.302 309.958 629.064 521.265 722.519 848.118 370.08 102.893 695.795 760.375 61.777 534.488 69.589 622.841 64.497 67.11 994.686 164.401 374.969 886.677 150.713 244.252 435.663 58.69 845.595 694.103 494.73 1.696 422.775 468.242 153.62 135.725 220.767 225.844 558.036 425.422 848.193 565.699 689.519 599.955 517.997 901.212 807.925 908.053 139.569 701.721 255.79 883.146 276.184 401.592 182.93 317.912 805.556 332.097 26.025 554.566 267.429 246.187 833.494 49.208 6.286 737.707 11.385 941.907 175.942 191.828 603.434 830.123 372.792 39.143 695.514 970.734 641.726 468.432 692.65 837.87 173.926 646.613 503.338 343.215 945.783 262.914 696.947 398.228 291.726 782.635 551.249 65.809 783.609 568.709 391.964 930.282 726.64 718.475 540.165 253.767 612.884 94.653 837.986 451.029 591.508 798.99 106.381 941.726 334.888 796.745 351.475 217.024 898.006 309.515 87.599 234.827 658.425 373.871 820.309 225.581 250.235 518.549 538.199 357.386 58.047 546.799 866.643 267.074 997.252 35.438 286.154 440.79 218.193 636.292 132.41 989.6 173.022 977.615 253.507 45.194 97.498 172.961 411.85 669.019 162.537 374.682 151.17 480.546
729.264 822.28 73.028 486.102 665.827 318.438 44.37 614.887 883.987 71.867 801.934 8.36 663.907 854.561 323.864 985.174 138.03 893.808 350.379 766.573 350.209 624.231 629.232 1000000000.0 199.07 62.35 695.456 163.794 858.696 766.583 824.474 222.272 903.163 92.618 818.52 45.602 177.65 215.444 883.921 757.011 477.259 332.709 45.113 219.426 609.108 455.438 757.173 274.367 965.817 287.088 829.611 184.1 326.817 602.204 238.682 322.541 47.926 81.139 45.476 849.207 901.202 827.558 457.259 267.74 636.622 550.26 422.233 819.803 928.63 435.104 569.891 168.384 787.298 722.559 967.67 484.164 48.654 703.595 59.59 534.078 239.667 129.141 947.007 921.277 261.239 883.999 883.03 708.341 275.459 857.763 341.917 5.629 512.041 844.349 937.173 256.721 587.354 91.049 8.29 370.647 529.199 845.234 834.434 208.242 588.909 59.543 315.649 412.131 785.376 903.866 258.978 856.794 662.518 197.929 398.272 914.408 620.062 17.426 724.386 286.414 441.324 963.953 449.115 165.632 458.904 687.891 849.014 329.756 565.109 882.494 577.125 55.6 469.774 751.773 543.753 58.179 906.874 295.418 617.559 663.683 81.412 800.379 888.17 188.995 788.226 278.351 754.84 26.302 139.195 81.698 489.723 801.67 813.536 475.542 484.602 804.103 166.599 813.453 719.813 499.634 735.023 202.27 982.861 244.847 675.891 499.077 28.703 383.048 391.173 978.377 600.512 477.802 808.737 998.648 358.621 396.175 109.352 428.402 205.97 720.566 993.06 978.326 830.44 683.915 172.89 914.126 889.819 72.046 864.522 96.862 401.289 134.275 853.688 815.863 141.282 397.576 648.01 923.429 14.773 680.129
977.526 660.241 974.232 208.042 585.48 353.505 762.275 961.647 406.192 975.08 653.915 658.87 327.449 135.687 573.747 832.643 187.761 718.624 883.567 103.088 593.626 249.489 63.143 199.07 1000000000.0 217.149 718.546 609.556 4.042 953.566 60.52 952.789 16.934 45.401 390.032 125.863 94.714 375.798 653.845 868.259 12.034 408.606 986.837 733.364 536.847 120.216 312.053 686.458 594.885 552.284 336.969 32.769 776.36 118.874 30.598 935.236 517.27 864.209 919.403 858.963 762.7 697.739 780.629 768.021 516.304 462.592 434.545 933.552 562.87 478.464 564.518 759.595 471.465 486.337 743.39 875.983 109.685 635.983 122.386 268.832 304.521 469.585 42.792 326.382 453.468 26.833 748.37 868.723 384.142 951.409 923.096 569.179 779.113 655.323 899.913 36.994 893.138 254.818 13.383 227.648 835.924 945.074 670.638 384.098 982.271 284.801 764.159 194.428 158.454 704.467 31.72 472.686 573.888 837.127 158.895 759.488 546.623 548.537 345.85 530.973 442.436 577.846 253.089 666.591 153.544 792.607 788.904 179.804 842.158 755.253 859.131 667.049 119.829 526.256 34.392 429.653 773.211 178.136 629.463 882.77 701.355 231.236 25.496 411.84 122.629 998.328 663.596 207.551 742.621 915.115 899.915 726.903 111.4 942.494 598.39 242.073 670.314 519.119 165.474 669.343 769.839 970.295 466.428 2.624 356.047 140.592 866.72 945.637 66.08 860.832 721.873 772.282 118.338 401.258 268.753 759.219 447.734 740.537 85.57 358.037 253.597 656.199 59.482 384.79 513.602 532.917 42.761 881.19 717.185 78.23 969.621 172.096 844.524 335.251 469.566 857.519 408.545 845.619 29.195 513.107
