200
1000000000.0 597.637 360.782 644.821 292.306 412.528 806.869 965.248 259.056 356.298 891.488 226.18 655.753 200.945 638.762 499.248 678.964 959.703 714.262 100.392 339.481 594.413 940.863 766.723 877.962 326.725 352.384 766.478 80.014 366.884 394.923 911.238 815.271 766.839 695.344 860.587 760.854 827.346 597.741 77.106 749.314 877.924 530.727 974.004 262.251 64.096 403.495 123.897 925.855 2.752 660.494 944.905 344.886 297.569 586.608 464.098 855.695 112.053 433.549 567.839 220.814 55.884 365.557 215.763 556.132 492.564 179.981 417.687 3.233 831.23 202.922 255.859 503.489 382.058 139.165 538.16 171.7 727.195 317.934 855.237 957.226 13.698 81.811 997.046 160.028 464.826 957.553 613.407 230.81 781.886 988.974 563.222 715.032 263.757 251.515 342.385 817.346 580.287 405.197 106.695 161.44 827.788 98.564 72.061 16.403 745.445 901.359 621.733 552.701 132.595 33.607 454.168 212.835 882.18 625.846 983.504 552.363 92.319 228.618 933.893 83.052 947.241 31.971 781.965 543.379 636.048 675.283 873.368 277.916 759.869 580.562 720.959 681.253 353.889 590.974 878.339 215.33 43.058 846.099 284.355 765.267 779.81 139.433 580.846 649.003 711.489 121.732 272.357 612.191 455.38 938.737 817.885 944.062 850.563 672.802 257.961 135.674 289.98 60.811 168.67 334.72 496.227 473.43 987.243 52.393 316.424 48.539 258.32 685.24 527.472 732.063 7.017 827.694 824.537 586.377 168.82 691.271 589.077 739.908 128.586 745.383 136.738 484.066 696.116 65.219 614.985 515.716 522.328 264.038 300.501 809.429 967.59 887.918 191.368 122.712 401.446 834.918 403.912 913.051 338.933
597.637 1000000000.0 726.679 332.849 257.186 349.911 103.147 415.021 712.739 24.849 389.14 725.148 150.5 619.197 955.291 938.6 208.073 837.222 822.214 391.639 287.088 613.906 829.743 296.435 911.861 819.677 283.945 903.661 656.921 625.015 38.616 63.412 150.026 479.688 661.061 928.953 671.49 149.857 895.063 193.677 923.076 941.661 197.844 884.119 481.228 117.54 280.104 966.409 889.976 881.186 930.296 846.367 474.387 686.062 301.942 31.88 318.819 85.056 29.213 561.868 59.123 876.894 199.117 583.368 381.37 287.921 534.464 615.554 807.258 254.77 117.341 395.491 237.719 371.096 347.98 281.947 204.303 753.3 958.225 912.413 639.685 243.508 378.484 881.712 286.109 665.36 595.523 642.556 642.025 52.413 644.306 859.318 769.487 133.217 799.191 876.635 519.043 902.343 75.285 121.028 425.056 167.809 968.003 541.624 351.323 524.604 724.674 448.054 67.766 58.846 535.636 842.784 747.76 817.851 460.409 196.939 906.262 423.656 41.743 1.298 791.986 967.47 479.157 322.767 262.516 37.269 976.613 787.533 211.436 74.477 437.586 983.426 156.762 798.626 208.291 303.27 350.893 331.04 209.683 883.718 976.398 28.487 586.794 871.911 52.674 980.48 180.911 265.363 284.069 301.013 824.66 149.353 709.364 648.023 620.345 836.794 886.714 984.478 827.512 412.827 961.577 926.265 265.013 745.127 162.852 76.4 223.388 193.79 121.149 465.338 91.297 488.922 638.201 323.669 203.535 247.581 999.16 457.371 44.861 829.015 322.971 322.137 308.301 339.912 756.784 376.032 279.672 420.6 854.354 238.327 491.05 618.299 100.334 159.224 286.297 524.285 19.583 484.917 809.848 760.767
360.782 726.679 1000000000.0 999.913 362.709 715.722 48.571 369.182 665.028 658.233 378.75 143.535 820.447 480.841 205.257 188.721 452.946 173.198 95.397 150.847 525.496 540.901 650.008 985.675 658.917 915.081 808.286 290.056 285.571 719.636 997.92 186.488 650.499 930.111 963.679 358.565 217.168 325.313 982.058 748.036 128.148 362.644 369.933 820.827 947.647 161.016 896.344 193.723 170.425 711.228 182.939 422.471 225.832 370.739 688.254 794.325 439.838 32.735 10.505 123.891 154.218 354.673 433.09 58.749 646.309 999.783 84.99 435.876 535.189 287.307 24.314 504.966 234.544 700.849 929.06 837.257 863.419 979.434 239.954 151.623 127.759 41.906 767.424 243.794 274.351 78.555 947.553 677.238 619.97 205.916 411.651 270.515 263.287 462.722 994.451 664.334 613.081 194.953 632.729 7.307 188.178 650.995 658.37 129.97 765.337 432.152 546.725 469.339 514.025 689.413 235.598 190.904 670.725 368.68 962.429 670.659 413.314 915.046 724.219 425.225 762.441 514.325 157.374 587.116 400.346 657.94 443.592 90.131 961.258 416.542 817.186 590.868 753.945 14.543 472.158 814.105 945.001 848.846 417.247 667.029 513.716 887.855 745.487 219.385 267.227 589.328 790.68 881.755 243.749 983.98 424.61 213.383 545.02 715.661 328.919 915.327 561.791 739.462 862.347 206.992 210.892 163.19 751.744 876.988 211.799 888.838 885.813 181.483 579.025 425.167 285.15 58.393 227.831 219.66 949.468 555.795 414.491 216.482 823.226 540.818 458.768 226.363 749.182 428.278 867.137 96.556 357.046 615.195 354.835 601.783 931.401 668.324 572.801 528.925 62.393 532.157 564.914 62.03 641.394 191.627
644.821 332.849 999.913 1000000000.0 162.035 663.497 326.665 457.9 807.801 582.011 624.277 277.574 518.092 874.893 115.447 954.826 103.918 897.583 231.314 272.443 3.753 519.474 252.712 533.333 459.842 416.838 352.406 854.48 565.111 233.259 296.621 637.584 807.125 332.029 521.518 500.903 67.977 513.445 965.004 454.354 45.904 999.782 112.294 105.775 27.672 605.716 5.903 541.956 41.296 934.22 743.975 685.195 331.341 761.554 80.768 924.739 501.791 724.732 577.147 940.486 675.342 199.22 582.154 859.443 281.017 19.303 801.437 647.929 595.738 938.481 448.716 678.293 792.043 792.079 134.441 168.703 583.237 440.318 965.843 958.944 663.628 34.511 446.425 252.598 576.657 446.748 227.445 738.351 147.698 127.839 178.704 620.273 64.568 179.019 42.139 830.358 163.258 282.687 778.976 100.495 105.666 364.992 76.589 808.213 992.789 548.437 523.314 792.862 551.376 539.087 50.85 71.141 591.208 252.792 600.43 132.202 326.512 922.983 519.696 15.717 813.088 492.464 484.367 241.997 255.141 682.411 154.227 829.505 413.194 530.979 62.944 131.288 334.86 304.165 150.992 380.835 914.618 208.078 522.101 727.435 212.941 82.417 220.39 109.497 14.997 401.993 211.031 718.581 614.583 854.979 695.392 296.495 130.85 968.779 741.497 759.281 640.176 692.14 126.858 282.962 120.388 755.267 596.421 854.625 547.244 385.053 811.383 506.221 654.397 151.697 965.811 375.025 348.605 500.175 805.334 983.906 775.009 665.58 803.975 12.258 439.998 533.153 142.721 841.239 17.537 391.463 52.016 219.249 997.152 512.296 620.915 406.716 329.228 953.144 488.115 873.212 16.297 318.382 373.149 468.071
292.306 257.186 362.709 162.035 1000000000.0 775.908 225.833 41.54 326.771 60.696 670.692 947.224 995.294 755.718 444.791 420.077 6.635 785.137 240.211 317.942 485.426 3.066 72.773 4.29 379.03 39.898 14.549 336.463 452.062 596.145 440.908 532.18 95.361 473.311 143.52 597.98 255.507 229.267 207.265 191.156 975.514 49.622 871.949 897.134 19.229 810.845 52.263 701.833 224.34 997.284 472.585 891.619 879.419 201.269 584.681 983.635 611.91 349.307 259.799 229.866 385.972 665.931 480.295 430.48 69.427 162.005 816.705 183.87 604.413 547.696 785.4 224.419 624.334 443.802 63.973 199.403 48.301 778.33 335.418 960.255 556.995 484.005 577.656 492.442 366.531 412.792 674.376 553.33 924.213 134.366 993.512 552.699 224.989 780.113 871.472 39.435 92.634 352.017 318.783 995.754 966.634 318.492 725.862 842.907 329.959 57.358 637.643 989.999 849.894 302.607 64.829 290.112 573.616 574.938 305.899 66.937 577.43 622.251 716.113 218.132 336.788 660.405 828.507 729.984 908.179 363.464 4.873 973.989 667.856 441.891 412.112 181.469 19.968 806.984 808.856 103.092 135.272 73.246 35.213 577.896 939.378 799.011 950.849 711.124 771.037 364.754 948.989 602.438 447.058 677.93 774.482 814.116 310.144 21.141 930.135 698.019 54.738 7.722 7.349 891.411 236.713 582.752 872.126 441.38 514.767 652.01 588.211 204.437 990.99 386.533 546.728 960.0 613.65 187.129 744.118 603.837 739.7 834.821 710.663 821.613 615.342 469.865 479.604 91.425 973.507 91.214 257.145 521.975 76.071 450.108 104.785 521.178 86.211 239.871 974.198 743.512 705.675 460.205 461.14 60.969
412.528 349.911 715.722 663.497 775.908 1000000000.0 7.909 571.35 336.839 54.646 428.84 392.12 502.277 282.937 101.511 570.296 883.432 118.26 65.55 152.223 558.621 534.288 62.037 846.206 875.236 695.225 928.273 394.332 205.688 938.929 985.732 186.328 344.875 137.95 698.443 397.925 330.844 220.07 501.175 54.632 949.561 334.256 205.337 558.592 506.173 556.155 750.703 613.109 627.983 371.483 983.32 916.982 381.095 124.382 295.345 104.598 307.897 231.064 506.858 262.272 158.966 843.159 259.717 739.421 639.53 337.083 455.432 911.281 31.496 504.924 8.098 880.555 314.309 60.38 590.53 100.14 304.156 243.559 152.384 371.359 929.334 903.629 365.867 702.892 154.89 126.426 324.476 610.031 459.108 25.406 355.404 948.674 398.553 82.123 853.963 873.619 786.904 984.683 582.142 663.737 459.952 608.799 916.248 64.1 454.892 264.377 531.68 541.812 208.793 905.021 26.015 445.528 383.099 460.08 968.058 282.571 76.289 255.15 682.236 720.162 496.306 854.795 984.313 112.63 509.913 684.172 47.122 343.822 167.062 147.783 716.775 865.588 888.452 543.363 87.197 473.048 743.234 488.782 163.004 560.57 637.319 778.651 54.357 9.309 289.696 767.056 20.456 390.34 230.391 740.756 8.712 945.094 784.045 717.534 580.872 53.889 712.785 720.991 180.707 598.76 950.661 287.376 905.539 16.568 278.023 196.964 313.43 922.275 846.041 93.843 827.89 460.793 35.9 498.081 903.691 47.279 855.869 818.135 819.045 261.733 181.714 802.121 509.475 987.363 330.729 105.931 929.803 970.968 137.262 953.414 554.393 577.011 138.651 902.173 22.814 902.259 946.155 371.903 498.948 67.991
806.869 103.147 48.571 326.665 225.833 7.909 1000000000.0 165.194 955.385 656.664 958.899 357.992 901.713 160.432 360.94 655.85 391.529 441.744 19.626 304.605 757.862 429.716 92.381 987.634 982.847 857.955 430.913 253.179 590.883 674.695 940.66 239.393 46.532 486.142 993.37 688.965 818.75 318.588 40.879 470.627 825.011 621.741 821.595 743.982 439.601 827.979 384.411 922.787 792.182 935.522 485.699 390.085 304.771 404.534 373.312 609.799 678.4 865.689 971.431 677.665 860.253 413.511 476.204 512.106 289.577 616.348 93.491 177.222 551.955 899.461 283.676 664.562 906.384 750.192 797.603 251.377 236.716 63.761 878.421 17.606 929.256 323.538 988.795 171.209 428.193 25.494 545.691 644.0 805.989 80.972 978.913 748.465 797.594 72.99 731.543 858.304 122.471 968.495 305.505 873.866 943.621 809.723 818.717 121.87 384.301 619.778 927.776 948.952 802.3 972.323 700.143 980.373 924.438 486.55 845.602 888.175 609.767 285.997 27.609 526.117 828.672 424.603 479.309 53.899 254.682 232.447 441.777 992.381 217.541 539.133 706.485 258.006 57.024 177.542 738.971 619.643 163.15 617.758 2.353 284.132 632.157 287.234 236.604 292.984 179.801 574.109 431.091 707.499 512.121 177.337 30.444 97.341 85.446 523.202 639.924 972.77 278.059 903.981 423.17 736.049 990.161 968.877 598.876 251.731 736.12 962.345 104.608 754.566 700.261 479.684 736.473 190.358 726.722 839.01 468.488 770.697 89.967 230.994 971.242 490.064 305.731 990.26 474.681 517.888 604.909 756.662 518.17 433.046 868.647 330.997 352.545 654.35 812.326 432.963 90.869 21.004 698.742 432.471 543.249 812.446
965.248 415.021 369.182 457.9 41.54 571.35 165.194 1000000000.0 32.648 686.136 906.444 845.8 241.743 275.017 803.655 80.415 452.454 720.048 613.263 115.162 542.439 947.674 916.397 899.452 540.527 141.371 274.216 429.022 229.801 891.775 532.616 934.637 115.299 113.828 98.65 897.778 625.954 419.494 195.91 742.472 671.329 341.669 355.802 406.451 653.563 709.564 125.973 968.701 344.898 953.208 841.878 906.434 895.484 741.833 185.342 116.098 468.705 470.016 203.379 85.712 833.764 326.237 851.079 412.595 641.101 538.038 951.42 529.69 497.623 66.148 803.776 459.57 727.055 978.96 314.57 625.619 936.936 657.777 216.643 870.185 269.467 426.484 852.239 191.141 133.074 646.904 583.307 584.731 779.066 926.579 457.528 600.1 334.612 816.216 73.789 160.07 82.304 313.839 144.387 31.604 538.157 998.216 956.395 652.732 301.953 437.876 602.413 839.699 899.726 379.232 536.105 92.384 128.662 719.758 980.937 134.476 124.899 837.305 928.095 596.117 452.826 431.094 200.747 164.335 247.958 548.911 896.92 436.11 944.82 902.893 213.61 984.942 504.321 217.15 948.411 831.905 915.84 429.613 123.801 160.702 549.619 818.608 278.158 44.573 430.615 692.901 225.077 855.36 978.731 703.74 395.755 247.679 284.956 805.478 773.929 847.984 715.605 143.482 91.044 351.484 214.602 795.706 217.792 377.622 43.943 725.963 66.277 476.161 412.856 217.602 79.043 16.67 482.41 734.96 136.219 347.638 679.914 177.203 754.652 254.322 957.266 121.351 411.966 170.766 363.853 244.289 844.055 360.104 406.655 565.625 614.485 406.308 760.44 284.404 886.513 145.038 862.013 692.267 466.16 959.733
259.056 712.739 665.028 807.801 326.771 336.839 955.385 32.648 1000000000.0 136.064 205.674 951.573 185.292 300.345 414.945 490.569 164.005 129.157 679.578 627.242 557.811 752.238 66.923 533.516 604.017 677.781 529.28 694.376 999.027 305.078 889.955 862.452 692.776 427.407 161.071 337.073 611.786 483.014 306.355 962.192 363.196 479.495 565.14 994.001 459.767 3.121 18.747 809.984 929.992 639.616 540.408 733.917 443.318 358.131 638.044 400.282 561.454 9.914 508.249 948.191 296.298 747.488 428.693 580.105 454.143 165.815 916.711 988.795 354.202 425.548 539.749 219.008 224.017 409.431 144.433 855.381 801.789 534.195 76.169 313.238 29.883 886.514 820.445 434.666 783.362 507.459 538.082 607.234 581.791 448.628 323.033 321.214 602.51 543.303 43.668 215.344 664.657 761.66 440.278 47.073 352.616 874.555 83.031 239.244 555.022 322.898 763.523 132.026 959.838 858.504 465.007 46.452 627.891 394.259 175.865 22.663 85.881 884.274 725.718 541.148 533.362 376.334 549.769 899.489 623.431 439.061 435.73 216.147 978.454 145.139 424.055 313.738 307.248 577.177 42.047 936.387 297.735 656.051 633.283 571.557 509.778 638.207 107.097 158.429 941.283 31.738 922.107 323.386 851.777 1.007 305.174 576.141 707.479 204.974 162.799 976.578 786.861 733.477 46.019 331.604 903.42 138.756 972.378 43.319 797.57 289.255 247.329 316.27 923.068 485.579 367.719 598.822 969.611 89.387 655.347 163.337 475.781 617.65 610.081 107.288 28.912 377.66 101.459 812.541 683.761 475.588 48.27 228.327 762.906 709.712 983.946 31.148 13.599 956.121 316.122 73.523 85.036 746.461 447.738 799.309
356.298 24.849 658.233 582.011 60.696 54.646 656.664 686.136 136.064 1000000000.0 987.793 120.684 137.483 908.191 977.508 553.231 579.983 722.988 340.747 391.982 524.122 183.382 300.552 427.831 201.468 930.031 68.385 22.524 999.648 418.28 60.235 971.317 288.373 469.924 277.088 118.793 236.386 407.592 19.048 780.088 522.845 852.562 359.544 735.728 191.757 406.682 948.934 769.21 966.783 263.314 850.82 399.132 945.181 473.107 899.832 513.741 451.677 406.543 957.469 298.246 737.187 274.597 885.912 864.987 157.457 596.441 599.456 357.75 19.914 762.18 74.537 780.136 622.66 274.229 648.868 356.471 655.969 142.134 566.969 658.894 90.727 100.064 180.474 593.643 680.795 28.071 538.35 782.772 706.026 535.418 660.216 366.469 498.069 471.475 641.344 475.32 162.325 149.447 844.636 947.642 99.661 226.621 431.167 146.09 447.262 642.318 249.734 658.693 976.49 671.055 337.848 641.458 942.316 776.649 487.525 782.837 252.829 316.576 482.275 108.604 938.038 942.784 703.909 314.259 547.803 746.527 137.712 255.181 887.57 889.713 475.719 546.043 456.556 376.079 93.141 377.887 614.784 928.311 904.573 596.395 796.913 721.568 136.861 836.311 793.931 667.552 299.948 60.143 796.771 123.897 985.987 999.208 63.297 213.214 944.07 596.897 930.981 257.817 92.812 483.261 452.788 410.02 586.812 982.279 230.119 229.462 785.36 846.988 97.979 657.549 985.296 128.355 993.354 985.069 886.764 390.556 668.568 894.979 58.573 847.587 932.389 723.036 601.39 649.819 574.853 28.307 663.604 929.25 313.782 226.162 872.375 416.913 291.886 502.746 197.839 211.509 146.08 43.554 545.704 278.595
891.488 389.14 378.75 624.277 670.692 428.84 958.899 906.444 205.674 987.793 1000000000.0 44.825 523.392 274.393 459.093 680.191 420.871 624.992 604.455 460.423 459.817 339.035 726.362 318.214 789.373 920.428 206.806 473.45 878.18 274.978 377.075 523.804 436.197 86.312 424.321 418.372 46.913 450.671 134.211 77.25 28.373 590.473 603.491 539.005 492.113 915.798 577.083 521.548 749.804 850.457 443.247 390.345 781.241 829.753 672.599 92.633 595.456 821.175 692.545 160.384 366.088 69.551 867.651 412.708 721.733 515.113 624.984 740.633 436.722 304.695 771.906 985.088 561.488 392.639 424.613 77.366 939.532 62.262 994.41 568.888 146.556 374.632 859.109 701.893 959.97 324.226 722.637 45.114 789.247 593.668 378.586 465.293 123.762 309.839 539.143 44.325 272.396 542.826 140.54 564.025 608.814 721.481 799.7 861.795 851.88 83.934 141.617 97.274 549.931 341.788 743.706 533.76 309.186 481.257 339.386 27.346 192.064 961.236 736.261 858.918 240.006 310.185 310.202 516.751 680.075 270.188 594.381 760.118 846.807 550.053 154.235 973.529 871.425 19.389 583.346 102.947 376.645 407.71 544.88 31.332 276.798 914.093 614.063 113.554 312.669 401.302 382.09 660.465 744.232 579.381 258.408 318.487 602.165 752.432 510.046 321.005 497.738 308.187 355.545 628.784 587.289 263.286 431.423 514.5 689.459 812.207 476.883 947.373 804.323 795.727 819.462 244.401 695.425 356.435 91.881 149.842 199.404 840.269 312.988 309.631 122.897 841.317 239.089 305.87 651.701 104.163 830.372 455.56 581.929 70.912 521.774 295.882 271.225 457.123 827.989 365.633 321.527 302.178 933.307 130.686
226.18 725.148 143.535 277.574 947.224 392.12 357.992 845.8 951.573 120.684 44.825 1000000000.0 747.018 997.803 579.302 535.541 461.855 948.149 785.233 110.129 416.885 747.412 269.346 70.134 292.723 827.85 930.575 642.991 544.705 312.004 457.594 361.506 843.392 642.921 99.566 757.869 82.866 39.25 102.984 59.285 616.738 736.68 172.994 451.715 291.899 501.681 659.804 287.297 90.704 51.022 82.374 591.035 596.105 275.059 691.223 814.318 115.002 144.846 580.818 265.0 198.799 968.073 188.006 512.779 8.58 482.404 632.975 22.219 745.653 197.94 105.697 806.311 601.473 358.569 799.182 754.371 467.163 148.402 478.807 151.431 361.899 816.247 504.058 744.131 479.023 17.509 573.958 656.552 925.824 114.124 293.308 875.565 603.023 484.916 447.23 324.755 307.125 241.349 196.807 741.412 359.355 383.956 807.505 791.553 299.893 271.316 297.26 557.554 140.866 681.242 439.716 258.593 399.885 119.653 967.661 547.494 942.983 680.716 508.171 279.613 978.26 178.54 664.282 256.347 501.951 600.874 194.517 413.3 523.068 945.207 80.674 591.904 932.208 199.934 126.921 767.382 558.975 308.361 254.817 301.471 231.274 842.848 960.066 671.249 359.921 980.077 95.34 690.717 726.369 550.592 154.508 581.721 264.662 561.534 955.02 638.926 225.039 179.571 76.764 463.804 627.565 185.248 509.965 478.865 82.637 888.632 957.39 250.77 757.481 325.18 757.878 56.7 298.737 499.897 967.669 728.663 421.911 19.99 183.699 28.668 232.003 803.462 632.027 41.032 82.055 805.593 85.264 67.95 763.691 272.039 279.939 342.196 568.367 990.72 990.869 229.432 346.247 620.672 731.759 313.37
655.753 150.5 820.447 518.092 995.294 502.277 901.713 241.743 185.292 137.483 523.392 747.018 1000000000.0 844.764 249.507 101.937 139.573 183.104 2.641 866.261 151.283 306.624 691.779 616.253 936.878 152.947 424.97 82.05 225.392 230.705 644.289 433.823 890.862 471.729 533.258 797.732 317.561 549.616 161.539 925.039 375.313 770.035 151.723 891.677 95.954 580.259 181.281 107.219 552.645 830.075 931.677 53.205 192.577 902.057 417.82 828.999 992.49 591.01 281.868 384.762 412.584 948.608 441.35 203.269 387.623 672.468 216.9 621.669 240.98 972.912 459.644 65.935 45.793 70.335 960.873 872.257 124.362 779.896 216.773 656.785 421.73 731.856 738.14 686.778 59.844 970.996 187.231 616.806 470.664 783.231 671.479 402.911 728.342 560.646 102.175 664.41 540.71 234.79 119.626 688.503 44.711 858.118 938.593 873.707 722.419 974.645 108.441 351.562 370.221 138.5 925.984 441.376 999.045 374.648 945.207 666.408 130.004 716.537 563.642 166.465 631.758 893.043 177.561 867.704 140.592 533.304 791.868 876.912 409.262 9.3 630.192 475.327 37.741 885.914 14.653 248.751 288.869 16.253 233.852 761.509 28.439 922.145 847.836 261.445 12.29 914.447 709.582 41.704 166.027 267.281 521.662 931.246 840.646 218.127 670.074 925.672 498.2 838.308 842.558 701.17 353.971 102.015 107.908 148.07 144.093 219.003 897.192 724.256 225.048 319.872 804.536 420.511 730.286 491.089 907.185 683.765 273.774 693.696 632.763 395.536 137.262 460.598 29.382 319.442 75.018 705.388 140.325 235.917 347.251 819.842 528.146 926.179 17.318 27.112 167.762 781.312 179.495 681.803 626.438 997.615
200.945 619.197 480.841 874.893 755.718 282.937 160.432 275.017 300.345 908.191 274.393 997.803 844.764 1000000000.0 97.669 761.377 696.182 130.007 492.902 47.956 22.747 149.517 621.531 309.172 586.477 201.25 40.879 777.535 359.613 675.747 139.645 928.32 196.941 977.359 171.243 968.283 176.072 12.72 950.69 539.259 500.899 230.736 434.468 930.23 341.151 288.383 796.105 997.295 188.909 809.152 615.793 349.025 803.476 49.437 346.56 231.734 803.116 584.117 425.499 981.032 633.026 766.889 884.743 574.204 704.123 913.137 436.053 512.289 338.065 657.354 127.371 243.485 232.755 912.608 49.4 629.129 770.434 961.706 725.953 980.009 809.841 896.658 876.79 517.023 778.209 401.508 345.093 992.736 842.717 567.235 938.235 123.3 261.721 465.191 188.793 14.759 898.996 715.077 856.31 874.086 809.543 353.596 884.778 613.874 766.33 541.59 135.536 364.4 513.537 621.31 622.822 325.493 496.26 429.867 695.282 937.233 495.874 132.76 902.816 246.637 725.69 222.136 576.005 470.907 868.069 784.026 462.31 810.059 906.105 925.933 611.86 499.024 497.246 772.715 746.531 93.897 82.991 63.876 625.347 19.921 690.13 954.669 843.516 300.425 555.692 772.999 418.893 610.858 482.575 855.385 214.931 957.537 913.601 744.752 194.79 416.723 589.557 755.676 175.202 132.376 563.551 868.165 473.201 656.735 53.025 831.31 647.266 505.151 612.062 802.733 106.687 918.729 473.001 607.054 117.554 945.377 668.63 531.587 128.761 602.777 113.277 653.804 348.727 634.573 87.614 606.704 767.293 491.368 297.714 573.486 262.251 848.551 966.516 921.501 854.036 385.918 669.136 847.412 438.707 976.235
638.762 955.291 205.257 115.447 444.791 101.511 360.94 803.655 414.945 977.508 459.093 579.302 249.507 97.669 1000000000.0 897.282 822.542 808.436 455.17 181.033 522.104 990.943 513.93 462.349 477.552 869.517 576.895 723.596 180.258 401.564 777.101 919.513 948.458 741.668 25.945 637.951 968.693 349.571 88.466 126.067 569.638 410.77 667.924 670.415 66.732 986.064 700.775 150.315 137.092 832.368 657.462 180.203 947.657 871.903 158.841 344.244 971.446 634.153 434.578 59.205 760.444 482.797 173.208 620.772 246.343 624.781 874.599 163.954 31.458 457.046 260.168 267.635 151.797 112.763 396.404 986.995 458.227 770.919 272.185 357.88 860.065 552.457 92.396 207.872 29.356 208.73 356.803 712.577 136.085 69.674 526.942 779.421 217.218 147.118 606.963 415.911 788.334 211.995 750.399 388.469 927.496 583.883 357.197 886.509 654.125 4.921 518.415 389.531 48.473 676.888 580.861 747.041 574.869 916.796 151.707 339.205 446.176 100.255 808.216 986.992 436.222 330.634 11.475 215.795 3.94 923.753 762.919 644.23 578.312 76.495 64.984 644.555 348.301 380.005 173.211 287.051 569.17 902.52 145.369 243.672 486.435 749.356 73.112 217.091 884.515 867.891 491.255 733.327 995.889 607.065 481.102 686.219 885.172 855.844 605.884 889.116 277.889 268.658 773.02 339.936 777.368 324.424 662.616 375.564 144.09 290.328 594.089 227.941 195.535 296.874 234.679 378.04 465.772 349.428 938.719 736.721 634.038 192.65 237.087 925.22 150.813 303.272 876.239 302.869 620.271 252.578 991.602 287.65 749.226 214.971 196.536 723.574 39.894 540.736 186.975 533.093 64.504 895.808 824.133 713.587
499.248 938.6 188.721 954.826 420.077 570.296 655.85 80.415 490.569 553.231 680.191 535.541 101.937 761.377 897.282 1000000000.0 375.252 873.133 447.526 191.268 622.555 403.168 348.74 502.934 289.693 349.793 771.56 157.444 988.848 727.759 164.781 897.093 874.396 539.013 486.225 866.695 756.775 161.078 494.024 495.876 419.177 365.377 775.204 589.318 566.004 984.979 743.905 59.431 283.184 142.152 767.997 41.554 992.048 193.281 275.534 948.003 749.977 111.7 207.365 684.602 529.632 211.629 643.723 292.931 116.279 992.208 129.588 301.475 870.03 638.306 536.818 839.354 73.885 400.619 765.652 141.447 653.193 578.234 809.852 20.53 297.001 817.596 762.752 267.123 843.119 96.016 460.922 525.183 227.117 207.289 328.073 521.845 658.736 678.571 688.324 716.85 277.598 502.916 326.083 74.22 318.14 496.114 407.436 149.644 28.412 484.545 887.269 436.151 608.694 838.553 56.889 120.528 834.943 385.062 26.034 636.787 317.413 639.487 796.894 134.189 181.026 196.35 707.1 485.584 616.675 743.393 83.596 313.533 109.157 786.317 264.124 590.934 831.416 937.268 750.051 474.534 470.703 879.078 187.832 579.519 668.036 936.005 408.019 506.726 184.529 562.115 55.19 508.037 637.081 982.338 127.075 377.664 265.394 116.907 27.83 432.121 486.35 886.604 627.242 955.325 30.923 274.383 609.444 781.809 247.945 285.528 376.667 847.95 82.592 183.541 984.746 62.025 882.159 428.007 932.456 746.782 939.324 332.418 87.434 209.512 946.152 59.659 193.296 307.786 355.048 403.585 707.654 813.924 486.201 198.762 859.895 598.958 902.11 772.171 282.264 471.06 170.998 252.459 529.791 667.12
678.964 208.073 452.946 103.918 6.635 883.432 391.529 452.454 164.005 579.983 420.871 461.855 139.573 696.182 822.542 375.252 1000000000.0 442.354 496.927 985.522 91.329 880.704 925.055 236.196 850.152 378.96 829.363 68.643 61.673 623.264 21.701 563.034 113.197 916.073 951.344 37.163 659.36 455.025 350.39 622.094 163.642 75.995 434.996 340.637 353.694 222.187 166.162 849.159 322.29 805.755 24.143 797.928 961.222 778.103 106.039 903.488 488.839 762.418 221.621 676.582 367.09 856.457 560.15 362.082 786.695 824.692 932.726 322.341 959.548 580.415 657.417 390.577 939.125 184.309 517.239 794.447 111.475 947.958 436.906 576.057 827.877 36.096 535.69 505.659 529.384 347.608 541.261 860.122 30.239 134.672 180.991 746.289 846.199 256.244 742.273 653.962 337.425 645.996 705.684 628.437 63.436 544.606 348.54 403.014 332.357 594.62 811.063 314.188 818.377 564.996 272.075 361.329 154.163 372.999 599.929 848.927 367.721 729.126 389.522 18.675 426.161 786.126 90.555 776.271 2.975 466.952 299.461 11.118 180.938 255.415 141.016 221.294 779.725 587.399 72.131 793.625 327.54 844.288 813.854 823.755 952.583 424.204 867.833 525.365 19.011 726.843 517.603 416.76 503.824 60.432 85.139 657.145 580.27 715.039 53.564 588.276 899.756 877.773 510.225 350.683 60.051 754.738 651.78 265.083 756.602 811.731 399.871 244.357 38.445 162.31 862.255 659.221 411.565 697.383 630.947 759.558 87.915 949.876 268.016 594.62 813.711 219.787 793.181 493.102 769.958 515.512 40.485 515.261 168.674 598.478 34.452 563.198 452.405 8.067 81.849 403.511 553.57 868.497 62.839 252.981
959.703 837.222 173.198 897.583 785.137 118.26 441.744 720.048 129.157 722.988 624.992 948.149 183.104 130.007 808.436 873.133 442.354 1000000000.0 522.894 13.583 870.232 719.188 136.138 532.757 579.976 115.0 940.283 44.048 307.171 966.416 841.287 926.516 455.776 12.135 811.638 313.132 577.791 310.865 741.97 574.426 924.421 617.098 584.476 4.953 396.455 627.884 327.885 739.159 235.448 265.339 887.859 715.996 705.175 414.405 859.488 880.576 45.694 937.488 239.913 368.834 81.731 862.481 307.826 770.307 721.391 997.255 725.192 413.536 594.703 813.855 332.848 95.066 754.879 775.886 913.994 43.337 555.25 982.998 574.187 727.638 616.295 504.691 435.579 546.944 681.854 860.36 65.243 504.26 515.13 25.617 145.802 489.267 776.992 914.56 799.89 444.214 723.25 364.398 936.778 176.17 702.683 785.232 128.356 306.191 852.515 854.684 401.281 795.612 699.336 885.809 557.873 703.712 715.12 740.047 177.312 273.533 288.128 643.736 407.755 975.664 437.138 7.427 526.831 958.699 43.312 655.893 101.152 581.832 407.311 334.695 73.634 860.126 836.201 246.052 366.677 29.62 629.67 946.049 340.314 940.15 552.225 108.175 323.571 662.919 693.235 224.849 601.421 933.682 792.828 28.583 527.738 850.588 747.72 902.381 890.487 701.777 87.859 820.134 837.311 311.416 740.178 437.729 160.999 675.428 761.988 426.659 550.851 199.174 718.26 86.808 672.162 494.701 327.787 266.212 875.251 681.264 89.303 789.807 602.68 13.024 206.995 648.635 387.903 888.624 952.577 107.136 481.955 348.084 947.037 994.666 370.131 2.971 579.448 114.088 328.77 34.647 466.633 847.167 73.119 486.054
714.262 822.214 95.397 231.314 240.211 65.55 19.626 613.263 679.578 340.747 604.455 785.233 2.641 492.902 455.17 447.526 496.927 522.894 1000000000.0 978.173 421.196 370.205 505.639 690.804 152.784 144.635 590.649 244.925 820.647 539.641 507.382 740.064 759.819 241.995 948.209 136.43 752.112 560.431 101.282 626.164 847.862 672.893 298.422 889.681 937.081 114.814 308.994 318.731 692.551 283.984 974.034 680.328 526.444 957.129 27.577 287.211 783.412 834.401 895.912 79.728 386.302 541.322 745.292 390.981 106.766 859.424 854.115 49.544 193.626 343.076 482.93 206.802 785.275 139.111 859.296 929.927 848.821 576.584 43.693 25.964 276.309 664.568 706.796 189.938 260.576 860.233 781.442 273.283 764.003 521.164 516.782 741.826 965.144 916.658 693.786 753.273 851.447 907.91 547.675 704.96 782.872 763.175 541.467 719.399 58.75 691.373 87.414 82.113 984.276 564.957 797.539 331.368 676.969 479.48 917.544 515.008 331.647 492.243 144.451 651.545 953.816 738.309 661.823 323.032 188.31 252.863 914.921 495.814 701.625 393.356 350.482 752.349 500.53 88.427 638.395 400.419 148.557 497.506 527.842 254.943 988.269 213.672 229.863 169.522 219.493 97.785 810.272 92.327 216.835 958.287 789.954 191.651 617.815 221.705 35.295 278.995 264.933 943.683 327.612 682.69 623.537 213.564 676.98 71.928 320.196 827.957 954.744 525.451 442.223 901.305 817.412 961.704 596.89 552.401 147.985 134.659 643.698 153.925 611.837 337.222 794.766 724.423 263.64 113.77 228.074 452.235 567.2 109.275 54.557 793.142 968.662 479.415 713.432 28.733 596.025 191.137 808.2 610.775 720.049 284.894
100.392 391.639 150.847 272.443 317.942 152.223 304.605 115.162 627.242 391.982 460.423 110.129 866.261 47.956 181.033 191.268 985.522 13.583 978.173 1000000000.0 742.169 119.288 16.581 290.697 492.681 525.346 159.642 965.644 86.293 495.523 535.864 69.703 757.595 195.058 377.409 82.514 807.313 336.711 891.82 765.035 329.471 138.823 862.819 450.162 506.303 942.659 56.289 852.104 433.853 19.944 358.186 125.665 54.843 54.801 726.086 248.176 997.248 188.129 455.904 853.481 872.886 446.247 71.597 11.24 984.943 740.195 850.033 64.971 977.38 1.601 594.748 192.06 387.174 101.918 755.426 975.503 48.265 483.946 644.698 226.801 896.054 749.808 593.414 375.484 728.59 426.536 172.21 246.048 34.302 960.834 713.496 129.161 241.271 155.152 122.33 511.089 20.2 13.005 514.014 205.264 375.721 204.376 70.205 74.132 51.447 98.428 635.682 293.799 844.323 514.285 140.659 569.382 722.75 713.047 47.349 950.695 826.271 199.921 457.548 392.788 451.56 560.756 617.916 847.889 445.767 877.504 792.439 11.74 862.016 320.416 699.15 704.114 370.631 447.8 941.684 600.213 654.019 213.762 559.248 198.082 23.434 153.324 393.319 589.252 788.988 523.175 261.904 622.757 404.837 668.294 924.889 149.374 548.005 932.914 314.745 938.125 949.424 151.528 422.11 883.586 982.881 224.296 904.21 597.801 249.495 107.787 561.119 617.499 722.871 380.299 831.182 99.765 425.27 2.144 733.96 93.936 147.398 794.042 447.686 769.615 318.178 92.009 94.725 390.137 960.5 248.754 523.826 41.867 757.845 915.221 69.763 292.728 832.227 738.188 639.696 151.752 525.6 560.474 670.174 789.75
339.481 287.088 525.496 3.753 485.426 558.621 757.862 542.439 557.811 524.122 459.817 416.885 151.283 22.747 522.104 622.555 91.329 870.232 421.196 742.169 1000000000.0 563.467 983.639 953.517 208.034 590.566 198.688 811.421 534.84 195.661 77.778 926.911 416.657 29.497 165.376 864.662 145.352 338.841 419.161 729.132 84.023 402.579 356.719 906.032 659.601 175.176 602.304 504.938 741.736 766.239 488.579 845.989 550.858 363.772 589.281 619.947 58.364 910.41 218.081 323.663 648.748 74.023 125.723 64.141 17.813 938.386 949.693 466.77 8.543 194.429 511.806 878.095 492.384 108.634 12.89 642.655 717.828 920.392 883.644 223.174 212.381 620.088 684.872 932.61 326.22 117.005 407.236 373.968 165.633 716.325 210.291 681.659 826.764 493.671 628.601 101.453 797.508 498.074 31.685 218.691 253.501 369.977 112.937 245.743 427.76 259.861 424.0 279.176 835.904 26.041 168.833 196.43 577.797 770.247 299.058 607.89 658.927 786.236 177.206 479.572 908.518 721.16 793.258 167.474 986.762 115.821 346.978 899.942 907.651 734.388 88.653 883.343 463.579 620.869 923.023 511.462 93.28 504.299 321.636 140.376 926.005 235.322 500.447 230.443 644.506 735.684 311.336 404.941 866.495 62.409 820.699 419.133 919.693 749.238 844.22 88.277 265.93 460.471 340.104 55.432 207.759 789.967 349.126 261.474 504.322 745.73 583.236 379.004 126.716 178.443 282.745 331.684 829.734 488.133 12.827 784.838 581.143 919.222 989.3 839.939 991.548 642.102 326.809 826.379 656.718 212.698 374.309 855.036 344.622 335.995 551.028 57.375 882.609 709.421 598.99 164.109 490.698 56.664 233.355 27.365
594.413 613.906 540.901 519.474 3.066 534.288 429.716 947.674 752.238 183.382 339.035 747.412 306.624 149.517 990.943 403.168 880.704 719.188 370.205 119.288 563.467 1000000000.0 323.585 717.152 204.239 428.897 943.15 44.494 566.527 556.58 723.995 818.07 585.222 629.851 71.995 839.181 588.747 270.971 890.045 774.62 864.515 132.258 875.88 420.475 439.443 947.283 241.274 937.503 987.669 193.325 205.733 41.162 197.695 87.652 740.742 951.42 808.441 563.761 130.948 66.007 22.599 214.033 701.556 608.434 415.382 716.366 469.234 998.212 565.267 667.683 820.485 608.485 235.551 354.263 318.813 260.5 184.856 128.269 693.707 43.046 64.645 349.521 272.77 498.459 702.125 694.839 524.523 715.734 594.011 945.339 801.955 886.553 372.186 438.761 916.378 367.269 338.592 35.13 991.362 879.094 640.797 749.676 465.977 226.823 860.124 448.774 614.907 127.38 768.973 320.035 119.867 530.155 263.972 957.046 362.534 566.827 695.956 805.013 316.953 311.837 785.609 733.425 423.2 106.713 680.974 481.397 980.308 584.253 940.277 411.962 633.827 616.008 734.555 265.331 142.929 97.51 805.936 542.045 899.051 285.078 137.467 643.244 265.241 860.729 260.981 845.793 585.387 419.148 350.408 963.543 742.611 287.876 86.485 889.363 109.127 399.783 585.786 288.753 615.577 141.186 956.954 646.819 755.453 519.314 724.15 871.195 574.865 49.054 191.811 92.456 978.679 376.083 102.095 870.244 469.055 626.623 384.31 296.643 900.052 474.05 721.794 89.35 857.032 193.921 751.372 92.527 246.419 644.043 331.215 429.233 61.067 460.985 881.433 109.064 836.802 239.535 744.195 398.911 761.904 65.864
940.863 829.743 650.008 252.712 72.773 62.037 92.381 916.397 66.923 300.552 726.362 269.346 691.779 621.531 513.93 348.74 925.055 136.138 505.639 16.581 983.639 323.585 1000000000.0 813.368 882.325 60.0 645.703 479.457 860.626 509.943 215.46 351.789 268.076 789.189 971.021 539.502 870.157 503.422 880.541 240.531 608.469 738.465 978.531 906.748 792.0 787.866 836.484 85.509 510.798 772.842 695.815 179.335 17.904 577.346 769.239 739.451 109.42 39.294 752.836 849.081 6.402 477.698 390.022 627.566 390.951 977.448 534.766 775.46 406.166 229.949 980.764 392.538 306.735 868.746 76.412 519.664 452.279 136.783 895.948 36.394 244.705 838.714 862.539 768.727 998.421 775.961 952.789 552.459 996.683 737.806 103.912 160.76 741.126 941.371 673.1 932.305 618.534 686.731 884.01 105.606 498.307 811.555 322.189 578.81 924.603 215.318 897.363 238.864 182.432 995.805 37.551 867.404 44.303 21.671 454.843 310.727 698.679 28.211 576.133 533.915 903.364 716.422 158.207 438.025 94.832 596.667 853.957 563.107 425.772 597.581 757.042 593.01 230.475 659.022 530.562 158.547 524.471 997.178 751.627 621.962 102.351 238.438 108.607 182.091 121.689 879.869 171.411 67.607 823.176 524.135 483.807 479.348 29.492 482.666 567.941 645.237 481.263 299.083 461.967 192.81 171.733 615.556 990.062 186.898 497.544 474.269 919.36 286.677 166.745 511.292 588.811 777.315 462.56 480.625 556.133 645.173 479.577 993.784 400.689 931.198 478.125 928.418 431.412 499.041 626.224 974.416 123.574 786.348 262.935 700.031 533.944 54.712 949.236 644.233 396.455 956.054 864.877 775.536 327.24 420.605
766.723 296.435 985.675 533.333 4.29 846.206 987.634 899.452 533.516 427.831 318.214 70.134 616.253 309.172 462.349 502.934 236.196 532.757 690.804 290.697 953.517 717.152 813.368 1000000000.0 711.138 3.45 818.889 867.719 77.939 787.34 317.314 558.104 475.682 560.103 871.419 27.258 615.719 162.873 14.726 963.927 669.216 887.904 468.044 641.254 743.753 856.34 735.894 970.307 11.593 313.269 602.325 481.141 395.967 546.818 891.474 688.186 972.017 848.617 824.505 572.644 702.861 595.158 776.69 446.809 131.748 184.442 733.43 449.49 803.98 879.103 204.806 872.952 699.192 849.096 247.088 959.206 750.377 655.785 324.643 517.403 115.876 949.992 176.444 319.923 167.155 789.321 584.496 528.699 287.048 343.382 521.735 713.822 858.407 533.043 672.484 258.208 678.017 734.598 259.301 609.145 485.299 943.419 106.428 995.235 571.67 70.098 61.122 99.524 315.528 704.448 52.647 171.27 354.317 737.601 598.678 515.621 216.106 530.037 964.942 943.284 380.339 767.667 131.7 914.179 847.529 741.113 345.874 830.307 236.218 97.635 356.288 13.588 671.581 265.932 482.566 86.221 345.146 997.609 749.644 26.819 272.74 113.021 524.825 355.834 738.752 162.889 640.799 465.946 945.007 597.159 100.951 147.345 265.721 379.052 859.713 459.471 180.789 272.229 555.163 326.665 807.424 871.282 308.012 272.087 41.978 215.155 280.654 593.515 209.837 323.32 47.554 794.482 13.214 71.693 55.827 889.275 153.61 392.789 369.317 344.783 139.741 149.3 120.33 121.948 890.797 970.549 73.936 547.704 402.252 429.187 457.544 557.592 444.637 500.581 138.527 551.969 830.395 597.627 566.575 544.019
877.962 911.861 658.917 459.842 379.03 875.236 982.847 540.527 604.017 201.468 789.373 292.723 936.878 586.477 477.552 289.693 850.152 579.976 152.784 492.681 208.034 204.239 882.325 711.138 1000000000.0 723.791 42.917 481.009 243.129 243.452 65.105 220.717 451.753 364.851 399.539 766.624 434.5 367.962 460.292 687.485 576.047 186.202 573.679 692.763 804.884 470.291 568.245 18.574 213.05 228.198 21.273 455.362 631.969 714.517 160.921 831.895 481.75 733.554 9.982 641.067 327.576 375.916 496.488 726.005 189.424 15.806 582.531 184.143 461.65 703.54 694.809 560.566 854.016 99.081 912.625 453.521 10.565 988.482 787.012 216.204 859.078 760.464 915.273 373.288 248.099 340.209 137.317 505.302 626.215 785.325 86.669 650.304 154.175 180.477 922.034 860.49 335.28 188.141 827.268 461.935 913.706 602.981 347.554 336.929 969.891 479.825 699.453 700.462 482.801 202.737 62.694 768.65 785.725 297.897 617.57 319.566 811.099 835.045 387.298 304.552 642.478 67.769 259.341 485.78 492.105 731.44 602.995 497.513 412.305 632.28 404.114 935.302 464.421 312.333 681.371 462.92 21.853 408.09 545.005 629.902 92.744 581.693 644.407 136.951 109.427 612.699 984.749 381.855 626.557 828.718 921.275 304.761 721.336 464.166 874.284 657.722 199.287 879.035 700.417 638.869 433.608 868.535 752.967 38.634 565.975 758.822 72.194 616.01 540.035 379.909 260.193 842.668 758.168 12.411 53.84 185.038 121.685 735.737 542.342 814.131 893.321 541.077 68.873 18.376 728.027 5.952 644.075 537.241 345.496 668.574 651.77 62.464 439.039 185.413 877.104 842.946 550.666 756.473 332.374 490.066
