200
1000000000.0 311.181 368.573 267.301 535.304 337.96 431.813 211.361 344.409 276.574 520.62 434.605 247.949 978.889 769.223 641.137 57.852 876.889 212.814 333.943 755.444 417.976 411.044 854.723 240.653 120.442 878.348 439.813 348.217 49.714 401.012 284.634 722.59 348.652 870.706 962.823 71.358 816.077 568.424 819.549 290.099 173.288 104.502 193.206 752.314 859.723 901.964 270.897 597.696 865.261 142.925 707.32 708.977 508.092 903.17 353.422 440.075 680.143 798.481 204.354 844.737 328.618 578.621 139.771 565.669 211.563 449.645 804.775 434.675 523.094 109.101 379.93 419.115 852.452 485.993 423.318 261.309 752.796 990.488 793.408 255.843 156.25 355.456 449.097 663.252 661.843 137.249 867.05 761.043 718.128 919.314 169.101 984.691 440.892 891.43 964.406 697.477 382.714 891.061 395.751 829.501 648.287 181.443 106.537 417.654 223.088 216.749 410.305 957.205 603.074 697.302 80.321 452.16 697.232 2.262 774.519 356.246 204.611 775.595 175.77 746.091 178.705 801.673 282.384 97.914 948.001 745.948 94.629 59.008 286.397 120.875 53.007 880.746 582.597 20.582 79.851 982.357 841.336 588.29 981.536 975.727 844.609 697.176 627.362 993.366 792.826 529.212 917.254 277.742 627.003 101.636 441.478 656.9 332.796 849.252 274.564 630.803 570.765 91.899 37.626 541.031 871.149 379.703 847.718 486.447 592.193 504.974 211.164 857.251 524.437 607.662 747.842 64.56 752.049 142.098 645.668 551.349 66.576 186.215 684.425 526.881 109.689 384.154 504.339 993.298 557.568 542.732 253.892 291.18 389.361 592.737 459.355 879.894 385.887 721.441 40.377 520.729 258.886 51.99 447.487
311.181 1000000000.0 437.08 472.512 562.066 521.399 980.775 959.297 760.428 467.59 999.589 609.812 218.19 61.592 685.436 775.636 222.62 261.98 906.012 472.376 914.884 410.087 46.878 369.977 616.822 308.814 266.663 286.131 813.208 119.491 941.831 448.421 280.323 158.79 434.867 126.162 535.953 20.941 762.688 436.485 266.372 336.01 219.617 189.559 115.959 159.121 403.717 569.595 719.602 957.386 961.029 14.361 222.269 714.529 864.461 283.803 399.563 895.756 837.742 207.413 514.429 845.282 479.608 388.666 576.26 23.683 710.506 642.56 101.544 590.716 410.286 828.347 742.228 869.247 460.992 608.477 594.465 527.134 839.259 11.91 572.465 711.327 649.557 869.549 63.588 838.123 267.836 768.742 248.499 939.582 599.721 705.049 797.387 57.666 609.531 693.549 644.563 312.038 575.391 496.165 699.481 350.446 891.04 997.679 457.64 147.883 433.833 449.796 868.114 627.399 640.253 807.16 890.844 406.641 213.04 456.661 644.485 83.789 974.779 720.95 480.644 764.041 567.786 152.841 199.467 916.549 785.419 528.383 95.462 324.587 968.743 681.909 917.159 477.02 608.75 135.835 933.048 484.42 76.903 424.258 873.146 886.358 457.91 819.774 395.767 858.624 380.335 809.418 239.63 967.507 133.322 796.66 537.994 171.542 151.459 831.002 385.322 654.158 673.419 799.615 689.748 869.178 268.364 274.631 272.625 362.888 451.894 528.093 333.603 790.518 646.421 308.845 888.987 297.168 286.646 162.097 601.606 621.384 790.317 121.523 383.911 235.5 176.042 108.742 47.72 215.73 15.093 830.74 173.829 982.975 231.353 749.796 929.792 593.831 828.717 19.972 735.287 284.526 491.871 142.988
368.573 437.08 1000000000.0 267.007 273.047 797.519 951.875 183.871 721.66 808.831 295.487 243.615 145.251 50.628 449.001 601.635 606.835 20.851 164.136 511.395 117.632 892.575 802.682 390.196 778.809 631.389 78.69 290.497 252.966 687.054 324.647 862.072 887.357 191.935 295.252 167.21 332.048 529.569 407.418 629.631 782.834 594.972 824.535 117.294 210.349 889.835 252.141 111.097 533.583 817.093 539.805 480.27 250.356 677.347 665.895 499.276 703.91 359.825 775.133 580.797 887.321 968.359 856.742 177.905 496.262 539.936 508.307 829.53 917.402 575.298 644.704 786.297 604.899 903.601 670.986 613.439 974.669 113.277 867.835 757.02 643.4 133.022 417.392 800.691 605.495 519.054 22.002 703.367 550.867 17.316 368.105 947.864 843.799 284.819 624.703 117.12 384.292 662.797 120.336 181.228 743.644 896.717 831.056 399.502 430.043 816.277 106.348 980.458 778.161 363.098 930.87 140.105 237.197 374.437 929.791 996.188 298.831 10.547 371.041 677.667 476.617 583.931 871.326 818.255 563.381 103.127 299.384 522.409 215.994 250.203 187.253 695.802 697.928 828.581 767.913 102.985 218.492 719.298 8.013 185.093 857.622 431.949 59.01 253.27 305.501 381.909 849.8 486.775 151.892 65.317 912.337 562.077 243.804 38.072 559.425 12.857 15.572 420.15 38.55 79.622 737.285 236.521 660.966 568.534 973.213 436.458 676.986 492.652 313.7 269.096 66.944 167.108 520.771 218.727 955.458 5.605 745.102 658.011 647.999 418.798 874.969 546.356 930.714 849.515 185.571 168.309 287.436 629.713 548.229 910.88 30.397 24.02 58.638 31.741 105.643 187.114 237.818 117.011 11.803 117.39
267.301 472.512 267.007 1000000000.0 865.666 769.117 122.69 297.362 236.725 483.053 479.802 44.239 823.514 783.413 872.947 403.891 847.498 345.355 941.1 868.497 444.242 55.734 545.627 169.058 832.186 782.538 581.448 641.654 401.496 172.033 963.019 345.153 832.359 326.458 670.997 977.657 749.525 122.918 387.757 548.586 156.563 183.759 320.353 219.795 709.158 998.052 438.393 623.635 274.041 689.404 785.084 886.708 543.497 263.139 345.631 55.864 485.067 689.894 218.219 390.85 397.562 97.894 146.055 607.129 675.76 607.959 741.74 588.436 835.48 597.214 289.308 783.196 436.916 334.598 718.945 724.425 233.464 891.178 23.328 990.027 222.347 753.418 621.095 850.674 64.342 713.466 631.456 735.06 762.828 732.304 662.491 359.53 713.875 938.912 542.3 849.24 168.62 582.391 306.211 722.783 795.828 649.67 155.839 866.624 588.667 757.144 464.874 203.547 623.932 33.236 316.74 542.007 338.831 925.006 615.792 937.596 135.977 10.525 589.285 481.659 940.713 642.74 10.234 91.302 636.103 328.77 50.572 1.491 859.173 743.657 70.781 900.098 950.888 673.958 959.267 3.487 454.961 219.467 964.217 357.309 432.953 785.923 299.674 932.333 820.264 5.915 622.628 594.951 542.127 367.406 188.701 43.365 279.318 593.777 735.418 941.443 278.842 777.409 389.929 941.249 203.146 792.169 951.378 55.791 372.019 517.783 812.374 537.676 325.224 199.083 227.459 403.03 810.659 185.753 721.519 247.227 191.729 261.803 910.598 955.023 990.771 46.193 100.175 591.668 443.255 485.146 854.954 346.901 659.374 308.57 669.106 150.573 125.703 251.386 735.64 606.925 400.986 933.623 601.3 462.77
535.304 562.066 273.047 865.666 1000000000.0 194.911 154.697 614.545 699.627 441.156 39.117 900.435 941.503 353.034 660.813 431.957 632.679 496.281 78.614 961.58 941.75 168.409 958.856 32.382 740.925 394.5 602.08 941.128 876.829 799.546 460.36 253.0 886.158 403.994 464.076 927.131 252.024 809.629 396.194 60.967 192.633 67.523 778.331 499.332 575.475 282.189 530.457 571.301 362.503 522.366 353.128 812.696 15.521 73.23 485.909 149.206 732.995 740.19 27.282 315.245 125.729 482.283 464.945 805.64 811.573 53.216 713.588 138.939 465.703 198.88 462.633 499.291 188.792 155.359 58.406 439.597 950.022 841.502 915.603 810.848 71.795 69.697 443.279 795.99 780.248 132.617 319.241 357.357 57.93 560.416 205.998 77.539 493.989 901.69 814.417 711.378 914.714 659.309 389.04 816.741 383.218 658.498 224.298 102.862 747.323 263.073 50.769 74.314 47.664 903.547 624.095 828.501 295.961 174.043 578.415 319.23 216.78 173.984 214.272 811.611 831.635 221.661 615.726 575.312 472.738 131.636 862.099 882.636 49.648 591.135 149.548 366.035 68.239 70.519 185.113 745.433 436.821 438.358 883.616 223.013 412.143 269.977 158.281 853.303 134.776 452.362 97.316 804.055 38.367 595.965 661.608 546.697 182.278 188.199 113.005 114.788 903.67 522.864 555.631 835.541 287.19 76.549 685.305 39.975 418.962 619.093 955.396 718.537 38.813 455.59 913.619 632.886 514.15 486.382 579.213 666.902 646.429 845.881 805.899 120.181 586.823 667.802 199.783 858.758 377.65 30.641 669.716 41.556 764.458 507.397 200.124 903.623 687.458 668.484 490.209 273.76 737.536 716.672 940.936 330.114
337.96 521.399 797.519 769.117 194.911 1000000000.0 158.615 426.049 499.114 109.055 242.933 461.449 230.794 763.718 129.833 908.367 612.776 899.954 293.713 807.185 843.375 512.372 444.588 319.029 574.79 400.767 704.305 98.928 295.115 966.46 147.112 540.605 272.922 431.559 387.695 585.105 949.778 144.45 387.294 232.243 267.599 288.202 936.415 389.662 313.842 366.46 243.95 339.105 316.389 885.0 839.707 532.6 96.282 544.505 981.671 161.104 915.474 260.64 154.037 936.918 603.258 842.702 59.598 582.122 85.303 500.031 105.297 959.867 272.25 975.332 191.695 244.962 663.192 489.633 123.78 332.198 466.736 60.353 919.166 809.158 784.688 5.79 386.397 376.043 707.39 273.583 72.72 614.819 907.928 84.185 197.243 86.439 875.954 387.812 106.553 134.825 986.292 840.646 527.558 644.116 752.2 414.585 834.747 484.356 821.655 712.46 224.564 68.022 105.906 540.16 187.246 562.628 9.878 789.549 196.714 120.594 103.921 122.942 285.643 587.636 67.302 215.737 144.484 210.48 423.546 398.815 516.131 733.241 438.783 19.255 276.343 150.541 411.008 234.208 281.449 109.875 365.251 701.932 184.637 866.67 862.28 106.385 883.718 432.838 197.719 711.514 989.083 293.82 779.377 850.858 147.322 889.468 944.757 988.178 368.841 850.425 615.864 240.008 625.319 928.527 345.142 20.083 678.675 350.846 793.407 723.14 876.779 808.133 954.199 484.743 442.202 90.358 444.722 936.056 975.269 365.729 839.835 849.443 577.088 529.82 440.341 953.709 152.322 864.274 897.596 779.34 609.869 49.211 434.59 407.357 71.928 813.493 76.412 120.379 559.276 776.461 415.953 251.422 301.305 307.197
431.813 980.775 951.875 122.69 154.697 158.615 1000000000.0 84.105 838.565 217.793 231.403 993.819 190.962 979.559 818.603 457.378 135.585 350.908 375.81 901.125 34.717 427.948 575.623 88.806 710.041 900.748 884.494 389.915 711.797 356.302 380.894 409.047 737.831 25.148 417.176 153.299 947.954 827.411 598.276 859.225 31.967 220.773 200.98 329.94 268.393 857.604 577.969 820.249 652.824 34.015 273.371 971.522 934.296 422.449 126.34 943.035 863.955 492.429 420.928 618.529 554.888 540.653 6.416 114.055 269.832 987.0 827.853 960.13 22.695 58.611 176.144 584.817 649.594 927.454 20.805 183.184 754.517 193.913 660.413 557.896 973.691 94.442 649.835 931.652 185.914 705.641 375.569 5.933 246.991 159.754 510.071 300.979 525.094 924.756 436.936 60.215 582.387 944.253 396.324 625.329 333.93 979.493 57.026 123.711 666.884 205.501 80.178 493.232 949.007 584.235 409.37 378.268 334.542 170.438 635.131 623.878 4.389 384.997 128.8 85.176 843.35 976.465 268.112 962.701 609.697 307.116 143.146 22.149 797.501 917.979 8.21 314.564 956.107 510.203 799.499 33.042 470.531 678.678 10.375 822.213 109.666 772.739 811.539 793.157 484.678 534.792 424.395 425.004 516.05 512.678 820.029 948.312 980.444 916.742 706.002 681.924 699.404 624.49 251.215 725.444 918.702 57.927 93.669 336.186 216.179 175.412 708.917 631.079 434.865 605.047 492.908 413.42 890.817 162.199 182.023 841.103 984.408 260.575 177.097 325.403 745.179 619.89 594.684 441.337 862.345 574.796 386.629 472.608 641.302 535.623 875.143 737.185 776.672 6.35 586.906 142.293 564.475 948.667 370.856 151.361
211.361 959.297 183.871 297.362 614.545 426.049 84.105 1000000000.0 19.876 509.627 547.752 139.39 991.627 381.975 311.258 172.014 237.649 481.775 268.901 947.408 969.016 654.308 432.536 784.026 282.538 484.437 10.409 603.268 940.543 918.782 472.495 39.69 157.845 345.859 891.8 452.35 175.227 781.739 80.04 358.647 656.544 704.443 903.941 434.771 651.391 133.317 421.745 185.648 662.434 727.83 24.169 90.253 868.235 437.791 269.91 591.796 150.346 10.469 103.928 439.069 504.139 814.118 462.56 515.954 500.327 532.123 975.318 877.248 34.954 348.279 305.164 554.288 587.255 468.298 316.762 458.268 264.364 400.04 280.3 235.731 175.323 256.949 963.092 971.583 986.883 655.314 608.231 341.568 711.751 85.245 293.977 273.549 282.527 687.999 626.864 503.183 106.525 191.792 908.369 774.572 908.594 541.045 563.581 226.69 993.822 848.782 347.647 864.495 271.036 741.17 395.147 957.622 713.62 859.173 499.644 114.992 617.415 82.333 462.128 690.449 537.981 814.189 534.736 437.725 497.714 254.521 753.545 503.116 858.462 87.161 422.573 909.409 269.086 375.072 311.893 356.612 175.672 283.563 939.726 590.321 110.414 301.568 345.163 926.106 254.182 232.466 364.064 32.832 702.67 668.584 42.741 200.48 25.559 412.05 836.542 216.849 911.582 233.675 225.924 411.154 311.296 849.305 243.044 47.661 316.315 61.731 588.568 884.632 514.214 191.232 431.088 881.377 467.623 368.785 107.225 39.8 669.039 950.433 814.936 142.858 84.498 393.032 108.133 23.102 338.106 126.491 13.97 989.624 386.935 19.444 794.489 747.967 539.153 920.987 471.655 883.194 341.963 101.349 689.381 171.613
344.409 760.428 721.66 236.725 699.627 499.114 838.565 19.876 1000000000.0 801.696 721.933 634.629 901.437 233.395 662.68 78.739 319.615 705.597 960.782 865.473 520.211 224.828 504.442 33.314 213.145 198.084 214.403 547.562 324.393 614.246 90.548 814.256 137.085 704.349 603.988 841.668 598.928 79.082 191.84 48.711 647.566 624.521 130.124 824.718 878.136 567.568 394.606 865.721 794.404 44.569 888.007 269.695 700.864 316.093 550.357 127.667 15.949 968.657 524.223 650.421 993.797 979.918 472.699 702.651 920.187 226.934 164.316 993.382 955.241 113.78 912.178 805.699 516.66 59.251 178.877 736.715 746.318 862.113 465.132 600.211 520.275 286.913 202.573 540.538 155.572 936.377 628.713 992.762 487.223 176.58 375.142 498.941 431.121 705.723 378.313 10.421 714.403 189.095 600.788 573.07 852.571 2.316 366.295 494.359 331.359 729.461 786.475 624.934 310.314 394.53 723.68 345.262 490.193 492.988 948.819 268.303 453.362 109.615 172.825 574.606 885.963 53.927 467.523 189.548 72.845 20.152 123.329 629.209 506.265 370.753 108.484 667.714 225.404 588.522 274.152 395.226 686.611 826.35 100.285 541.996 900.525 928.279 337.989 213.345 39.589 419.682 725.122 622.818 457.758 282.123 706.48 509.775 722.113 228.739 572.698 635.173 611.595 212.608 670.447 917.756 145.28 178.422 467.123 732.658 870.987 389.604 771.053 71.531 683.697 431.368 449.996 579.574 379.732 753.558 204.346 265.236 903.867 275.956 620.247 934.182 219.36 762.446 621.228 601.191 926.972 465.247 234.441 803.046 702.651 765.78 905.931 243.278 915.67 199.862 976.17 735.521 455.5 125.768 639.048 540.534
276.574 467.59 808.831 483.053 441.156 109.055 217.793 509.627 801.696 1000000000.0 228.399 271.811 121.498 603.889 848.969 350.326 635.959 528.586 279.356 694.421 509.973 922.227 29.162 733.865 715.439 389.349 362.055 748.595 585.981 273.981 254.022 638.384 440.473 412.085 373.94 130.191 956.148 250.612 680.004 877.578 313.327 399.69 277.421 421.797 156.335 890.053 56.12 594.895 114.318 841.766 629.56 907.516 68.384 296.268 474.091 539.102 883.237 213.876 221.285 168.487 241.469 995.004 75.005 6.614 98.646 151.44 545.785 19.82 27.68 113.061 55.752 944.921 734.045 708.415 262.847 167.846 838.878 248.81 10.464 936.192 752.899 121.562 707.176 917.563 507.282 433.404 497.902 256.257 406.86 127.79 376.931 331.24 708.967 473.374 436.755 677.144 841.057 422.049 363.153 291.337 829.324 760.098 928.752 962.387 891.314 745.003 254.496 628.089 604.423 27.512 645.136 655.769 695.923 621.941 316.552 552.4 37.131 647.005 565.746 830.46 63.301 240.193 277.462 848.133 670.422 153.013 396.699 924.235 945.716 601.924 934.502 13.113 705.801 843.041 285.352 104.931 454.645 901.078 10.418 881.411 918.054 362.928 482.14 822.996 839.646 745.975 170.868 86.2 915.668 456.819 774.802 411.394 891.092 944.893 650.111 233.957 916.796 487.362 929.496 854.405 347.744 391.161 21.579 828.264 953.345 422.506 777.063 935.997 342.891 718.347 884.973 556.568 146.09 5.314 457.16 422.893 548.673 248.145 819.624 384.914 838.188 681.059 303.83 966.608 481.362 565.074 587.375 755.6 456.149 779.877 708.991 148.541 769.402 715.792 23.024 589.052 550.208 256.184 613.582 229.315
520.62 999.589 295.487 479.802 39.117 242.933 231.403 547.752 721.933 228.399 1000000000.0 148.358 143.274 672.644 833.669 519.171 706.682 531.284 60.281 744.158 705.837 201.014 505.362 32.929 405.236 632.778 934.62 818.759 688.868 502.3 632.691 288.571 824.977 78.244 394.451 352.694 795.891 358.963 871.083 407.031 269.155 835.313 214.118 888.995 372.2 426.116 4.992 462.963 262.994 148.665 678.065 208.699 704.082 270.602 605.915 841.884 969.549 798.715 823.829 657.374 303.733 131.211 610.303 878.098 269.887 874.852 713.518 467.22 618.4 716.177 225.731 48.247 483.002 595.609 438.997 282.178 167.785 45.273 212.579 22.187 492.411 167.449 538.757 90.87 715.706 242.561 270.548 912.954 401.492 343.147 525.935 221.723 274.292 316.165 693.723 609.783 428.487 605.672 197.469 279.912 292.176 942.576 931.497 392.331 636.287 655.539 961.657 123.378 976.711 790.861 21.705 505.475 127.984 371.284 480.016 506.48 392.716 122.442 576.739 626.45 860.275 564.794 281.418 843.356 916.531 523.498 364.834 931.284 292.017 420.788 354.734 639.999 877.078 100.924 486.336 482.773 705.435 199.216 350.404 265.405 280.19 862.298 773.4 731.785 639.925 225.916 539.834 600.028 844.884 788.699 650.944 428.866 406.121 15.37 394.013 91.798 840.557 866.872 443.45 964.279 626.819 200.684 726.168 658.92 682.137 430.285 9.626 65.279 263.586 912.364 493.215 833.116 651.715 799.67 767.755 63.419 859.207 845.149 391.646 996.974 235.369 766.957 295.461 763.473 582.982 327.723 256.988 463.451 542.222 886.369 766.116 730.348 121.212 829.357 839.288 664.609 562.275 265.462 368.325 554.858
434.605 609.812 243.615 44.239 900.435 461.449 993.819 139.39 634.629 271.811 148.358 1000000000.0 536.082 196.725 594.093 489.496 729.662 745.823 116.937 672.873 817.467 257.53 762.741 143.124 119.179 209.02 436.57 521.831 247.24 97.023 160.982 60.111 1.403 233.349 629.716 821.314 324.288 555.494 461.064 587.6 76.627 437.738 405.663 824.539 354.328 960.955 40.632 987.291 512.404 668.979 134.968 679.081 371.807 873.799 409.185 276.097 549.515 558.89 48.953 899.566 922.057 47.092 211.079 786.195 752.472 843.561 738.696 15.565 898.718 345.684 707.752 10.275 891.307 998.399 870.877 807.143 741.239 907.438 22.314 146.776 193.056 671.21 569.085 882.974 525.502 341.209 86.941 519.057 367.097 956.155 268.732 334.383 771.67 435.225 911.013 386.485 579.238 212.96 125.009 692.351 698.259 852.85 520.957 349.736 41.164 875.534 492.155 509.788 432.811 369.242 211.854 879.685 732.475 236.954 527.284 743.04 615.858 201.225 895.514 479.304 839.129 831.389 969.819 118.299 343.105 269.693 744.096 895.76 212.762 328.415 185.307 533.733 405.782 142.07 801.255 765.37 811.574 311.38 628.993 300.011 836.508 602.529 979.196 840.455 843.147 738.282 388.509 69.404 643.596 334.161 708.244 803.365 398.161 854.593 532.94 58.991 740.276 865.661 560.784 617.201 154.631 285.164 936.167 567.447 848.145 758.442 871.08 678.934 303.165 223.397 250.776 415.048 222.992 315.776 908.914 774.247 448.713 731.319 274.028 997.278 738.0 202.152 128.732 450.318 539.145 743.309 712.541 544.745 805.913 966.004 878.789 778.112 282.635 957.987 678.822 975.924 257.701 524.721 401.962 22.678
247.949 218.19 145.251 823.514 941.503 230.794 190.962 991.627 901.437 121.498 143.274 536.082 1000000000.0 181.295 748.337 152.048 658.768 749.655 78.847 286.823 305.865 845.323 438.269 467.662 894.806 555.707 215.297 759.378 549.213 475.269 948.471 381.949 968.331 225.227 502.216 33.467 905.903 215.204 823.151 134.47 862.92 297.26 856.825 73.287 795.202 148.135 172.391 364.616 193.543 117.713 976.219 755.031 827.435 118.587 430.225 716.299 729.218 922.152 128.834 888.33 20.181 864.353 717.241 18.362 467.88 723.485 199.687 680.888 998.979 503.298 933.115 585.308 375.266 256.458 988.365 789.036 898.92 961.676 832.496 827.58 538.773 261.47 797.07 303.456 656.223 988.429 857.044 681.242 536.901 579.488 405.013 971.105 931.016 703.224 409.509 887.986 211.338 79.884 244.883 56.44 235.988 418.235 297.071 544.977 232.603 167.24 159.124 207.291 551.523 457.973 800.82 686.66 392.322 979.658 898.425 126.808 639.934 772.868 34.002 255.156 84.011 32.549 993.201 125.711 252.603 988.68 84.929 984.821 130.465 706.068 482.882 924.986 700.218 443.421 43.545 275.836 316.981 196.854 167.21 201.54 539.46 807.639 63.403 943.617 619.326 937.324 882.658 640.478 768.903 535.863 381.113 712.978 793.744 314.937 601.302 727.074 492.059 710.922 735.83 172.007 439.165 991.861 173.951 631.849 646.219 27.174 946.07 291.596 572.26 532.76 29.688 972.615 27.606 839.526 706.031 449.717 753.033 346.395 828.053 986.203 956.719 482.999 320.791 343.448 954.505 975.906 410.272 987.995 238.42 880.146 983.06 328.135 232.03 762.992 205.442 793.816 726.101 707.074 445.701 881.559
978.889 61.592 50.628 783.413 353.034 763.718 979.559 381.975 233.395 603.889 672.644 196.725 181.295 1000000000.0 354.253 562.481 288.925 926.602 653.456 159.924 648.335 241.655 74.881 430.089 170.385 228.894 25.607 135.119 935.007 990.948 512.807 219.8 870.347 585.197 146.719 951.452 991.231 985.949 593.215 541.406 799.348 295.952 963.553 240.697 133.575 854.844 562.463 896.283 981.064 498.88 962.251 790.427 919.913 204.913 743.108 434.752 580.528 723.742 516.318 665.976 87.935 167.473 257.788 342.711 847.749 882.633 27.995 905.382 376.452 455.627 433.399 497.528 700.017 69.249 527.707 146.093 679.026 593.336 848.321 236.891 287.033 667.383 854.614 164.702 995.989 230.842 531.281 695.717 313.419 860.13 91.406 591.222 285.719 93.826 617.669 228.567 288.447 214.708 302.55 439.265 482.818 368.469 516.213 343.178 583.012 949.709 422.526 614.206 440.105 139.344 882.236 454.074 175.043 68.859 485.221 717.406 388.549 332.559 956.859 664.905 760.791 653.282 545.617 878.028 358.199 315.574 956.502 985.782 495.376 611.825 803.612 586.617 783.055 420.379 292.059 78.327 261.307 290.041 589.409 781.203 870.84 615.971 65.576 907.408 565.253 920.273 221.119 855.392 758.389 594.672 79.2 554.567 759.526 256.079 519.418 593.577 768.804 56.226 803.423 298.039 469.521 9.86 582.476 37.97 131.603 374.958 513.982 317.453 978.668 846.267 382.709 205.082 774.036 101.378 716.331 186.497 773.144 185.916 53.965 830.414 6.468 772.589 270.338 741.819 49.214 339.101 799.595 140.699 321.46 644.355 116.255 938.463 26.757 93.245 351.586 148.96 273.746 435.777 919.751 131.417
769.223 685.436 449.001 872.947 660.813 129.833 818.603 311.258 662.68 848.969 833.669 594.093 748.337 354.253 1000000000.0 267.08 988.753 73.676 965.39 104.384 548.584 162.39 680.132 538.531 789.518 499.097 238.31 342.251 37.086 289.502 158.894 939.066 312.822 488.914 811.965 347.364 71.703 770.937 747.621 549.352 587.888 550.832 921.26 642.715 392.88 38.036 157.573 16.26 295.543 573.023 583.083 608.978 401.739 197.231 103.17 825.13 509.884 51.076 278.546 212.919 213.07 845.746 133.912 603.63 499.645 926.694 800.449 125.594 632.464 292.929 998.02 865.916 745.097 913.653 691.191 5.725 726.095 205.044 393.254 244.903 946.337 612.875 209.092 564.97 984.973 504.165 619.185 789.426 12.707 931.117 656.298 171.875 308.553 135.359 294.496 693.99 763.281 56.218 254.016 297.762 890.827 901.73 642.186 853.984 674.474 847.956 527.205 823.186 963.455 322.631 845.704 37.864 387.954 292.486 421.631 265.969 614.531 33.967 907.675 342.907 475.182 743.785 593.956 479.7 998.281 987.043 509.37 130.907 397.708 677.53 150.307 8.453 219.232 787.126 452.261 964.66 69.547 106.868 734.103 751.785 32.248 633.004 601.581 194.963 57.107 810.471 355.751 82.319 327.893 802.148 7.946 69.59 884.84 799.638 828.611 656.207 260.73 751.582 783.554 455.212 740.415 320.86 417.469 213.329 419.951 819.05 481.51 72.596 31.52 6.115 481.24 748.622 872.243 104.757 107.564 461.358 492.286 551.968 319.638 996.517 320.941 781.209 697.148 277.426 350.266 10.105 163.491 284.022 823.683 227.155 721.146 604.378 976.164 930.285 654.733 997.864 272.525 743.338 318.436 8.273
641.137 775.636 601.635 403.891 431.957 908.367 457.378 172.014 78.739 350.326 519.171 489.496 152.048 562.481 267.08 1000000000.0 468.587 855.922 522.231 213.654 382.149 370.198 572.199 719.029 751.573 116.136 865.643 430.01 43.662 61.578 579.444 941.92 247.32 711.231 507.703 999.192 10.281 262.372 9.887 243.588 899.733 377.01 334.808 635.071 43.133 583.563 908.978 764.842 717.655 358.779 244.306 340.628 376.481 743.125 822.021 919.451 116.317 335.888 746.405 130.838 10.953 108.497 737.182 736.763 73.044 42.037 39.279 511.011 103.057 239.265 106.82 123.986 732.703 435.022 119.72 727.783 419.337 477.906 443.259 542.339 328.005 981.177 962.144 57.113 712.766 786.922 179.152 541.362 977.424 580.642 75.906 276.432 589.348 263.17 644.993 246.951 743.342 320.108 38.404 765.855 978.067 539.397 870.518 914.862 819.993 411.351 716.87 356.564 803.699 996.44 796.602 663.927 179.053 692.161 898.145 502.23 848.301 246.951 830.797 336.514 125.854 483.794 924.674 1.532 430.539 469.73 292.826 126.036 747.007 312.777 859.918 48.777 660.134 301.72 537.528 479.405 726.913 391.931 143.439 718.046 331.721 853.199 260.531 555.396 663.857 967.222 237.864 528.046 247.853 4.789 192.471 354.465 781.357 326.303 832.322 433.234 611.08 101.671 569.625 360.088 908.051 330.222 474.527 582.149 452.084 460.475 732.037 120.745 754.17 542.989 329.909 668.624 80.384 318.371 88.786 548.916 118.325 343.204 140.856 544.682 645.615 185.029 685.606 754.291 632.405 943.896 844.415 342.383 72.002 487.902 456.278 934.957 754.987 309.323 976.753 938.177 37.445 105.332 267.245 878.051
57.852 222.62 606.835 847.498 632.679 612.776 135.585 237.649 319.615 635.959 706.682 729.662 658.768 288.925 988.753 468.587 1000000000.0 833.186 388.5 737.987 193.198 861.094 242.547 547.012 440.913 817.137 663.086 300.716 75.68 926.133 772.644 965.746 610.141 922.289 576.549 631.884 357.943 826.587 227.158 89.454 278.174 404.67 801.631 125.916 276.697 512.404 724.173 78.736 347.162 133.976 142.794 861.53 368.005 285.621 714.742 954.851 935.537 870.125 566.247 26.044 21.565 506.42 429.415 229.291 600.192 243.64 229.643 322.376 232.392 799.302 405.207 800.448 749.733 975.999 570.495 980.965 275.312 192.6 891.587 155.694 170.197 385.984 807.834 785.7 711.597 620.552 822.003 484.924 558.977 825.28 657.553 274.83 460.865 809.977 633.932 811.255 50.587 500.856 49.866 26.326 835.238 906.287 908.23 693.381 619.823 978.481 425.815 524.001 163.279 283.487 82.314 694.567 112.739 407.325 914.832 402.111 137.996 212.736 517.665 151.552 628.223 66.675 842.918 767.188 149.268 789.239 54.749 17.434 526.749 155.008 209.031 242.231 962.376 709.833 592.135 23.721 150.559 301.899 267.104 131.891 481.09 534.362 307.829 879.166 800.503 598.985 377.038 695.224 18.538 648.671 592.706 516.268 977.081 820.636 145.616 656.944 286.26 631.619 518.376 230.387 224.478 627.193 130.324 187.084 410.024 622.787 506.133 325.081 914.247 843.557 157.937 140.322 519.426 763.772 423.735 578.271 813.745 803.213 330.762 682.04 338.244 581.892 319.859 110.631 680.691 849.196 236.279 168.996 362.823 660.965 557.307 819.573 210.265 755.442 613.607 632.414 982.045 887.442 432.234 432.641
876.889 261.98 20.851 345.355 496.281 899.954 350.908 481.775 705.597 528.586 531.284 745.823 749.655 926.602 73.676 855.922 833.186 1000000000.0 586.031 508.616 22.83 691.589 706.365 731.263 662.883 283.733 970.886 77.507 18.575 583.882 704.599 970.268 963.225 437.536 212.746 111.695 54.29 983.476 969.132 31.188 654.629 104.717 878.713 306.009 497.58 999.956 434.418 984.961 133.984 464.945 836.006 774.938 533.606 153.601 988.467 89.129 47.542 155.895 998.502 258.345 944.135 991.432 496.86 877.322 994.705 638.185 28.031 469.201 648.086 479.574 482.888 325.227 457.133 550.239 324.596 246.462 118.056 848.177 411.817 772.488 677.661 533.035 125.856 685.638 8.731 703.961 517.736 163.404 524.824 441.694 770.584 307.214 229.405 592.38 429.487 165.362 353.659 572.103 989.496 210.217 507.738 713.218 379.621 868.807 769.569 597.255 693.22 830.315 587.682 634.935 956.959 764.471 605.316 622.451 727.279 631.142 232.321 762.923 105.509 498.547 306.07 529.37 434.787 635.524 847.743 910.187 968.278 460.022 306.609 915.64 618.126 123.376 256.588 98.156 362.43 183.381 323.887 169.491 499.356 329.333 792.381 891.93 117.582 688.291 190.903 473.984 666.784 276.455 914.833 345.338 702.412 190.647 825.621 343.412 509.292 293.326 844.72 339.929 792.832 982.668 352.043 2.322 624.248 560.221 245.718 221.934 192.979 376.354 273.135 999.974 61.383 106.921 518.531 409.353 665.698 862.634 112.9 109.807 557.791 527.212 637.559 922.965 847.549 476.646 933.641 784.445 717.112 396.566 606.588 56.274 540.887 404.79 878.451 186.6 129.835 240.119 449.487 7.424 346.443 906.953
212.814 906.012 164.136 941.1 78.614 293.713 375.81 268.901 960.782 279.356 60.281 116.937 78.847 653.456 965.39 522.231 388.5 586.031 1000000000.0 769.278 157.336 663.367 119.478 921.27 489.918 51.543 346.126 489.65 127.251 861.868 451.174 248.393 791.444 978.334 186.43 191.663 332.797 908.382 411.061 879.03 936.52 983.187 380.63 643.674 346.162 26.572 570.62 452.343 388.456 879.62 210.689 376.398 317.386 381.769 387.728 57.219 893.527 299.797 25.462 560.214 874.297 442.544 435.724 162.595 115.723 828.641 50.872 613.252 59.709 636.167 530.911 848.677 221.301 726.404 9.427 762.139 362.734 380.415 71.983 299.251 286.651 507.069 998.865 13.348 623.746 921.81 239.528 518.411 633.04 64.392 843.65 988.153 190.302 470.049 64.183 720.85 676.497 96.478 662.432 129.646 869.093 495.162 511.706 875.983 48.317 400.915 283.792 968.896 544.443 857.074 880.094 81.654 635.978 16.561 186.927 347.822 953.05 892.886 463.187 686.271 354.215 802.687 479.461 752.066 973.828 742.308 960.354 367.964 10.979 220.692 413.068 181.299 379.426 700.719 496.667 453.924 476.04 817.681 835.579 97.099 609.069 487.271 517.155 605.544 567.245 588.216 983.246 377.17 628.847 306.656 739.894 154.116 519.933 279.407 112.598 123.793 566.768 864.778 684.639 596.932 866.642 805.286 238.63 775.648 733.26 486.933 10.718 980.931 132.498 629.616 850.52 220.127 461.528 301.632 419.365 515.487 416.264 793.411 248.875 566.605 985.374 451.818 780.638 970.221 519.557 73.292 226.306 913.529 675.691 567.992 364.432 89.604 363.227 795.805 995.92 663.413 29.108 711.05 825.98 613.067
333.943 472.376 511.395 868.497 961.58 807.185 901.125 947.408 865.473 694.421 744.158 672.873 286.823 159.924 104.384 213.654 737.987 508.616 769.278 1000000000.0 604.251 496.034 623.439 661.162 618.886 981.297 234.534 63.089 305.676 467.573 142.116 941.185 56.022 6.176 559.365 931.717 757.838 769.153 824.17 71.535 451.465 163.294 466.399 528.31 887.304 137.309 591.557 137.149 956.552 672.413 819.584 222.488 926.07 905.335 374.821 150.054 982.749 81.055 632.024 848.127 917.409 125.832 59.253 289.486 515.583 745.97 38.808 763.69 186.502 913.434 420.366 785.456 598.951 604.362 378.132 740.377 848.081 498.874 173.56 795.479 100.85 548.784 690.932 926.703 788.412 681.947 58.57 677.308 503.756 431.671 423.986 868.329 812.263 425.044 963.429 878.108 536.65 277.488 243.335 717.654 99.983 310.334 257.681 200.505 771.134 186.802 333.774 721.106 894.637 260.145 649.577 959.263 340.886 477.97 763.379 688.983 15.695 985.677 427.359 583.04 869.369 977.256 278.168 553.399 422.017 895.967 866.325 745.13 559.406 457.485 607.53 209.854 454.737 113.108 312.168 946.516 1.69 102.287 225.179 528.334 312.015 301.544 46.984 799.219 376.196 602.16 934.072 577.287 943.572 112.388 331.409 957.537 133.73 23.714 368.013 239.505 554.539 466.211 71.0 824.023 270.433 338.212 517.825 584.254 711.077 524.313 368.775 68.417 589.231 1.092 551.019 593.065 115.734 902.748 348.635 774.328 154.576 22.021 677.956 473.217 113.586 782.825 313.399 615.274 894.762 935.084 611.701 734.967 88.719 535.996 625.738 29.809 520.386 146.202 345.127 365.134 300.719 379.354 806.964 640.627
755.444 914.884 117.632 444.242 941.75 843.375 34.717 969.016 520.211 509.973 705.837 817.467 305.865 648.335 548.584 382.149 193.198 22.83 157.336 604.251 1000000000.0 863.684 9.803 283.812 268.229 230.273 956.094 995.991 856.377 64.142 77.811 337.841 504.05 771.898 938.775 351.235 875.523 177.845 634.187 399.883 200.332 271.288 547.162 450.611 23.985 839.349 897.371 326.549 539.016 431.71 233.701 356.585 880.162 833.644 352.591 20.961 847.803 275.699 511.41 431.472 81.48 763.465 11.032 855.769 613.932 665.855 456.269 56.978 916.464 12.655 300.105 84.631 438.403 246.299 647.362 788.764 219.795 550.554 401.07 582.049 48.804 775.944 169.167 896.038 185.448 759.067 386.222 587.929 153.641 985.212 6.286 36.963 228.906 248.804 951.161 285.814 636.623 840.542 9.274 272.942 857.509 439.954 393.115 205.678 277.945 312.943 589.956 566.838 25.466 439.35 863.143 239.768 769.667 452.282 347.901 375.84 537.372 184.552 660.337 636.894 678.709 937.199 153.389 451.582 284.724 710.989 610.718 911.318 889.125 664.456 621.09 367.449 920.888 368.592 457.084 883.888 556.553 150.251 334.103 462.854 710.475 464.987 431.165 594.217 406.437 159.468 171.892 631.622 737.221 578.39 941.806 906.756 690.823 74.158 498.465 173.503 823.609 212.841 429.666 558.323 119.141 918.246 585.681 269.677 8.982 725.19 130.987 239.513 851.627 369.473 733.198 140.932 558.305 156.995 780.222 475.259 420.923 381.505 190.891 914.97 800.433 910.268 348.396 18.203 653.513 271.548 407.656 740.253 372.189 638.753 934.365 801.585 603.631 848.221 554.145 840.587 806.728 124.713 869.967 957.752
417.976 410.087 892.575 55.734 168.409 512.372 427.948 654.308 224.828 922.227 201.014 257.53 845.323 241.655 162.39 370.198 861.094 691.589 663.367 496.034 863.684 1000000000.0 122.935 878.322 426.671 879.072 829.287 833.413 90.344 511.76 439.951 420.534 325.975 178.767 791.691 456.082 972.523 931.182 732.862 694.252 547.357 72.971 256.758 697.192 800.776 241.78 213.413 78.623 629.062 804.195 571.615 157.052 435.414 616.975 532.963 470.454 851.413 106.155 465.303 852.673 453.586 10.404 77.99 982.958 855.117 725.519 419.67 261.288 98.793 708.684 960.878 645.77 650.122 702.802 12.858 790.374 870.6 257.092 502.861 934.85 848.045 830.394 841.044 33.193 862.29 754.322 419.063 973.936 242.734 967.341 809.73 74.038 81.086 319.179 469.049 977.609 425.595 334.106 379.914 98.027 946.262 653.94 158.091 441.543 218.085 302.769 128.151 564.17 665.029 96.869 391.08 618.293 801.177 299.772 398.807 117.975 127.123 606.967 740.173 164.356 420.566 803.828 271.787 101.49 700.375 334.091 67.203 497.728 889.033 834.717 766.12 150.324 506.347 900.994 466.731 456.28 473.281 731.182 208.54 15.281 216.914 417.175 412.992 598.095 818.224 249.261 387.036 528.019 183.026 444.24 264.298 887.152 289.781 263.873 829.609 192.633 146.344 824.108 484.737 264.967 83.223 240.694 316.259 948.827 36.924 951.864 317.979 146.443 441.58 217.068 857.121 30.681 246.68 116.945 644.125 381.171 602.674 883.555 422.749 852.098 2.344 68.79 647.31 784.938 768.307 748.866 116.755 433.18 14.903 802.477 539.373 472.44 480.069 795.173 437.921 185.954 250.889 60.518 316.186 252.045
411.044 46.878 802.682 545.627 958.856 444.588 575.623 432.536 504.442 29.162 505.362 762.741 438.269 74.881 680.132 572.199 242.547 706.365 119.478 623.439 9.803 122.935 1000000000.0 347.973 799.798 173.112 216.573 779.011 874.162 362.909 970.099 427.918 802.023 512.814 536.533 24.916 257.782 937.478 991.87 314.908 638.862 368.173 176.604 850.581 203.412 503.956 182.853 520.822 963.977 880.534 309.906 773.767 900.019 133.938 33.782 298.198 84.591 499.42 750.743 31.52 445.146 232.061 280.879 741.119 721.597 986.13 882.952 202.77 247.133 849.581 300.126 947.22 38.001 159.981 801.154 544.875 443.798 543.036 459.385 67.376 267.495 883.528 629.96 215.656 727.198 623.805 618.518 833.459 558.656 170.017 551.109 186.024 367.881 296.552 776.779 181.533 173.915 427.038 331.17 598.46 495.856 233.276 992.462 950.98 793.332 897.067 670.713 577.625 381.883 364.664 12.313 956.761 609.255 897.813 626.75 610.045 972.407 907.367 820.508 789.703 822.085 20.891 546.357 747.471 483.646 737.683 994.88 720.788 675.78 908.163 507.873 689.058 254.397 257.423 152.996 561.367 209.949 623.062 623.651 625.293 228.039 163.431 496.196 20.203 677.424 956.21 732.427 962.931 652.187 820.77 11.522 110.774 481.071 986.132 581.744 774.817 522.395 41.445 704.942 315.591 287.534 190.51 394.097 547.721 494.897 835.832 348.732 94.25 741.489 645.604 665.89 310.482 856.217 430.918 3.633 816.415 636.82 332.952 36.464 673.728 177.168 155.211 452.938 437.201 116.878 736.481 110.84 81.297 986.082 795.983 284.537 327.7 506.117 879.902 778.383 155.656 13.051 78.44 425.397 963.957
854.723 369.977 390.196 169.058 32.382 319.029 88.806 784.026 33.314 733.865 32.929 143.124 467.662 430.089 538.531 719.029 547.012 731.263 921.27 661.162 283.812 878.322 347.973 1000000000.0 898.201 945.712 907.111 222.041 496.043 332.553 142.979 314.044 257.725 782.907 293.65 415.628 91.883 146.821 980.151 711.737 299.851 727.216 378.878 407.476 39.956 195.376 276.753 513.759 537.673 618.827 311.836 965.847 841.1 510.759 962.388 333.168 895.866 70.844 51.197 672.515 226.389 253.077 494.392 443.384 483.641 811.2 190.103 168.886 691.16 877.001 479.707 51.92 566.995 308.026 577.479 459.274 647.336 672.163 199.92 345.383 997.913 438.237 995.312 692.94 775.659 174.984 432.889 113.015 629.462 316.339 454.896 504.511 702.729 773.293 426.239 261.413 973.913 790.322 467.991 993.01 889.096 951.589 717.194 891.644 305.617 717.348 498.963 6.526 845.312 524.574 289.549 621.583 377.5 252.088 649.525 389.642 911.522 553.4 151.783 849.912 451.749 580.448 906.229 274.328 266.014 327.261 455.117 37.218 170.242 192.944 10.093 675.142 332.016 610.593 903.945 647.62 406.041 900.07 235.999 349.337 140.492 401.899 131.818 778.843 648.748 664.821 744.006 622.957 162.572 611.929 873.626 823.461 714.899 286.81 611.762 831.608 774.913 142.26 61.222 186.53 697.891 526.096 621.786 131.276 577.138 940.497 991.754 625.008 45.235 73.336 377.519 194.382 477.619 981.493 509.362 523.015 513.351 205.039 236.155 789.928 73.023 120.673 712.589 470.724 555.904 495.435 46.39 186.182 213.225 173.881 318.668 898.305 586.467 938.699 546.943 980.1 540.774 553.211 777.104 232.831
240.653 616.822 778.809 832.186 740.925 574.79 710.041 282.538 213.145 715.439 405.236 119.179 894.806 170.385 789.518 751.573 440.913 662.883 489.918 618.886 268.229 426.671 799.798 898.201 1000000000.0 397.498 866.245 803.096 230.717 706.586 119.528 822.127 983.363 7.881 868.357 88.052 903.125 465.59 306.656 483.44 133.045 601.373 2.753 461.654 240.34 690.68 293.005 274.953 149.649 390.763 352.049 83.599 469.8 594.777 19.357 180.053 322.523 758.389 705.814 9.855 508.424 24.844 275.316 550.701 481.46 557.11 153.946 245.725 910.133 370.076 37.317 397.891 325.39 527.288 604.325 855.652 221.885 763.221 501.734 424.645 64.114 513.514 28.695 708.898 191.021 32.664 86.551 478.984 216.401 717.559 415.08 622.872 114.825 287.524 563.565 145.542 37.614 327.999 902.204 130.879 733.199 957.384 253.186 261.717 798.221 701.624 346.141 551.698 258.504 686.142 93.212 801.357 995.221 536.319 416.712 738.686 371.525 219.243 410.041 5.4 919.341 908.869 374.815 523.862 873.446 823.482 621.895 35.627 809.275 23.951 368.173 570.321 363.167 880.3 376.305 93.158 176.108 30.84 359.5 786.751 88.74 689.697 978.25 34.777 873.397 815.259 895.016 603.197 683.893 308.022 426.575 828.338 258.553 430.223 881.602 306.718 437.296 258.335 513.546 335.346 760.342 724.555 129.89 653.044 801.739 344.026 493.509 812.702 557.266 710.033 861.225 913.231 814.231 353.228 158.554 881.513 526.922 506.649 694.449 619.672 584.079 906.31 949.396 48.224 27.373 42.356 279.641 407.878 275.666 592.073 263.27 270.798 560.046 405.119 880.117 500.729 16.21 623.487 891.886 421.958
