200
1000000000.0 722.585 295.069 21.903 194.678 824.139 452.188 825.281 841.877 161.865 898.99 895.181 434.846 911.517 317.918 727.985 459.192 968.79 727.485 248.367 255.65 311.846 5.136 42.676 365.325 426.243 202.569 829.038 591.21 419.229 93.779 440.864 457.869 589.218 905.284 642.995 78.09 219.681 473.129 999.828 766.838 650.158 67.805 185.954 342.101 106.624 500.73 721.332 786.24 215.715 638.121 635.746 699.852 529.375 223.117 391.626 715.573 586.024 605.116 739.178 311.742 1.556 613.833 718.544 822.928 221.431 168.947 697.633 191.965 628.029 835.6 10.432 666.788 422.579 923.499 541.062 72.143 54.639 957.143 846.305 577.129 248.788 760.333 534.245 260.055 730.726 917.659 528.048 102.163 24.918 993.833 595.542 267.343 198.972 995.866 471.756 5.99 598.425 290.371 498.379 820.571 899.506 996.496 717.211 699.261 842.635 937.507 872.188 612.108 208.871 265.075 811.552 900.538 348.785 303.894 614.134 454.867 510.04 44.9 827.144 808.047 747.102 592.526 903.248 175.057 381.301 505.541 340.414 435.586 575.917 123.76 640.264 245.861 713.455 954.562 528.941 951.291 480.039 804.234 918.329 538.057 202.649 79.239 602.55 737.696 44.934 633.864 895.729 604.591 60.509 384.433 143.041 744.08 552.058 366.209 983.782 237.162 169.469 689.687 547.365 895.535 790.663 364.764 908.858 227.678 599.656 677.011 660.462 26.232 992.894 410.77 334.988 88.255 840.99 852.155 775.306 323.657 955.584 579.69 129.727 218.856 692.169 342.358 753.542 578.434 404.834 751.388 272.586 682.846 292.572 18.99 254.201 547.887 12.26 570.553 983.319 947.474 668.285 984.17 699.727
722.585 1000000000.0 260.368 641.098 41.029 625.822 589.955 929.252 724.147 602.229 788.101 185.701 596.432 119.35 602.389 571.008 164.316 742.625 217.746 163.537 604.342 91.098 535.53 534.865 368.274 346.388 792.144 409.747 128.418 579.009 151.672 100.624 17.519 286.157 112.086 373.243 580.239 147.606 435.267 270.915 402.99 501.974 966.972 860.374 86.479 897.359 744.984 158.208 660.257 285.195 340.186 294.74 703.535 153.038 907.698 186.778 693.941 821.262 775.17 406.778 522.637 844.904 96.131 830.148 669.079 464.429 151.854 847.582 622.871 461.421 195.139 171.688 951.059 878.132 854.416 747.623 457.033 865.985 661.406 258.127 791.042 219.772 293.804 716.618 914.127 376.64 649.619 202.866 956.118 359.211 435.93 770.984 75.896 326.994 496.615 464.582 116.204 80.476 375.418 71.057 55.514 957.416 30.06 630.842 895.252 383.42 989.104 444.675 278.623 356.904 740.385 944.512 214.064 89.664 912.852 251.016 930.669 997.574 728.671 883.151 353.895 553.78 871.092 46.034 961.274 426.613 304.183 376.663 881.281 296.055 396.484 598.64 461.193 437.349 327.939 262.633 542.008 935.754 985.479 335.774 672.617 857.245 796.697 385.491 6.503 635.28 38.188 274.816 397.864 560.634 802.348 886.379 565.217 274.254 949.618 563.131 317.434 199.632 228.43 230.895 288.666 219.866 5.743 539.332 336.272 27.449 768.099 608.411 754.943 959.522 890.06 66.748 216.507 6.029 173.41 95.175 393.898 894.509 559.64 615.689 499.935 107.206 828.889 68.055 734.901 264.973 713.773 201.927 596.633 674.322 198.677 907.904 517.327 821.782 623.132 451.83 329.854 14.185 103.409 211.818
295.069 260.368 1000000000.0 942.075 56.819 665.877 956.347 219.522 485.376 640.929 689.912 504.615 947.607 213.474 463.467 906.247 320.145 45.099 576.983 413.647 385.621 881.485 622.689 327.405 267.463 519.574 431.664 478.279 748.439 561.732 876.308 86.968 520.053 57.919 558.969 413.624 63.218 193.817 311.865 518.897 329.403 205.928 752.972 618.897 834.15 31.986 659.263 977.171 12.8 652.124 72.824 989.264 455.246 555.12 26.328 287.115 165.343 684.739 933.783 522.103 606.196 350.699 353.997 432.196 574.188 955.236 395.819 84.915 898.306 457.101 804.3 458.26 507.808 360.134 986.497 568.309 632.713 332.913 881.593 859.849 351.594 439.161 489.41 372.75 345.36 643.044 361.427 768.33 385.352 556.862 856.047 734.004 884.361 203.099 664.436 66.438 338.757 524.592 848.072 361.091 262.168 635.675 430.961 662.107 906.501 207.899 603.256 157.036 987.051 913.51 834.413 781.613 700.518 791.5 455.219 48.664 183.002 286.529 541.653 147.942 324.705 938.091 699.692 22.424 42.598 455.821 438.884 941.483 789.02 905.096 887.873 899.194 56.999 566.383 27.924 466.715 315.336 590.5 452.558 892.268 380.801 336.045 951.137 475.547 858.713 376.144 491.03 563.556 773.204 588.279 994.024 582.31 5.947 711.146 709.512 61.329 802.342 882.247 492.166 932.867 606.667 911.814 706.147 481.034 521.068 797.987 510.491 538.976 987.859 780.264 316.487 594.27 524.195 22.338 310.716 298.453 406.72 847.842 202.899 63.601 119.407 267.103 43.888 295.104 686.346 662.634 361.918 60.949 348.684 989.556 69.759 376.167 149.296 255.758 651.261 919.75 613.634 315.754 125.745 625.238
21.903 641.098 942.075 1000000000.0 979.509 544.726 199.565 715.745 726.884 365.975 588.776 35.571 325.344 811.365 187.179 649.066 17.448 723.98 315.238 283.047 188.902 241.92 386.843 695.319 274.952 145.562 130.317 408.684 9.733 656.604 916.265 609.204 101.475 368.458 638.757 746.098 526.508 949.126 66.876 719.485 327.209 19.51 499.725 459.737 232.007 371.942 555.154 188.56 503.512 767.842 817.015 891.608 580.616 580.831 534.535 177.848 502.468 420.713 741.343 742.682 295.898 40.201 299.994 359.656 661.529 611.488 958.92 790.975 131.933 255.361 620.303 436.794 513.289 357.978 234.474 891.377 741.712 604.087 716.394 597.103 305.042 830.51 122.564 927.519 710.035 11.591 891.156 179.186 327.28 572.669 17.714 506.65 103.846 114.46 428.765 818.328 598.377 139.824 728.947 401.581 514.428 326.726 116.455 928.383 273.85 425.777 980.732 877.626 634.166 192.27 55.796 851.1 950.246 716.6 889.089 204.522 926.176 377.401 597.16 122.54 475.398 688.948 567.189 338.05 507.384 153.292 802.025 26.327 834.153 528.896 984.1 296.148 713.219 485.716 925.341 934.094 46.984 646.546 734.085 546.952 387.884 524.036 924.111 92.897 319.95 30.845 794.429 822.394 223.336 835.951 688.922 121.022 761.108 882.288 730.294 367.754 2.863 884.589 693.704 572.146 41.078 765.86 365.336 151.147 899.317 153.543 962.982 818.594 538.308 555.394 445.502 362.772 177.21 498.515 166.715 503.811 642.44 683.876 946.811 134.503 666.38 47.225 777.728 118.293 248.579 881.041 283.84 821.881 513.402 820.295 84.061 19.692 325.104 870.913 581.311 563.825 994.18 24.984 328.194 759.098
194.678 41.029 56.819 979.509 1000000000.0 428.532 751.953 486.642 517.885 462.846 209.935 94.278 780.898 804.925 167.68 668.608 835.899 3.975 959.368 988.238 59.875 260.447 39.227 659.408 515.707 816.912 749.376 519.706 899.69 148.407 276.656 376.394 299.738 740.22 219.502 540.997 453.162 546.309 4.333 863.709 396.686 924.911 614.558 291.393 431.313 746.035 611.832 239.769 618.204 903.709 695.75 626.355 766.595 456.541 362.295 11.462 297.214 472.498 726.623 667.126 246.851 663.502 92.315 818.943 676.032 824.13 431.194 4.67 233.478 92.08 169.272 131.415 723.701 735.903 286.551 687.558 537.83 999.454 627.302 426.977 96.342 747.973 566.44 66.923 192.732 334.12 228.746 726.453 713.612 554.977 863.938 34.524 125.169 553.383 161.708 98.231 718.323 675.378 486.848 368.18 403.849 330.178 910.002 432.289 361.179 740.05 587.256 294.325 654.87 348.382 310.194 834.382 171.744 26.875 904.176 666.524 847.259 537.777 947.06 954.351 197.715 199.189 168.806 731.637 58.938 833.081 348.782 735.697 542.839 766.407 80.196 3.507 534.783 936.813 290.687 326.148 517.033 421.284 934.591 962.267 207.676 18.497 365.836 313.32 773.85 659.702 215.686 292.756 199.251 359.004 284.906 836.626 78.856 201.476 916.852 695.566 108.093 832.908 708.679 377.196 286.079 447.909 889.941 155.266 914.003 668.046 822.465 306.958 444.044 241.876 356.072 182.692 895.502 690.699 106.06 368.98 482.557 882.998 337.932 829.62 143.383 830.628 310.582 512.695 215.359 197.471 42.819 782.41 759.928 968.292 358.324 566.682 65.577 437.267 952.964 610.424 558.851 475.86 857.874 12.708
824.139 625.822 665.877 544.726 428.532 1000000000.0 862.413 646.901 122.918 127.928 780.081 813.112 179.024 325.884 927.918 176.733 764.166 113.576 643.922 909.544 490.19 464.085 992.45 56.099 640.16 751.798 702.021 721.844 525.318 444.576 558.572 543.344 99.994 334.054 953.417 149.462 413.043 983.414 631.508 685.229 761.409 682.701 806.423 685.583 600.221 541.75 186.771 741.623 746.35 29.763 266.285 64.968 233.211 376.953 392.625 49.873 807.235 660.603 939.533 545.2 605.655 899.129 533.446 91.355 257.761 336.25 866.275 101.598 428.778 151.625 802.411 283.506 624.707 221.528 131.706 12.998 337.93 415.648 463.788 364.312 181.689 23.258 241.077 693.896 671.461 592.207 23.418 703.732 529.411 727.219 637.035 376.839 854.954 569.133 673.506 776.367 346.775 905.954 495.872 232.12 12.012 616.141 830.988 932.838 267.623 463.024 487.906 973.458 579.895 668.54 255.667 642.792 831.375 789.794 927.714 820.528 409.373 265.008 372.841 257.977 849.149 818.41 617.965 785.622 235.985 339.585 834.191 585.763 693.511 325.892 101.047 432.46 104.433 783.988 822.833 870.221 500.06 339.359 198.967 344.739 598.923 924.397 783.279 708.066 423.759 206.041 754.46 224.275 665.105 566.912 651.4 59.988 149.753 914.881 802.166 743.465 283.877 170.481 302.983 602.045 365.198 449.824 559.872 725.493 926.521 987.711 771.212 393.474 458.255 956.117 766.496 366.844 146.175 113.1 953.589 912.521 877.033 111.885 963.519 68.92 418.534 150.243 563.125 963.062 46.436 555.635 927.545 391.364 942.68 130.906 968.377 92.432 54.294 282.186 986.313 835.483 64.681 913.349 694.995 231.764
452.188 589.955 956.347 199.565 751.953 862.413 1000000000.0 619.028 282.113 787.766 163.823 951.516 268.573 974.611 364.642 195.893 497.809 13.894 755.457 799.044 931.284 3.99 983.352 864.899 569.463 740.704 214.841 866.125 75.493 172.173 772.58 792.831 226.764 86.15 263.654 829.122 465.809 551.172 10.84 577.071 71.009 283.826 98.949 781.882 790.023 971.489 373.177 818.329 939.224 84.55 32.073 573.301 363.841 256.191 777.667 256.955 324.248 579.09 940.335 442.133 981.923 180.192 26.072 902.899 148.45 388.384 765.195 513.316 83.01 938.547 172.783 293.355 974.377 639.265 352.217 72.614 719.412 642.864 799.357 682.438 434.201 185.973 927.056 144.087 648.882 998.276 343.403 298.176 462.687 316.431 304.795 89.197 67.734 966.84 969.558 609.267 502.728 723.829 69.15 29.099 692.668 720.661 351.039 333.935 867.576 240.41 317.675 726.11 483.45 44.864 835.51 545.562 588.408 874.425 254.095 188.525 899.535 613.19 786.378 435.635 43.517 594.876 400.722 840.147 215.185 553.279 325.932 75.258 960.827 557.744 143.106 876.236 192.892 808.683 961.374 85.973 396.928 743.661 186.228 696.588 256.698 324.466 564.179 811.395 896.879 217.485 279.839 228.616 22.429 214.064 472.102 897.126 375.913 802.225 464.86 95.46 640.9 243.133 841.37 151.422 351.228 510.831 23.938 355.874 341.375 764.964 614.404 867.057 324.664 687.573 832.022 716.248 88.2 556.35 196.487 957.17 168.017 59.676 89.203 316.925 724.132 26.162 469.492 493.705 619.872 285.762 703.196 362.217 734.839 75.253 488.098 977.069 417.661 528.617 160.258 722.176 553.65 705.654 371.048 302.21
825.281 929.252 219.522 715.745 486.642 646.901 619.028 1000000000.0 557.798 684.059 793.501 550.227 659.141 929.282 131.786 293.875 683.099 927.722 925.93 198.795 563.939 837.525 857.267 374.566 391.874 772.594 456.299 119.377 624.222 137.058 644.589 994.582 763.621 759.362 795.464 130.165 513.232 930.812 580.451 22.796 807.926 247.086 868.65 619.69 378.601 920.067 959.787 811.748 99.42 474.087 559.707 658.377 321.662 166.36 387.401 405.839 191.743 278.161 687.228 591.562 881.449 645.092 74.019 275.374 198.791 47.433 889.544 393.988 721.134 593.24 637.584 451.124 640.356 666.982 620.122 681.88 321.029 742.157 960.394 734.399 479.744 921.397 496.176 977.436 91.191 534.983 109.079 691.246 406.854 879.417 158.712 493.053 715.31 857.379 855.328 907.048 891.697 71.496 739.258 796.409 527.998 896.237 928.359 610.472 636.371 13.386 973.405 680.069 482.002 814.11 585.575 226.679 857.976 907.156 281.991 310.066 865.227 419.023 366.247 316.097 983.025 133.919 648.303 541.973 925.46 964.328 132.989 236.806 809.985 514.24 390.569 236.478 282.173 339.833 658.288 344.264 635.44 531.447 513.378 908.129 764.274 167.428 206.151 690.063 135.134 616.158 931.537 527.647 422.863 738.888 242.284 343.062 800.327 246.463 612.424 611.878 47.249 827.432 539.752 50.768 719.626 203.587 207.237 872.593 186.282 894.4 263.429 104.92 540.811 578.912 442.982 12.435 697.907 14.749 517.476 959.666 454.733 933.516 479.044 146.338 226.373 737.905 57.777 807.291 357.457 756.833 157.579 694.907 874.594 426.246 990.748 492.759 865.747 388.782 328.364 704.492 945.468 238.142 777.025 960.049
841.877 724.147 485.376 726.884 517.885 122.918 282.113 557.798 1000000000.0 271.848 406.569 441.122 125.642 880.029 925.674 808.036 361.317 522.669 875.07 509.956 586.64 144.955 877.295 701.433 426.269 88.037 900.127 807.037 917.455 156.114 328.038 496.551 506.35 353.263 123.895 941.087 224.046 324.078 941.175 867.976 589.366 378.521 781.585 986.862 359.265 959.914 600.569 194.506 23.219 615.773 200.847 856.804 705.725 243.849 932.451 782.755 801.53 592.004 324.192 648.745 817.126 322.1 717.459 8.047 412.952 586.415 558.117 918.115 849.481 68.32 375.104 172.498 23.482 855.003 890.754 736.119 844.687 829.159 90.272 548.373 817.304 588.331 310.143 429.531 884.668 167.937 585.403 14.892 251.148 272.793 653.512 414.808 886.4 315.968 245.004 685.641 764.671 326.012 259.952 805.444 160.538 635.134 425.007 385.766 825.476 757.406 281.509 297.099 267.55 116.783 656.066 455.762 386.498 994.23 101.156 702.919 721.274 498.954 204.866 141.209 344.694 364.537 1.982 723.225 8.524 454.809 623.529 361.646 841.025 6.219 599.782 660.415 822.241 104.639 958.168 339.258 356.217 129.612 431.512 530.529 264.74 880.307 550.912 68.593 160.78 499.013 709.183 232.094 961.556 83.677 602.892 989.093 196.447 484.553 912.43 337.058 64.001 786.193 199.441 222.529 18.872 46.302 6.179 871.213 20.508 994.565 28.649 805.696 162.52 692.111 911.369 539.925 454.477 105.36 134.22 370.801 809.02 82.853 178.022 79.509 988.808 981.208 678.894 947.934 976.387 628.722 55.901 701.654 622.45 266.156 358.349 323.947 466.301 81.203 690.946 704.435 132.681 772.573 94.048 364.452
161.865 602.229 640.929 365.975 462.846 127.928 787.766 684.059 271.848 1000000000.0 43.462 736.661 791.156 479.133 129.134 299.54 202.036 75.358 53.162 507.038 388.344 781.978 374.867 824.624 285.289 182.406 878.261 808.248 493.2 540.166 154.78 444.747 190.23 677.007 155.284 640.285 118.651 912.94 790.866 721.493 631.684 216.711 798.319 981.85 989.199 455.135 876.371 115.781 891.311 499.497 489.137 960.856 416.617 664.759 910.356 456.942 156.963 106.095 772.69 77.693 750.814 323.863 808.712 843.84 41.574 367.974 569.296 928.578 586.496 50.49 179.797 843.486 909.782 790.864 615.983 43.645 554.064 664.352 855.364 912.612 270.077 257.524 891.94 177.21 918.727 168.389 184.32 811.306 86.333 874.821 333.258 930.712 878.767 744.45 390.589 299.303 737.249 60.771 984.979 960.342 339.601 713.413 279.251 335.048 400.326 669.985 788.646 232.008 546.369 326.823 246.421 100.205 774.007 706.28 908.187 45.094 181.113 275.739 69.038 695.862 906.167 590.504 215.355 45.507 507.45 442.22 162.063 467.55 872.211 737.631 57.918 639.222 291.831 650.003 438.932 547.129 851.891 644.739 290.777 302.5 438.994 145.923 676.662 15.13 134.731 725.136 330.039 713.761 957.608 854.069 929.647 199.677 390.225 510.436 93.87 429.18 169.619 386.834 543.375 549.095 783.234 335.292 366.714 225.398 381.283 469.375 823.508 182.356 241.239 838.603 789.351 65.462 665.491 142.362 234.136 673.971 608.819 683.634 995.026 975.326 679.49 469.817 865.058 147.75 932.438 345.176 8.272 501.749 925.496 810.125 391.559 500.934 437.817 638.299 208.26 441.563 449.711 875.359 907.125 733.56
898.99 788.101 689.912 588.776 209.935 780.081 163.823 793.501 406.569 43.462 1000000000.0 184.113 244.27 993.873 554.802 77.898 796.825 174.957 918.362 210.321 213.772 811.007 929.551 282.078 940.408 61.573 711.278 84.231 873.192 995.656 645.243 558.448 947.192 404.693 996.391 603.566 927.75 383.043 843.622 672.023 950.531 997.629 692.228 795.642 123.305 409.472 119.617 265.537 383.724 318.292 947.997 551.576 739.806 308.692 564.917 721.151 441.357 603.669 682.177 758.493 601.975 903.065 324.212 653.669 354.046 105.482 260.074 302.28 404.456 894.876 202.144 142.744 742.538 751.988 618.66 630.869 774.015 622.305 529.625 947.715 912.586 335.724 184.901 250.951 991.114 293.723 871.2 49.199 22.295 408.97 471.544 142.216 283.6 448.785 668.682 602.548 376.146 644.221 592.458 361.761 100.431 610.258 298.838 134.112 794.265 268.504 767.614 873.425 788.003 381.289 128.294 905.902 198.225 287.306 386.745 810.674 715.528 518.428 545.48 764.964 522.376 517.584 561.133 351.593 372.376 55.117 13.335 73.668 129.199 762.968 255.095 598.518 824.575 803.937 895.696 657.713 377.169 951.172 220.013 631.734 936.615 528.335 937.322 588.057 401.798 164.606 474.236 273.082 623.237 333.77 459.408 436.023 143.177 536.145 332.738 411.406 81.596 700.604 62.702 360.924 124.629 214.379 159.001 543.59 600.298 506.422 266.496 771.53 713.746 287.587 960.62 598.883 492.287 896.001 475.098 759.066 168.918 425.378 510.352 323.79 827.951 162.117 739.804 680.2 566.531 356.07 178.451 177.331 420.383 642.417 426.445 196.716 406.283 826.388 416.772 708.319 531.811 175.215 45.365 483.922
895.181 185.701 504.615 35.571 94.278 813.112 951.516 550.227 441.122 736.661 184.113 1000000000.0 573.291 609.55 822.004 98.909 521.093 794.147 64.225 76.642 62.058 968.312 593.584 238.259 148.918 582.212 155.78 606.755 780.025 842.446 796.819 86.803 226.039 483.146 881.892 42.157 246.082 840.524 580.758 780.661 530.335 381.969 66.052 752.643 738.893 567.105 124.85 280.706 146.416 596.585 675.163 878.392 806.287 57.252 25.406 913.038 69.135 77.186 907.353 402.471 641.738 593.079 242.382 857.762 826.942 704.41 499.475 51.17 768.648 623.388 406.342 189.725 910.758 878.579 43.098 990.665 418.954 246.011 18.543 371.173 867.152 730.595 842.978 986.256 773.221 484.21 473.957 887.001 996.395 506.945 62.425 87.826 965.823 272.879 593.685 878.458 990.01 985.282 962.343 371.03 639.122 580.578 961.203 523.802 432.359 380.642 468.107 818.576 226.027 296.256 976.402 625.844 386.648 31.087 743.186 907.687 542.936 213.021 153.207 649.902 330.238 573.031 18.073 555.755 649.567 193.301 391.81 380.128 981.523 415.93 331.079 599.284 447.771 239.034 434.189 36.434 109.965 885.76 687.863 784.585 723.766 779.313 634.568 78.43 959.072 520.009 168.901 366.163 51.013 268.218 422.134 1.738 434.423 403.848 888.404 710.644 932.155 278.203 871.87 211.955 539.998 326.74 522.498 803.997 13.323 355.97 790.022 914.019 229.834 709.456 547.666 843.756 688.982 31.01 856.354 939.388 235.196 29.852 678.807 961.066 805.793 596.738 350.175 882.278 371.876 596.228 410.922 573.517 24.056 615.67 408.839 286.124 293.327 73.163 865.247 88.471 744.852 292.629 222.877 474.713
434.846 596.432 947.607 325.344 780.898 179.024 268.573 659.141 125.642 791.156 244.27 573.291 1000000000.0 406.888 447.183 366.225 889.556 516.079 40.478 122.518 277.342 511.019 24.807 886.242 257.431 135.402 288.092 982.974 14.845 610.178 791.152 868.925 443.183 142.321 30.613 176.311 829.955 294.683 362.191 765.426 78.622 182.934 598.115 985.873 697.921 964.934 160.553 461.791 497.583 622.917 518.858 74.361 586.75 375.356 662.146 896.721 872.396 179.801 482.567 893.185 936.23 851.826 824.188 867.573 169.947 567.958 941.17 91.813 589.413 918.04 73.224 363.09 239.873 564.585 258.538 386.884 324.849 113.995 181.554 85.291 115.088 309.753 199.613 706.127 267.75 639.27 485.841 995.688 85.878 941.348 237.364 284.789 256.409 576.193 223.938 662.838 85.989 957.661 618.039 424.067 502.676 463.427 707.697 446.024 112.356 278.311 298.433 139.043 597.372 667.004 119.965 461.652 632.74 338.027 46.361 441.861 394.831 66.221 365.397 368.3 424.87 301.442 954.162 461.674 34.654 595.49 840.911 528.927 733.061 354.295 66.549 909.612 960.389 122.29 613.58 75.912 670.969 356.41 725.284 687.772 18.674 600.09 849.388 803.227 834.161 493.22 184.527 165.196 190.21 246.503 338.404 75.316 370.052 612.589 66.591 794.732 977.973 847.67 754.488 535.387 318.261 739.715 716.314 953.196 761.694 172.462 459.001 296.587 336.924 208.733 918.651 418.539 203.471 733.18 5.654 208.117 630.721 54.724 246.07 158.532 97.426 159.832 343.908 493.331 725.95 404.965 250.914 88.92 561.688 763.23 631.898 297.177 992.262 630.752 678.935 687.503 737.252 178.467 642.221 233.915
911.517 119.35 213.474 811.365 804.925 325.884 974.611 929.282 880.029 479.133 993.873 609.55 406.888 1000000000.0 117.277 428.614 986.186 255.699 307.528 155.857 958.966 846.485 912.235 297.595 972.437 745.651 924.839 126.724 727.478 463.429 865.333 642.013 641.184 406.392 198.161 676.327 574.953 121.878 672.469 794.297 680.853 202.21 588.015 617.098 907.934 993.375 67.425 988.251 199.507 25.626 757.921 792.868 733.202 423.246 339.607 354.766 248.842 657.364 797.767 54.033 172.32 634.884 991.828 701.12 128.69 315.863 460.739 394.622 894.35 718.867 427.541 215.543 563.007 272.113 276.715 384.043 700.309 293.082 835.491 401.48 425.455 850.445 530.718 352.393 266.01 674.233 308.474 813.441 836.678 638.481 663.404 430.077 646.127 971.367 779.625 208.05 499.618 129.177 249.92 620.368 837.649 708.004 929.052 278.654 510.736 110.301 960.726 900.261 240.449 752.343 823.782 205.518 893.702 750.246 532.35 86.192 312.11 563.135 832.635 943.312 82.673 983.869 221.393 835.089 607.509 303.865 317.676 177.86 198.507 252.393 910.167 32.835 754.959 486.335 564.216 509.163 119.027 429.505 645.44 502.552 673.798 255.897 307.138 188.661 288.033 871.95 947.908 793.964 884.372 696.147 516.071 739.04 536.35 770.171 847.344 349.853 20.559 175.596 380.118 645.903 939.6 685.353 524.458 750.916 564.412 253.932 220.489 6.192 980.913 573.81 377.418 113.29 175.267 260.067 949.094 395.656 909.243 463.413 881.413 965.45 397.626 555.457 887.667 349.97 239.945 237.916 903.718 823.267 31.941 204.876 512.406 645.23 295.89 639.545 922.343 668.678 143.449 287.554 594.331 625.174
317.918 602.389 463.467 187.179 167.68 927.918 364.642 131.786 925.674 129.134 554.802 822.004 447.183 117.277 1000000000.0 217.004 621.963 761.638 276.752 98.112 904.011 302.206 242.88 87.212 340.332 621.56 472.339 422.471 735.217 904.425 361.202 903.718 75.234 727.54 347.308 65.045 443.955 175.891 430.683 387.031 968.63 274.353 251.871 142.991 324.252 606.335 651.281 404.44 528.757 426.572 695.864 769.779 227.397 856.735 308.684 584.678 542.507 798.435 992.267 104.132 444.999 444.466 6.353 266.977 24.063 568.999 510.385 943.892 416.793 71.428 186.904 57.326 795.134 744.818 706.283 835.235 519.032 3.286 737.279 212.34 938.696 137.54 44.714 140.16 920.405 885.725 5.561 769.591 323.431 279.883 545.443 948.194 282.137 359.728 948.568 225.66 178.802 838.722 433.538 609.974 689.099 994.365 599.2 134.692 131.561 616.865 100.913 658.989 63.202 180.888 971.524 982.993 549.993 87.037 250.136 16.158 609.438 830.287 651.076 786.711 278.651 171.582 470.899 735.592 342.043 643.663 54.571 559.316 962.83 139.843 217.352 740.34 856.071 256.725 634.586 930.539 836.512 308.965 457.791 382.918 166.12 442.91 961.224 223.29 694.807 801.904 105.211 60.641 602.655 819.936 92.117 206.647 992.981 358.694 918.817 518.762 151.225 15.292 723.407 39.868 133.311 360.343 182.575 546.984 334.863 296.848 896.561 723.505 952.919 709.181 763.461 146.182 325.008 973.943 593.439 458.999 452.937 997.009 277.676 895.684 743.974 191.926 838.773 469.535 68.271 151.525 645.366 934.249 712.287 888.291 753.816 694.45 10.402 340.164 616.844 229.391 115.262 379.16 459.43 896.498
727.985 571.008 906.247 649.066 668.608 176.733 195.893 293.875 808.036 299.54 77.898 98.909 366.225 428.614 217.004 1000000000.0 295.111 657.362 168.453 38.695 804.234 842.741 336.219 743.271 453.289 80.194 882.186 797.127 758.03 553.349 422.542 764.729 413.198 664.568 968.574 341.615 679.985 164.644 570.88 294.429 482.9 732.405 742.835 485.285 902.904 788.013 206.387 507.125 848.423 810.194 121.232 588.032 436.53 383.791 81.693 920.713 828.84 601.579 663.083 46.678 657.179 961.096 779.282 75.645 958.118 252.269 773.991 817.782 69.096 190.068 676.32 841.09 106.352 884.223 687.011 265.398 566.664 828.761 713.26 533.911 57.107 866.346 610.46 689.753 85.259 316.687 135.676 943.178 874.895 266.862 846.826 354.003 330.701 431.587 679.512 623.802 410.768 413.149 59.65 243.187 159.643 762.541 435.694 665.485 458.565 922.129 439.72 299.984 76.338 906.266 715.996 753.883 304.605 751.302 557.832 815.174 953.57 753.474 600.347 542.024 522.334 394.415 97.664 852.285 490.405 148.109 69.727 589.218 155.191 840.083 276.378 608.975 881.055 76.367 859.936 351.45 690.071 520.557 571.786 124.738 389.651 717.271 74.458 899.09 774.934 54.292 582.857 861.54 946.354 783.243 369.438 16.416 222.393 325.682 146.869 288.617 355.121 803.116 242.104 317.534 521.675 744.098 249.944 896.586 964.041 341.97 895.202 176.192 125.307 798.284 203.381 224.236 473.889 363.001 58.881 664.984 768.44 137.29 557.334 250.66 673.557 305.771 127.759 383.711 637.164 896.367 877.307 315.857 184.037 296.362 255.246 972.465 737.688 404.698 126.738 809.688 674.477 76.32 482.287 745.762
459.192 164.316 320.145 17.448 835.899 764.166 497.809 683.099 361.317 202.036 796.825 521.093 889.556 986.186 621.963 295.111 1000000000.0 382.782 213.263 984.809 509.39 283.476 224.043 674.485 831.178 398.7 75.484 409.953 812.758 88.313 101.182 21.107 491.74 741.007 186.183 555.689 757.277 712.374 133.828 24.622 169.349 107.352 481.339 410.245 998.108 746.521 582.664 976.087 57.139 145.874 403.827 447.565 66.862 2.566 876.394 286.33 770.762 945.643 202.962 948.714 110.817 662.155 728.903 534.006 412.832 303.448 796.704 141.631 971.859 816.442 352.317 15.491 128.74 899.921 850.349 576.801 561.139 871.089 361.395 560.545 282.471 538.97 452.071 244.064 207.12 803.046 960.86 768.661 289.328 359.628 698.794 309.049 297.741 565.215 642.922 741.488 77.403 36.51 349.919 675.125 935.194 609.961 562.429 182.974 843.645 568.224 641.62 809.711 649.986 611.435 314.426 596.655 451.355 320.846 441.839 226.038 70.712 220.133 479.289 959.439 470.441 711.024 502.625 12.864 452.757 800.035 713.467 730.128 984.251 710.441 586.475 753.884 157.105 336.893 450.101 623.923 166.365 323.234 594.372 263.37 705.451 555.819 572.776 839.898 233.7 732.135 272.883 573.268 62.442 816.367 718.392 781.275 852.543 780.808 933.245 281.515 302.748 467.536 953.691 969.699 49.727 87.946 227.95 768.989 784.844 373.227 28.453 385.968 920.802 284.377 650.084 717.028 726.941 253.515 879.964 798.117 886.022 700.194 598.569 79.597 549.785 879.592 50.438 239.193 511.419 434.099 225.977 886.857 934.391 111.255 578.653 86.278 812.323 374.737 207.149 865.031 425.265 983.607 875.552 668.917
968.79 742.625 45.099 723.98 3.975 113.576 13.894 927.722 522.669 75.358 174.957 794.147 516.079 255.699 761.638 657.362 382.782 1000000000.0 151.478 767.032 172.239 677.138 423.539 957.982 330.205 639.44 504.341 734.847 358.992 763.525 497.489 394.408 80.265 879.754 699.418 912.165 542.782 330.968 990.313 765.047 883.728 556.921 842.027 14.355 226.891 447.139 815.925 799.439 436.241 385.259 197.218 68.426 114.456 382.049 381.332 188.103 287.831 230.311 398.107 993.244 620.781 703.304 365.511 330.028 564.88 292.424 505.519 737.936 241.06 768.867 225.767 668.758 771.056 500.885 916.853 905.45 260.602 950.722 853.104 558.47 335.756 770.74 503.379 966.303 329.115 856.477 433.681 838.719 164.268 652.837 997.666 408.576 671.216 569.523 420.338 997.707 696.911 392.717 353.1 404.403 20.347 661.165 336.214 200.813 386.262 948.45 713.474 227.205 95.087 997.679 647.97 450.006 282.013 363.732 824.629 761.439 349.524 822.107 644.168 153.588 435.242 721.779 892.854 960.856 806.618 680.645 387.777 243.971 849.484 513.044 283.496 851.411 33.645 448.63 655.655 793.458 896.286 567.739 818.358 108.339 207.199 69.515 294.245 900.944 556.162 35.679 858.64 340.275 497.062 20.731 4.37 779.561 11.599 304.979 432.509 533.961 718.38 649.252 329.921 473.003 333.512 219.612 656.761 893.905 696.041 332.449 413.723 166.714 97.608 493.303 450.856 267.326 425.113 187.224 784.638 700.878 315.687 440.222 269.459 109.955 664.54 145.911 606.515 115.025 811.513 536.282 364.623 878.76 70.001 487.372 207.941 542.349 591.206 114.005 852.224 374.424 435.082 904.847 242.0 500.615
727.485 217.746 576.983 315.238 959.368 643.922 755.457 925.93 875.07 53.162 918.362 64.225 40.478 307.528 276.752 168.453 213.263 151.478 1000000000.0 948.84 23.544 882.34 588.575 384.308 90.627 33.939 375.965 975.622 644.863 782.946 366.751 159.287 500.249 148.758 956.287 752.419 162.382 145.038 611.772 609.444 758.057 865.771 835.382 556.359 318.148 647.165 754.524 835.288 975.912 20.509 795.7 675.193 97.647 518.773 130.941 917.072 324.227 562.527 753.17 525.439 893.022 12.919 425.228 506.317 935.131 699.706 576.715 831.075 125.654 364.654 530.912 279.87 169.6 659.834 280.869 498.841 272.557 977.246 139.023 690.129 354.088 377.467 741.69 408.274 990.705 150.504 760.923 636.329 887.213 279.119 718.136 498.821 42.312 295.429 12.927 624.315 67.376 946.574 790.52 849.199 555.931 835.416 241.975 910.13 804.368 295.291 795.404 341.69 460.775 212.831 203.099 442.624 99.862 624.154 18.142 317.299 401.712 753.075 53.511 766.383 550.916 952.129 636.787 217.276 951.356 690.895 849.034 483.821 917.79 170.232 127.093 982.425 65.886 452.852 730.086 333.466 72.018 451.202 7.218 639.332 593.89 240.009 278.927 978.975 307.293 747.565 893.194 745.813 404.021 163.508 697.199 767.627 743.109 329.383 87.011 116.985 979.446 718.766 932.43 419.301 844.505 329.168 829.587 795.223 925.166 793.244 439.862 774.376 115.103 381.83 505.268 91.912 77.547 276.234 375.106 713.445 33.543 727.199 321.587 901.964 793.411 418.085 1.827 478.53 742.098 946.75 949.866 778.983 347.517 463.912 576.391 11.179 598.159 332.221 428.101 624.311 598.141 644.533 92.929 187.573
248.367 163.537 413.647 283.047 988.238 909.544 799.044 198.795 509.956 507.038 210.321 76.642 122.518 155.857 98.112 38.695 984.809 767.032 948.84 1000000000.0 104.223 195.9 641.662 432.246 452.413 393.478 593.953 106.083 209.533 450.033 736.643 96.454 257.92 558.775 180.051 241.484 105.859 745.278 641.629 638.253 431.059 269.175 404.896 956.653 433.618 858.89 730.754 604.873 676.777 169.808 5.889 445.599 314.942 115.593 276.35 59.534 511.275 870.109 316.123 12.997 985.833 886.768 522.085 316.745 457.632 612.993 317.31 61.186 954.864 599.93 523.884 556.163 731.846 482.67 175.943 661.009 13.322 475.77 568.66 354.935 804.388 901.338 976.783 338.454 704.999 170.101 702.875 331.738 898.477 302.221 480.562 330.512 394.159 230.605 290.602 865.081 718.591 548.71 877.698 753.898 385.61 598.304 485.505 852.983 642.864 654.234 176.571 533.584 983.293 526.494 703.839 36.77 403.205 443.787 949.414 770.81 27.04 928.387 254.343 468.913 958.304 704.867 126.808 470.684 390.282 707.979 973.175 272.092 32.351 223.795 116.197 876.994 912.033 367.915 160.701 202.926 653.786 772.057 266.631 690.59 408.704 5.338 949.679 691.389 448.636 100.345 18.675 530.579 854.964 155.022 491.206 166.147 406.558 45.625 173.14 975.242 291.484 94.276 455.219 499.955 527.672 175.015 202.916 797.221 24.023 750.314 981.045 448.59 443.787 541.303 770.987 307.279 723.788 825.111 277.06 340.539 970.187 899.615 172.647 563.912 979.577 158.422 578.891 643.976 619.112 129.199 642.579 612.619 735.718 922.554 488.109 602.408 595.015 52.56 996.721 323.759 150.194 435.292 332.828 362.858
255.65 604.342 385.621 188.902 59.875 490.19 931.284 563.939 586.64 388.344 213.772 62.058 277.342 958.966 904.011 804.234 509.39 172.239 23.544 104.223 1000000000.0 510.071 155.407 740.977 836.214 993.3 56.314 155.04 244.38 622.361 241.858 731.834 900.004 657.478 96.159 545.938 348.151 405.03 530.158 281.682 328.56 138.463 596.352 156.503 779.106 996.184 531.708 612.602 432.213 65.855 122.589 122.62 349.957 699.768 712.734 584.935 102.562 485.559 934.989 287.239 542.874 11.933 904.905 427.026 993.341 4.97 992.587 739.749 845.871 840.651 289.661 204.971 692.475 916.408 662.125 227.814 264.397 484.307 143.506 785.829 697.034 882.883 161.88 385.335 592.453 129.841 544.11 501.844 664.018 856.077 803.228 662.72 888.842 813.671 573.035 786.514 801.197 137.637 88.732 620.204 730.628 258.361 326.433 815.05 870.944 982.072 306.96 49.844 614.716 73.674 336.39 838.677 976.034 437.187 632.152 648.615 115.222 257.076 314.267 515.91 568.08 451.463 85.463 981.307 901.523 265.32 460.97 733.866 450.507 458.407 72.683 745.277 772.543 746.485 187.052 804.782 122.308 50.954 971.082 527.649 851.157 316.542 925.589 144.363 885.746 10.812 384.971 102.339 841.088 627.96 754.28 596.339 640.859 646.688 913.783 71.462 837.651 508.112 267.841 943.362 193.39 902.712 344.02 972.938 830.253 585.668 935.788 443.529 375.346 805.209 667.834 268.682 596.188 402.407 399.083 53.447 454.986 827.165 446.941 239.377 482.465 315.397 767.429 264.746 191.561 445.376 594.491 786.637 39.05 4.61 489.067 286.288 55.95 758.841 844.014 965.638 544.661 17.368 133.268 561.401
311.846 91.098 881.485 241.92 260.447 464.085 3.99 837.525 144.955 781.978 811.007 968.312 511.019 846.485 302.206 842.741 283.476 677.138 882.34 195.9 510.071 1000000000.0 165.263 376.678 397.017 856.046 403.748 379.944 126.836 681.354 871.199 809.907 662.29 351.965 513.286 345.845 585.647 396.95 436.844 384.652 61.155 512.685 94.233 763.657 709.138 120.137 499.942 600.293 961.301 841.865 140.996 455.742 559.761 490.356 239.738 204.857 606.217 24.998 176.356 841.061 114.096 402.936 211.12 182.836 380.608 717.385 896.687 189.305 749.277 871.945 607.897 137.602 323.193 429.101 916.405 119.425 619.556 983.931 786.891 304.66 746.22 8.04 704.671 377.886 341.851 375.166 664.947 569.208 454.4 398.922 915.71 814.376 656.889 23.092 499.947 775.34 717.774 70.186 429.82 314.984 192.507 154.4 965.587 429.792 693.749 736.539 126.32 580.962 780.054 442.24 186.684 441.212 683.861 859.398 569.062 213.403 845.378 384.017 845.435 263.755 9.621 819.486 843.27 438.582 889.806 569.664 202.678 930.167 924.335 906.369 914.642 804.149 650.585 486.445 901.782 697.954 253.539 492.035 346.756 7.45 81.884 441.932 300.311 302.114 431.308 910.341 655.606 307.828 607.786 425.645 149.798 536.109 289.041 202.364 240.033 522.448 404.249 731.717 77.28 382.533 498.491 872.896 412.426 661.386 352.62 20.512 663.162 65.678 991.542 356.577 7.247 556.688 522.065 308.023 972.93 984.07 793.095 492.688 220.509 752.159 357.004 863.962 110.503 562.963 922.313 419.383 578.055 794.928 685.164 166.455 413.37 380.462 320.345 76.468 680.567 362.563 487.867 734.802 696.267 762.149
5.136 535.53 622.689 386.843 39.227 992.45 983.352 857.267 877.295 374.867 929.551 593.584 24.807 912.235 242.88 336.219 224.043 423.539 588.575 641.662 155.407 165.263 1000000000.0 274.464 246.01 474.969 427.997 634.253 649.78 163.106 88.313 419.918 500.197 20.06 457.936 693.326 849.427 544.232 942.176 691.226 22.187 310.206 196.214 30.46 106.911 773.053 267.679 876.311 154.207 44.128 762.816 28.918 601.752 708.109 652.453 200.529 521.511 8.05 308.918 632.17 390.224 313.595 215.156 56.007 585.083 183.862 450.757 413.561 724.108 872.842 946.499 943.924 698.126 406.29 588.238 614.764 525.334 680.715 724.26 182.217 204.995 383.724 603.867 922.947 630.583 304.193 919.354 704.7 365.945 524.658 577.75 264.693 616.726 903.37 916.419 230.065 631.312 856.568 296.078 536.233 538.169 686.609 595.678 653.786 319.853 180.548 501.95 60.819 384.544 892.871 215.609 212.328 640.635 100.594 228.523 12.044 195.191 969.482 436.947 188.13 307.855 321.222 491.765 533.389 876.577 769.863 180.892 151.365 763.449 947.788 698.611 481.706 404.121 229.57 271.714 105.192 190.588 314.72 870.381 528.729 549.716 901.55 367.731 383.668 508.814 202.16 663.398 120.128 217.436 260.161 852.51 988.76 432.473 760.673 682.338 650.787 636.854 254.282 806.316 225.076 211.418 970.482 778.35 895.584 711.244 813.287 617.901 24.513 955.397 651.988 15.861 227.636 741.177 562.514 197.838 188.518 692.217 974.809 377.805 562.391 31.997 868.625 156.647 576.097 278.361 973.066 179.256 574.945 44.208 30.118 113.428 905.942 985.819 607.607 415.947 310.103 216.453 602.357 40.481 942.274
42.676 534.865 327.405 695.319 659.408 56.099 864.899 374.566 701.433 824.624 282.078 238.259 886.242 297.595 87.212 743.271 674.485 957.982 384.308 432.246 740.977 376.678 274.464 1000000000.0 310.1 81.584 491.693 140.069 9.278 71.721 204.498 426.85 59.1 347.825 781.3 791.149 582.671 144.285 780.825 607.058 534.804 918.69 639.347 708.034 625.517 346.804 910.542 47.269 531.099 880.717 356.017 108.142 430.744 882.035 476.568 949.393 759.744 722.935 21.127 292.471 498.6 369.084 367.53 237.528 329.52 256.117 123.167 340.522 388.448 977.194 997.226 77.233 702.239 441.695 967.961 31.308 525.578 295.195 380.172 539.051 352.642 496.921 913.032 990.949 818.721 697.269 127.04 58.758 865.774 307.822 873.964 190.174 795.518 715.581 853.373 768.282 351.148 922.192 956.061 905.717 824.874 418.521 678.257 346.071 323.236 685.024 426.621 704.245 463.156 722.306 807.206 620.57 937.115 330.288 44.635 273.442 573.885 557.307 202.177 5.573 751.814 375.13 342.901 843.243 238.802 475.556 680.008 82.852 783.996 928.534 449.029 352.13 264.237 185.402 112.243 954.797 958.685 639.286 287.406 675.82 625.429 594.905 263.745 406.175 893.16 353.862 429.791 434.096 666.783 283.134 402.665 318.526 575.215 641.398 207.242 471.002 953.411 621.984 281.364 456.051 159.925 975.776 309.043 725.01 370.663 709.954 790.593 935.83 128.235 587.18 714.131 542.081 863.57 718.215 417.998 533.498 904.624 518.428 912.185 40.921 217.818 428.205 621.049 595.178 351.242 430.965 464.529 503.877 141.488 525.09 297.788 852.623 965.236 356.017 878.192 927.667 590.478 624.923 32.132 690.228
365.325 368.274 267.463 274.952 515.707 640.16 569.463 391.874 426.269 285.289 940.408 148.918 257.431 972.437 340.332 453.289 831.178 330.205 90.627 452.413 836.214 397.017 246.01 310.1 1000000000.0 903.017 712.924 869.736 277.7 92.491 961.718 400.438 951.463 829.391 629.029 484.604 688.858 832.554 648.529 127.727 595.734 368.797 723.194 663.539 123.844 879.069 345.951 704.525 153.374 726.393 461.085 812.417 430.037 858.253 910.556 317.824 951.953 962.565 26.437 558.527 859.44 362.188 464.334 870.105 371.078 409.297 824.625 543.897 210.92 279.827 8.3 205.246 517.035 709.494 32.653 376.869 17.832 146.315 728.334 444.468 893.254 840.341 116.91 44.212 315.868 839.818 56.213 681.591 691.78 536.688 156.138 870.21 784.939 344.05 946.22 54.337 95.771 683.934 472.128 78.563 938.84 475.297 107.039 859.008 550.626 385.387 362.377 977.737 402.018 593.432 639.142 41.954 404.42 734.968 892.582 713.135 827.021 804.461 51.606 457.532 21.54 110.256 538.38 670.98 628.324 385.382 616.431 467.238 578.639 851.253 714.17 311.881 458.877 866.842 735.86 92.991 856.361 555.377 478.537 732.056 599.826 68.4 139.225 365.304 283.704 271.826 202.966 814.894 590.567 796.858 302.806 841.898 975.29 292.944 316.91 347.027 768.5 920.44 229.356 16.753 274.985 454.54 461.451 990.619 615.723 302.724 703.067 293.2 989.5 499.384 769.964 893.67 20.926 635.634 747.03 960.04 709.384 309.92 785.799 637.945 288.875 49.184 32.954 391.162 490.017 381.072 162.02 731.329 885.54 552.08 59.282 704.019 680.791 131.038 940.272 750.129 920.476 955.306 389.468 55.751
