200
1000000000.0 540.475 545.753 451.234 607.812 670.455 618.167 547.329 267.845 278.297 83.303 697.194 79.064 171.535 631.911 948.373 37.946 736.301 836.326 608.771 992.179 12.29 302.849 971.56 548.766 894.194 746.298 696.622 386.987 33.344 174.172 86.743 329.97 258.189 848.186 693.919 47.101 32.267 366.686 294.872 751.315 965.378 728.228 465.196 700.135 591.452 480.39 955.987 26.825 62.058 908.094 395.456 932.713 930.758 233.852 517.202 564.878 105.728 258.269 831.484 614.558 589.497 859.018 349.073 200.947 377.407 408.365 876.413 738.703 458.283 23.534 761.589 257.156 709.049 26.137 852.698 511.146 638.447 341.448 52.083 608.072 353.748 208.661 59.993 616.901 603.457 997.363 694.126 9.132 541.812 79.822 929.72 851.836 835.326 651.723 573.158 898.567 669.817 823.58 22.233 149.852 32.486 18.9 260.666 731.62 58.807 504.584 730.546 210.498 161.804 384.213 699.689 848.751 113.282 365.172 80.688 42.171 384.226 587.631 117.46 501.982 711.523 287.689 824.114 424.555 445.507 950.119 938.662 717.105 384.792 722.477 978.63 758.441 946.841 44.628 179.509 310.049 991.937 370.44 343.901 20.454 475.951 931.002 827.731 866.667 864.564 596.828 703.227 139.392 42.273 922.587 541.95 938.522 975.432 338.515 338.242 531.662 262.706 166.834 451.318 753.834 461.601 890.559 462.833 2.039 745.801 446.357 588.529 838.817 275.052 81.886 584.151 651.746 702.097 72.926 891.937 8.63 145.802 285.936 49.136 908.035 189.44 825.34 335.133 903.866 255.848 25.794 384.418 713.609 612.242 642.047 971.12 504.613 851.8 316.534 858.563 720.26 487.985 488.072 925.565
540.475 1000000000.0 515.296 118.587 45.556 659.566 837.798 637.505 990.592 414.707 863.938 424.817 364.793 54.079 574.981 665.517 703.446 923.637 482.658 791.366 575.412 46.398 922.306 13.431 691.519 971.013 569.819 808.752 714.571 273.615 648.173 480.67 498.921 338.242 845.538 68.141 773.606 884.85 182.285 972.195 872.775 174.168 672.233 631.994 766.204 599.92 576.508 693.479 395.937 537.184 403.426 16.555 815.764 387.569 690.998 275.654 171.619 835.068 701.33 494.683 767.717 676.211 892.073 718.51 415.135 139.517 899.317 111.811 336.606 921.2 113.887 372.173 562.016 438.879 50.161 320.217 681.895 335.124 937.262 860.605 621.079 978.81 604.758 64.231 779.846 212.274 695.396 427.477 92.071 548.859 401.427 141.966 602.762 741.319 174.686 834.884 454.365 652.547 662.979 643.308 213.556 860.617 890.972 543.612 486.633 241.549 636.649 395.917 706.54 328.486 892.356 886.448 252.969 132.796 962.667 586.477 942.764 706.886 645.436 721.939 675.665 985.104 185.119 71.777 95.973 839.491 493.979 616.701 455.01 801.343 807.215 330.226 688.849 627.093 241.316 96.165 485.358 428.031 143.877 283.092 650.528 974.424 585.717 677.801 63.061 670.577 283.734 35.052 878.36 204.597 905.933 22.478 969.117 18.92 115.528 393.247 295.827 395.093 614.715 812.204 147.705 922.762 396.387 74.127 812.377 958.318 691.594 122.529 863.379 154.343 920.5 576.104 899.337 901.152 576.263 581.341 879.873 889.813 632.284 871.056 763.823 367.767 459.81 241.231 681.885 855.141 241.242 788.19 99.188 402.047 374.557 306.619 231.851 703.176 159.208 487.751 60.037 960.17 203.255 784.011
545.753 515.296 1000000000.0 878.561 163.145 182.246 814.324 905.97 951.951 268.998 238.859 905.655 668.568 373.085 933.519 892.949 191.707 883.192 646.696 317.439 153.862 882.52 298.758 41.952 860.564 501.365 714.559 686.827 422.351 165.729 834.997 661.705 427.24 740.133 582.716 302.431 203.615 319.051 384.971 441.37 176.034 951.179 285.49 392.517 657.76 410.386 103.568 814.464 851.699 126.667 437.381 799.004 274.982 963.084 337.43 400.881 775.029 141.554 64.222 830.7 136.883 736.496 211.029 472.235 389.196 291.819 311.907 386.402 483.875 579.248 621.941 506.189 589.68 190.608 87.413 344.345 845.259 143.544 464.805 797.557 870.68 126.907 272.083 681.425 827.7 396.03 977.99 883.039 843.079 353.476 691.023 243.328 981.116 649.429 144.571 165.873 59.725 84.976 268.757 51.176 151.129 72.177 398.516 615.449 935.101 670.434 273.375 679.728 750.175 800.714 296.682 438.833 420.64 670.684 650.691 589.602 539.41 700.948 853.096 579.63 389.596 997.941 259.597 821.896 372.186 607.522 558.733 594.837 168.097 654.561 389.447 277.304 152.688 450.808 307.746 229.694 699.834 51.404 394.89 381.034 733.766 476.337 952.686 806.745 408.033 163.712 661.023 837.555 641.126 104.336 170.985 963.342 122.326 886.835 41.028 346.27 936.517 397.667 910.865 436.711 666.656 787.61 120.798 519.876 421.479 630.193 948.149 858.482 937.962 399.954 600.69 650.029 11.811 654.364 471.905 473.007 471.952 705.072 846.648 207.671 261.469 335.452 835.318 513.003 778.65 326.985 677.43 55.161 383.472 66.945 380.224 267.904 373.685 589.588 196.767 14.222 992.175 254.609 545.958 68.067
451.234 118.587 878.561 1000000000.0 81.596 459.92 712.828 258.165 15.235 420.551 30.256 260.066 104.671 619.681 958.641 798.688 297.798 938.34 605.059 938.106 824.94 646.814 19.615 308.523 462.267 614.485 180.398 409.276 943.629 760.916 559.709 693.68 462.3 808.0 913.006 403.657 141.574 728.865 176.458 255.66 819.093 909.596 652.583 623.665 832.873 553.855 786.811 80.642 232.8 483.384 675.636 724.787 108.541 242.097 228.307 684.701 235.332 397.285 64.396 940.448 549.004 963.686 645.44 52.979 988.948 738.245 83.173 165.393 687.189 870.713 929.887 465.498 889.097 873.451 100.456 783.831 685.79 443.686 62.799 597.138 426.049 674.04 286.943 1.522 846.903 172.192 205.008 230.851 243.858 316.072 756.532 658.154 760.029 254.121 995.194 366.954 534.892 713.211 529.76 15.596 914.78 772.949 274.416 356.183 978.623 673.402 368.955 878.088 976.851 572.302 193.708 811.658 471.718 924.566 446.16 91.069 66.695 553.469 809.455 591.215 999.442 259.437 177.987 581.499 202.082 544.845 593.943 27.816 646.276 701.188 202.671 919.193 356.588 292.408 32.473 203.502 772.719 38.971 958.955 310.446 673.53 439.665 343.135 526.104 711.389 448.086 49.328 874.918 463.743 162.627 945.378 331.1 172.105 566.826 489.79 416.077 848.73 741.374 681.24 710.067 566.029 629.61 470.001 600.834 515.204 488.342 535.385 250.743 526.235 971.799 96.569 390.727 408.871 644.691 373.314 71.55 42.773 401.236 659.69 912.869 933.319 867.854 762.091 513.801 880.347 231.676 74.355 262.106 188.373 792.437 528.396 718.961 573.713 756.867 700.538 257.255 216.405 800.256 338.454 212.198
607.812 45.556 163.145 81.596 1000000000.0 704.655 358.196 542.1 277.312 305.603 558.908 525.115 831.813 170.733 57.606 497.31 587.086 772.233 416.762 887.677 134.271 550.337 91.803 684.933 704.158 49.783 430.623 624.126 429.583 49.311 657.05 128.495 966.977 953.685 851.963 374.314 689.75 178.077 270.869 777.756 727.512 6.175 62.89 309.035 856.766 407.977 872.87 818.467 315.945 52.786 479.851 997.603 167.851 268.901 867.161 853.881 828.589 192.115 680.452 202.35 544.103 400.907 320.415 284.424 99.669 879.19 960.383 179.135 23.191 545.938 565.465 534.972 785.928 556.261 709.458 575.421 552.441 67.087 380.424 595.475 547.34 547.139 476.891 995.657 639.29 145.966 622.834 52.203 388.494 163.605 124.156 315.775 428.846 523.983 974.735 473.955 717.253 544.803 497.242 164.213 856.703 548.545 17.913 537.526 446.38 250.924 762.17 223.394 237.329 633.599 193.206 519.234 363.674 637.381 997.171 758.561 26.526 558.883 232.614 732.305 966.175 202.501 502.945 244.603 147.918 282.889 694.833 338.321 621.125 870.864 541.672 902.609 647.837 190.505 825.964 868.059 366.982 699.037 478.739 899.803 690.22 66.293 964.301 499.223 947.342 194.323 793.033 546.458 736.09 165.437 873.355 273.271 781.317 356.989 840.868 108.319 445.271 398.809 356.311 250.996 573.481 361.228 29.887 628.31 197.615 868.328 968.297 737.141 227.009 194.905 977.28 810.194 594.202 808.024 736.859 757.418 970.895 272.64 816.765 779.604 924.222 221.006 260.639 272.831 845.406 632.826 66.632 383.204 772.903 399.063 161.021 643.727 823.797 238.769 466.696 204.214 735.681 25.476 288.675 248.138
670.455 659.566 182.246 459.92 704.655 1000000000.0 270.505 506.426 715.699 976.74 953.815 83.024 932.873 428.225 148.713 967.114 858.156 552.489 698.777 41.458 197.664 656.865 701.844 689.651 546.553 611.23 978.523 260.714 890.848 763.352 308.46 990.259 87.042 381.418 616.906 675.249 557.332 210.649 197.67 170.636 601.183 469.888 816.242 965.811 815.646 353.881 274.142 245.544 276.23 777.179 367.898 612.277 203.173 951.99 349.632 113.312 798.963 790.483 946.509 94.502 683.122 563.942 391.206 165.675 802.513 671.845 603.549 404.181 339.923 983.239 538.855 922.997 113.959 442.825 778.545 791.545 984.248 904.633 534.624 764.545 60.083 196.741 945.974 143.429 842.774 288.453 990.55 366.003 130.272 251.152 545.512 159.074 72.577 974.434 770.071 679.877 713.455 726.431 567.808 111.653 113.581 977.749 982.413 398.794 709.333 552.985 201.183 615.105 829.25 779.289 927.698 484.741 478.544 907.935 610.508 888.716 147.067 463.854 494.984 237.702 889.286 86.742 354.873 383.569 753.172 950.816 772.394 582.936 662.139 790.44 593.068 996.881 436.802 758.611 148.796 505.836 24.994 546.646 46.507 563.162 97.724 886.653 774.755 932.4 210.787 516.161 132.798 399.518 768.899 343.285 402.414 340.441 842.488 758.806 75.223 917.686 135.894 155.383 52.218 576.392 694.102 673.353 720.562 164.01 390.835 657.835 379.428 645.205 300.08 478.182 712.639 400.045 167.971 990.989 573.19 237.649 799.486 986.996 606.391 864.532 892.825 474.589 613.148 66.071 528.124 877.466 957.342 523.907 814.726 237.453 979.567 911.573 231.929 44.905 210.828 579.935 475.369 709.088 591.356 716.162
618.167 837.798 814.324 712.828 358.196 270.505 1000000000.0 931.334 368.373 822.482 848.738 655.873 971.738 854.967 997.749 912.236 113.936 221.201 851.235 837.472 476.632 313.002 482.18 337.306 386.988 188.128 879.49 603.645 40.96 776.231 494.257 714.794 290.492 827.498 198.993 982.687 683.462 713.805 621.881 153.109 497.39 897.539 557.061 997.798 568.537 634.305 919.927 174.658 749.28 549.335 56.086 63.44 82.655 780.588 98.951 306.526 542.153 462.411 25.527 595.326 987.561 372.125 79.367 931.396 928.356 203.636 341.02 618.402 514.907 661.242 626.377 683.44 692.988 502.271 763.779 511.451 888.083 115.081 188.697 623.423 82.401 98.249 153.626 342.939 698.907 282.613 297.969 816.483 484.208 345.356 196.595 988.745 544.402 897.543 408.272 858.11 278.647 149.766 943.441 568.134 711.798 592.952 890.97 319.503 221.417 206.05 597.097 772.485 276.573 899.81 5.051 366.098 46.011 348.801 296.229 599.42 462.594 289.123 411.008 558.227 687.655 821.081 93.507 256.448 409.996 859.522 26.389 507.81 479.923 402.373 611.906 469.883 791.67 324.11 404.514 724.251 7.981 243.706 391.139 812.596 881.979 293.407 407.856 954.964 388.062 809.912 681.675 159.599 41.51 535.042 849.213 367.73 987.676 248.744 136.889 892.7 685.541 204.442 657.597 326.857 568.383 830.391 886.736 579.64 864.05 765.619 896.972 986.59 983.13 706.536 64.726 221.979 214.382 216.307 848.439 872.75 818.537 749.874 773.89 649.565 826.96 407.209 346.022 972.221 987.819 825.597 989.971 290.892 91.903 803.781 896.718 600.563 219.437 399.172 786.514 369.189 836.807 109.483 36.31 42.527
547.329 637.505 905.97 258.165 542.1 506.426 931.334 1000000000.0 422.45 301.029 425.141 673.461 553.387 303.273 33.964 822.447 32.44 744.411 89.057 175.677 425.156 150.788 796.331 128.927 639.614 211.926 775.706 799.323 542.42 736.507 21.213 912.936 955.404 869.842 502.002 263.261 703.937 594.99 586.138 266.143 853.392 568.463 456.898 590.297 381.103 648.175 285.007 617.774 280.376 136.135 884.648 674.581 10.561 609.003 58.075 522.782 710.941 207.475 56.589 78.926 672.559 823.179 954.229 344.965 763.813 362.148 671.174 33.442 698.526 308.038 584.295 258.943 153.541 618.028 355.469 401.399 319.649 321.814 455.475 789.735 600.224 388.304 314.412 877.329 587.034 968.005 752.274 84.144 13.903 128.167 342.833 486.937 754.089 62.22 208.811 541.928 518.899 211.589 324.784 411.82 401.5 501.322 656.721 662.853 536.892 619.537 937.202 409.324 623.097 293.994 215.127 985.342 436.562 465.68 218.586 97.211 663.54 396.515 32.477 720.102 772.588 401.145 373.098 958.76 553.018 673.389 361.568 153.911 386.976 36.312 882.904 28.89 951.855 102.1 710.213 405.476 171.688 354.496 167.759 406.75 231.481 638.331 836.168 622.352 289.997 129.497 21.805 900.437 408.577 80.407 622.927 129.653 715.473 796.815 476.916 718.113 623.904 418.961 9.03 818.338 556.795 348.168 697.246 436.149 587.413 23.189 980.555 591.025 87.226 671.96 552.901 3.498 314.886 387.681 215.669 676.319 878.714 935.104 64.815 707.034 263.267 159.854 564.904 128.812 113.765 817.173 332.037 328.662 521.352 160.78 551.174 762.826 576.404 872.469 573.69 556.089 226.286 488.349 65.503 96.64
267.845 990.592 951.951 15.235 277.312 715.699 368.373 422.45 1000000000.0 23.119 117.914 749.133 294.887 17.117 159.574 800.108 391.704 975.823 109.514 351.062 65.601 725.303 183.078 143.601 341.005 91.796 17.403 900.548 801.654 467.197 992.425 54.392 568.036 717.436 971.36 638.839 10.655 372.956 889.814 194.778 628.081 674.644 897.129 771.743 828.206 79.906 795.286 230.419 553.47 731.923 864.26 4.155 824.419 634.487 153.05 986.593 449.274 689.138 279.35 516.572 589.724 566.725 33.372 692.889 443.594 31.591 965.107 716.058 6.391 57.428 845.575 740.17 762.483 756.003 824.813 455.737 649.682 586.451 579.054 358.47 210.227 797.697 425.787 659.09 600.443 471.461 495.62 678.995 832.408 482.659 313.904 547.891 325.455 747.157 425.978 446.324 521.55 205.64 63.549 807.183 208.879 712.601 867.252 667.686 460.298 839.634 483.63 82.686 499.247 920.677 448.581 776.432 271.544 447.285 560.773 537.08 996.496 956.067 637.185 248.383 445.377 792.94 984.751 761.866 740.569 638.917 94.854 417.779 989.229 390.082 911.929 64.129 556.246 749.153 784.494 673.649 467.527 93.154 857.89 91.423 949.088 424.076 49.265 663.226 702.147 626.395 242.972 893.359 556.682 400.708 696.074 782.235 163.155 409.194 76.295 402.78 651.013 683.612 94.0 839.275 3.822 767.719 409.075 292.241 707.11 597.022 812.75 711.064 524.095 86.302 62.936 452.91 32.055 587.917 986.759 949.498 455.582 584.249 442.834 155.086 903.214 267.64 876.491 435.147 470.657 226.382 348.62 109.004 108.581 473.335 116.711 506.796 763.946 748.929 817.362 665.038 533.373 141.448 135.751 951.177
278.297 414.707 268.998 420.551 305.603 976.74 822.482 301.029 23.119 1000000000.0 114.525 185.743 86.056 874.6 651.926 117.867 740.078 596.619 745.968 600.278 345.002 163.381 66.25 274.431 251.476 875.779 981.35 256.872 78.832 904.357 590.275 231.071 455.756 901.358 488.769 131.781 151.903 599.322 299.846 187.761 278.691 809.561 466.791 944.462 995.045 877.488 746.466 714.519 566.725 763.467 194.183 990.508 363.112 101.342 944.979 823.804 911.764 488.891 233.109 411.372 82.0 767.668 887.203 85.211 945.776 82.107 185.971 90.855 724.033 143.069 364.889 205.301 94.173 444.823 935.707 657.301 749.904 323.72 811.419 957.23 244.58 575.236 134.48 663.032 409.138 703.414 523.023 710.099 702.073 824.656 222.295 295.484 558.887 209.926 443.798 815.842 469.567 902.195 911.469 341.812 964.922 792.965 583.7 569.999 252.124 875.118 829.876 504.005 281.9 313.272 643.013 956.384 969.181 818.737 551.342 181.985 361.407 747.009 698.322 191.217 254.166 847.007 399.608 718.299 292.537 957.268 198.683 352.009 180.87 149.505 131.824 708.105 934.558 625.989 723.238 333.352 381.604 98.374 896.18 805.658 215.553 285.198 28.886 832.849 419.081 735.19 196.421 752.711 857.408 446.113 791.671 271.44 591.209 414.591 391.264 240.078 421.185 824.693 135.829 680.199 474.373 399.367 768.65 847.368 474.367 338.108 461.523 380.492 173.818 180.204 811.295 423.047 140.106 147.937 110.666 179.819 232.95 370.423 42.831 676.335 559.799 866.939 802.824 389.088 692.537 721.382 387.559 293.481 156.054 486.52 776.94 611.093 602.438 750.763 355.05 52.247 22.609 697.569 142.455 8.911
83.303 863.938 238.859 30.256 558.908 953.815 848.738 425.141 117.914 114.525 1000000000.0 598.712 886.145 488.849 219.71 84.132 835.948 194.337 490.294 78.451 522.934 6.935 414.904 365.618 856.598 307.825 129.131 307.167 61.319 176.463 238.415 426.523 676.233 109.594 764.8 387.763 723.751 853.219 347.811 798.25 551.265 525.169 948.839 989.865 125.259 320.229 913.124 501.49 985.226 411.583 180.922 760.416 500.404 644.809 935.433 864.995 566.347 797.396 933.825 357.396 896.05 815.363 477.863 62.082 554.232 796.679 108.964 528.081 710.282 33.46 661.517 687.44 506.346 832.555 680.511 253.844 699.428 693.02 691.559 476.914 11.186 398.775 515.948 897.053 416.458 981.414 512.663 776.746 61.756 752.028 811.332 261.178 874.477 698.453 329.772 547.583 130.303 220.332 613.884 230.961 259.406 803.137 545.23 915.307 746.183 904.608 929.35 340.137 946.044 118.538 724.457 986.927 164.978 778.621 18.324 404.534 190.673 355.902 305.401 780.822 609.013 1.607 21.575 565.703 764.507 191.876 696.139 918.601 692.684 304.242 159.787 587.712 437.663 498.34 17.967 443.56 241.702 796.313 912.252 812.006 740.202 440.06 23.061 711.459 397.06 772.213 135.477 898.871 857.536 983.593 476.806 597.554 255.265 245.159 56.378 527.452 107.636 734.159 830.846 884.96 327.698 945.905 616.881 754.495 619.6 641.866 33.712 975.743 778.754 936.444 51.256 907.144 589.064 810.091 441.244 293.658 409.799 376.603 375.532 184.794 641.449 8.089 21.864 881.06 595.718 870.331 994.443 672.599 174.858 212.467 89.195 350.973 714.125 177.476 953.237 397.456 817.618 712.689 25.476 287.988
697.194 424.817 905.655 260.066 525.115 83.024 655.873 673.461 749.133 185.743 598.712 1000000000.0 767.493 660.365 7.124 791.509 209.21 996.414 918.742 324.139 98.318 117.75 921.172 609.141 855.916 577.719 685.82 222.324 121.073 2.811 258.766 345.292 430.542 760.268 915.602 895.296 941.634 924.352 215.792 921.917 548.582 496.677 868.408 77.764 399.395 761.773 879.434 488.753 967.478 315.73 875.965 912.843 643.783 193.984 150.714 348.043 947.345 937.844 508.743 977.666 832.749 16.896 274.856 797.609 463.191 297.698 900.644 413.756 126.03 314.186 544.73 423.493 895.992 239.984 876.97 135.792 339.489 478.295 408.28 985.324 597.699 3.045 245.625 141.251 498.491 649.582 898.344 810.675 222.834 189.165 817.783 562.128 262.793 827.518 187.213 36.861 181.039 802.906 603.071 478.789 475.016 573.757 280.978 801.452 555.326 152.817 200.762 64.952 904.514 342.981 580.192 637.78 786.3 359.514 386.954 859.644 237.592 105.014 767.527 10.814 72.608 859.7 506.57 427.05 971.503 865.857 853.57 709.569 777.919 24.707 917.062 7.267 282.904 388.727 252.79 760.618 531.484 621.569 562.341 213.263 694.149 363.648 197.287 174.296 86.074 999.337 334.197 450.465 43.709 265.945 720.742 230.226 302.257 348.26 889.972 111.32 467.299 722.789 31.641 275.148 756.452 363.76 220.435 852.586 649.117 150.567 790.662 524.172 643.98 108.357 330.738 772.598 523.891 463.114 872.822 31.762 448.929 26.13 197.571 612.213 942.213 605.875 199.261 734.443 808.95 805.325 586.379 583.097 376.454 10.419 45.383 886.823 852.892 622.921 510.87 15.36 728.664 592.532 553.528 733.937
79.064 364.793 668.568 104.671 831.813 932.873 971.738 553.387 294.887 86.056 886.145 767.493 1000000000.0 289.33 819.928 178.502 400.663 830.247 559.442 909.157 360.36 282.122 241.467 71.948 924.712 119.053 674.068 446.404 348.334 913.113 141.505 389.175 507.25 108.649 526.672 946.065 727.265 880.86 60.01 984.364 592.923 787.478 137.911 798.006 747.723 990.335 288.225 895.16 214.486 277.741 319.549 752.77 222.567 79.942 170.139 589.471 388.585 457.246 815.82 774.33 444.506 31.032 184.677 879.045 564.815 976.095 243.61 677.274 639.079 178.242 655.106 241.889 579.197 653.752 418.904 721.645 409.75 75.604 308.279 802.215 430.272 987.912 442.406 145.587 699.55 708.026 429.792 606.718 896.411 598.901 545.766 773.233 170.539 991.574 512.833 51.995 527.818 518.461 386.104 877.009 117.031 504.487 255.115 914.491 519.708 999.841 661.653 740.987 416.412 13.439 594.768 705.217 663.427 776.51 836.446 209.15 887.493 51.124 51.79 176.51 993.297 55.358 32.758 136.775 499.922 406.062 295.79 171.381 992.392 975.342 952.629 166.875 408.248 548.936 885.785 710.201 753.022 459.145 139.125 841.701 949.401 536.171 639.239 125.508 742.733 965.602 16.232 877.907 894.872 455.046 479.287 253.885 12.981 349.918 934.994 341.052 429.145 413.173 894.347 985.416 102.101 734.732 322.647 547.487 383.168 683.46 208.821 74.597 691.218 330.835 580.449 371.515 626.009 414.258 119.246 769.821 209.927 476.501 182.971 721.455 440.384 483.783 674.739 276.972 34.304 454.57 958.551 171.957 161.039 907.914 667.92 764.264 352.304 926.58 553.155 625.147 739.582 217.058 69.244 495.375
171.535 54.079 373.085 619.681 170.733 428.225 854.967 303.273 17.117 874.6 488.849 660.365 289.33 1000000000.0 348.901 676.033 365.81 191.116 752.275 99.506 963.124 946.241 802.021 546.97 575.111 227.41 919.902 92.543 11.368 787.887 518.576 511.32 31.806 225.297 499.348 463.213 68.364 522.7 704.221 332.66 303.622 575.97 805.167 152.727 825.633 377.743 254.782 545.348 746.373 209.681 766.048 529.611 617.757 132.928 264.215 903.7 153.186 845.886 900.672 813.538 265.881 638.37 726.262 160.924 967.428 29.442 792.696 244.297 687.945 297.747 606.95 377.339 158.268 444.325 115.83 51.592 469.247 895.172 46.033 976.289 823.709 608.217 179.543 28.791 451.613 955.327 268.241 188.857 309.885 249.033 821.683 696.525 600.149 316.791 872.189 204.983 590.394 669.739 836.569 980.908 41.472 841.165 93.017 932.544 307.036 812.519 31.297 283.652 109.252 297.877 946.463 387.403 140.318 139.067 444.833 795.689 412.168 960.22 254.896 837.09 164.075 381.828 996.842 98.162 440.426 822.448 125.758 821.379 454.276 416.621 14.149 535.096 167.032 834.04 623.733 568.533 266.783 563.132 797.332 793.301 770.336 917.106 525.892 682.344 757.25 779.765 63.751 237.853 936.128 218.749 558.552 869.457 300.191 382.377 111.855 376.71 303.993 910.505 986.514 965.495 731.676 140.143 156.017 440.929 544.853 966.629 159.182 84.141 654.737 623.032 165.672 495.148 169.21 245.453 563.954 42.111 855.179 864.864 857.157 286.667 117.848 979.448 536.84 323.96 513.571 265.881 862.205 290.845 606.838 838.464 763.552 83.504 787.508 563.77 376.3 438.838 787.278 118.158 97.221 814.74
631.911 574.981 933.519 958.641 57.606 148.713 997.749 33.964 159.574 651.926 219.71 7.124 819.928 348.901 1000000000.0 252.908 4.668 176.42 764.189 141.909 979.223 226.239 536.035 148.361 585.979 873.599 185.741 370.36 170.658 992.297 117.411 869.161 345.662 791.976 511.33 826.836 581.095 741.795 518.25 927.409 127.675 566.197 143.409 432.914 194.699 986.007 446.473 23.2 99.8 707.677 124.666 274.535 816.413 383.986 61.34 23.407 428.09 714.581 858.872 845.376 853.752 588.887 635.835 352.127 982.705 298.459 933.657 470.858 99.008 277.327 57.793 561.258 724.57 74.889 898.047 598.312 377.752 331.971 786.096 569.553 20.809 704.923 232.648 153.299 961.018 580.044 481.0 906.537 618.949 318.07 665.889 128.384 29.725 309.483 437.733 181.447 599.201 540.369 842.238 745.159 181.721 477.859 498.071 626.017 492.796 897.256 669.378 381.632 247.956 820.303 452.779 358.853 725.327 303.835 416.142 335.291 830.766 452.682 153.224 31.158 900.448 866.767 239.297 619.461 724.369 403.746 905.352 923.335 117.18 136.59 886.166 205.13 741.605 432.094 845.964 372.006 158.688 906.193 189.124 632.155 563.155 532.944 677.302 893.07 196.763 127.068 415.843 405.838 213.674 610.685 444.285 76.388 692.716 6.343 105.214 97.891 813.592 900.759 99.311 137.049 30.188 72.695 592.682 339.925 504.661 252.349 444.776 872.173 986.133 705.634 896.453 825.491 727.544 732.693 260.771 683.472 779.322 489.753 838.936 633.126 191.479 383.139 388.343 125.454 149.834 528.931 113.616 920.653 313.747 477.288 494.224 324.957 533.914 624.607 592.529 568.335 708.764 865.713 605.292 179.471
948.373 665.517 892.949 798.688 497.31 967.114 912.236 822.447 800.108 117.867 84.132 791.509 178.502 676.033 252.908 1000000000.0 370.41 824.118 105.638 390.307 187.716 247.258 403.608 68.408 835.79 137.313 974.189 790.444 526.204 298.101 590.438 445.392 121.565 831.116 851.815 899.935 851.305 956.055 631.548 497.538 187.031 840.635 655.566 287.998 632.337 337.787 581.796 19.479 137.627 29.613 110.303 396.904 403.951 173.851 161.571 13.963 614.306 460.343 48.612 99.405 974.606 445.563 70.201 696.748 58.184 434.631 494.478 948.801 712.851 311.741 387.708 813.763 602.394 732.47 310.164 903.944 226.226 231.25 143.994 719.939 741.095 547.593 975.322 282.232 894.266 302.974 141.729 875.944 441.36 578.681 450.425 884.146 689.395 863.283 214.38 950.269 669.254 3.785 692.694 129.605 23.877 371.662 355.769 724.762 273.032 400.835 221.794 752.585 732.052 567.443 603.206 801.348 452.632 985.665 468.548 304.71 783.161 476.643 996.382 988.657 423.9 890.68 208.003 761.461 238.59 583.272 836.245 415.917 515.611 465.198 816.609 176.693 25.063 18.127 985.375 780.512 91.774 710.747 175.792 975.921 973.58 921.765 124.103 329.953 732.75 955.958 685.227 197.561 764.836 817.59 408.368 212.769 92.727 986.026 516.018 728.25 28.242 246.063 391.737 313.053 60.988 825.182 857.603 170.864 767.405 545.691 643.261 436.153 944.747 909.824 485.63 395.674 222.56 750.824 520.829 686.191 787.042 300.206 80.649 70.956 394.887 893.137 580.437 517.015 928.959 734.274 840.748 742.935 694.955 59.25 186.025 185.868 174.711 311.021 885.221 662.968 383.174 792.374 539.128 633.258
37.946 703.446 191.707 297.798 587.086 858.156 113.936 32.44 391.704 740.078 835.948 209.21 400.663 365.81 4.668 370.41 1000000000.0 660.761 751.825 93.902 649.883 470.397 218.231 89.02 894.418 915.349 43.093 14.422 485.253 148.49 813.314 196.217 757.154 176.866 99.854 820.076 796.21 432.54 747.431 852.983 731.105 635.397 453.177 713.769 194.109 156.656 694.637 529.036 371.151 322.002 89.322 231.8 792.094 172.491 315.894 144.111 969.989 39.174 838.404 345.323 325.646 469.042 391.549 434.771 643.88 254.626 834.405 390.257 656.24 369.695 250.062 178.817 635.213 245.703 54.204 137.996 990.382 922.523 670.152 600.528 411.405 701.668 350.698 211.891 725.215 508.523 651.948 462.324 14.047 338.629 655.433 83.094 391.537 560.535 631.611 141.84 142.906 642.999 421.534 814.068 176.727 773.046 192.765 274.209 810.253 379.802 40.28 95.431 998.619 143.891 490.697 453.783 441.711 519.479 481.275 172.009 57.727 178.321 461.636 892.617 55.172 348.315 353.96 819.17 14.414 710.766 722.867 650.231 464.417 981.337 179.055 500.125 205.448 565.67 809.351 782.472 795.092 702.985 370.955 182.978 414.075 495.845 805.119 956.621 274.663 663.787 31.072 769.053 685.831 914.304 862.67 339.842 118.38 214.967 978.034 104.155 90.869 177.967 98.163 63.581 447.356 382.758 727.02 863.734 361.753 650.096 885.308 788.93 374.448 584.272 999.178 656.992 261.289 627.787 260.482 19.955 152.291 249.69 13.609 192.396 506.917 946.638 642.54 519.803 698.819 278.422 259.775 556.118 282.846 566.17 679.909 321.119 979.007 624.146 372.926 504.22 831.426 773.124 711.06 422.096
736.301 923.637 883.192 938.34 772.233 552.489 221.201 744.411 975.823 596.619 194.337 996.414 830.247 191.116 176.42 824.118 660.761 1000000000.0 822.459 317.339 310.547 778.35 636.202 377.515 209.278 294.867 965.416 845.795 436.156 864.442 435.402 853.68 242.956 151.423 687.512 150.834 460.689 698.464 221.425 564.356 918.504 4.969 35.831 496.279 785.773 246.424 921.918 543.356 31.776 465.53 830.318 282.823 643.058 507.95 936.533 873.274 851.434 925.814 782.437 834.718 243.247 507.783 950.067 947.432 145.927 284.352 33.435 572.717 392.295 724.93 505.083 628.186 206.137 259.18 479.791 198.107 746.195 3.453 475.02 562.357 877.701 892.648 327.983 503.484 835.588 502.958 771.542 955.582 818.277 566.795 676.076 474.436 641.782 895.985 186.361 420.713 995.789 628.772 117.508 276.389 113.88 903.722 625.867 846.683 880.22 448.293 368.816 934.844 541.996 968.57 934.767 556.016 294.389 134.954 243.675 255.852 962.389 488.484 873.359 734.407 749.681 500.121 76.967 481.713 493.867 204.79 888.474 597.651 561.862 230.051 343.801 556.223 248.894 289.3 759.626 316.055 76.398 186.388 139.533 342.711 308.233 631.749 395.222 890.093 109.847 68.588 767.928 238.811 916.14 612.261 78.779 283.269 187.789 570.578 370.757 276.481 794.281 966.335 168.169 633.772 977.165 398.742 473.524 576.807 391.725 450.904 308.388 890.76 101.541 39.704 198.579 452.404 185.009 376.599 751.01 848.662 264.059 421.702 636.345 797.51 361.748 793.8 422.169 174.217 690.365 475.933 759.046 63.783 202.405 830.489 838.581 949.878 508.843 768.421 500.306 124.125 963.474 290.51 617.413 342.287
836.326 482.658 646.696 605.059 416.762 698.777 851.235 89.057 109.514 745.968 490.294 918.742 559.442 752.275 764.189 105.638 751.825 822.459 1000000000.0 55.568 963.791 149.036 633.722 574.409 421.205 455.204 974.963 46.282 112.591 807.167 539.95 604.171 55.174 790.738 40.22 39.562 968.31 832.4 951.809 782.225 82.766 142.327 386.61 706.284 322.161 530.781 915.019 634.455 334.482 113.433 675.546 878.012 501.795 416.661 664.246 240.294 673.58 149.251 581.396 761.68 345.777 800.84 320.53 899.632 616.475 493.157 172.349 524.173 724.585 199.357 978.039 623.594 864.581 235.372 29.88 648.422 845.698 937.343 973.68 119.9 852.026 329.285 588.095 665.74 800.943 832.605 269.45 542.74 928.424 12.254 480.344 990.875 984.045 796.058 921.312 159.429 716.837 516.042 219.636 560.618 508.528 204.712 242.376 723.05 185.803 544.749 392.913 569.23 183.371 533.578 882.038 411.05 914.092 875.05 121.071 298.817 877.398 519.242 340.455 330.099 432.988 985.386 212.732 126.533 248.237 480.172 716.682 232.712 901.349 495.831 304.712 629.666 962.395 373.189 511.496 873.8 799.413 270.093 518.131 523.32 687.702 184.976 605.284 601.803 968.062 681.946 97.583 850.068 639.668 526.969 538.652 37.136 461.133 97.447 89.37 592.352 288.166 908.786 293.279 612.942 438.508 666.546 486.59 319.754 82.579 157.049 108.561 917.03 648.489 938.204 173.386 721.235 37.172 891.932 759.153 771.02 662.704 400.88 23.811 364.648 725.112 249.356 831.23 369.149 192.798 503.163 118.899 452.298 212.421 574.873 646.568 62.777 642.155 146.082 527.467 874.475 954.47 292.246 754.588 680.981
608.771 791.366 317.439 938.106 887.677 41.458 837.472 175.677 351.062 600.278 78.451 324.139 909.157 99.506 141.909 390.307 93.902 317.339 55.568 1000000000.0 764.76 90.898 75.485 594.221 930.31 467.507 523.611 330.323 393.543 566.995 31.274 221.72 280.329 371.131 600.447 55.983 290.338 305.526 554.501 252.568 466.344 851.88 738.182 912.533 971.392 191.358 746.281 456.229 679.408 137.353 61.01 905.573 425.004 177.116 512.744 908.354 828.965 272.225 765.127 346.83 845.015 663.52 219.209 809.485 833.028 559.028 13.97 388.543 286.563 782.939 870.365 689.674 595.224 859.008 578.667 663.269 349.218 973.83 803.554 325.367 381.435 181.763 257.249 130.361 638.892 536.145 566.362 560.75 466.948 172.463 799.598 547.988 764.337 734.827 91.586 918.261 799.475 858.217 209.544 336.468 207.88 167.874 465.188 292.475 388.461 873.994 954.297 663.21 560.124 751.023 765.051 373.822 678.865 552.692 264.331 330.558 140.78 579.361 49.231 92.628 17.713 80.366 996.777 32.373 538.777 143.941 170.784 340.216 525.106 339.369 436.512 435.792 609.474 34.81 278.162 5.069 731.294 168.296 629.658 397.364 599.908 990.412 777.832 24.439 501.563 823.265 198.957 228.528 582.953 408.255 477.034 680.732 107.041 769.611 164.064 228.865 347.875 48.966 470.439 927.095 31.116 29.497 463.669 451.341 772.044 850.783 10.961 390.12 208.167 127.02 698.436 831.275 872.487 906.598 398.645 693.731 369.154 336.444 393.235 809.774 273.887 322.844 761.535 937.686 787.327 40.713 633.628 561.857 288.303 970.355 77.437 660.976 993.799 718.41 958.863 80.85 780.676 978.322 865.368 709.658
992.179 575.412 153.862 824.94 134.271 197.664 476.632 425.156 65.601 345.002 522.934 98.318 360.36 963.124 979.223 187.716 649.883 310.547 963.791 764.76 1000000000.0 686.712 26.089 672.195 138.127 323.388 344.706 492.229 302.285 622.788 215.682 272.123 150.169 379.097 650.451 629.287 610.165 9.449 233.502 828.807 43.433 165.93 941.437 196.397 96.8 915.133 294.1 294.336 779.396 500.284 135.056 188.122 775.246 14.347 13.621 227.957 47.154 911.617 381.774 976.887 625.379 120.7 908.05 843.888 182.962 499.552 358.503 690.202 157.767 581.023 841.858 155.821 299.352 881.02 303.463 125.986 357.315 294.388 754.574 990.473 514.203 803.372 505.861 73.664 953.128 331.379 912.446 130.708 326.33 239.615 424.457 769.663 140.492 248.856 71.367 247.672 13.801 310.905 287.449 289.478 907.305 885.67 820.206 636.043 419.473 245.385 665.113 871.267 972.408 457.592 471.704 587.984 301.514 593.943 662.587 700.254 216.283 765.447 388.457 505.483 629.906 68.252 813.228 120.143 503.546 608.962 107.635 397.55 117.414 861.015 292.114 531.972 687.722 624.461 151.447 433.424 171.007 735.76 551.934 238.716 791.489 60.533 18.398 93.838 611.161 332.931 538.863 382.14 559.463 340.315 325.287 466.774 408.322 868.702 929.442 103.568 71.56 407.314 636.942 994.119 797.874 588.687 176.819 503.954 485.294 235.338 124.403 467.126 730.735 202.838 129.433 92.674 664.075 170.809 652.934 891.141 729.937 958.609 545.081 976.423 598.369 93.585 802.36 711.251 142.964 813.924 866.912 231.08 18.994 877.814 992.048 345.179 743.176 634.264 525.767 856.775 739.224 135.912 753.756 618.974
12.29 46.398 882.52 646.814 550.337 656.865 313.002 150.788 725.303 163.381 6.935 117.75 282.122 946.241 226.239 247.258 470.397 778.35 149.036 90.898 686.712 1000000000.0 8.996 991.804 313.131 511.946 752.254 279.007 765.557 721.69 59.891 455.122 582.677 925.74 797.043 252.458 645.549 307.685 825.269 263.535 602.181 63.982 17.493 123.438 980.797 935.42 75.394 714.79 651.544 870.9 323.111 614.855 883.782 43.188 224.159 771.524 269.188 787.908 307.174 509.045 823.204 834.24 800.293 87.91 193.709 85.102 684.981 54.834 362.361 896.79 244.038 786.287 885.27 195.64 27.706 283.025 406.508 522.267 972.835 353.963 872.686 550.885 664.559 586.15 620.381 362.367 917.0 999.149 873.359 456.091 989.57 739.164 154.434 560.417 275.079 4.582 446.076 369.922 336.664 954.826 176.862 695.056 879.723 163.505 711.54 721.795 981.504 474.036 675.159 436.86 711.319 596.059 621.46 694.469 554.176 165.706 699.013 487.948 201.628 598.598 11.246 158.408 184.095 53.427 444.341 784.568 75.437 620.447 256.682 528.66 780.037 852.387 493.118 174.489 160.838 512.331 806.704 233.558 168.472 727.801 296.081 629.975 214.793 443.816 238.921 63.403 404.884 658.08 649.583 931.365 158.273 629.128 468.356 728.611 390.912 891.94 542.388 139.836 104.293 206.334 603.891 927.291 428.861 139.646 365.355 599.884 798.528 89.295 587.997 106.881 689.231 921.801 189.258 395.739 28.466 288.621 857.443 535.656 327.924 389.99 954.589 139.444 160.792 779.077 23.554 587.878 209.169 801.233 887.004 673.322 861.345 432.725 418.297 812.099 56.812 180.888 426.415 287.873 903.516 618.725
302.849 922.306 298.758 19.615 91.803 701.844 482.18 796.331 183.078 66.25 414.904 921.172 241.467 802.021 536.035 403.608 218.231 636.202 633.722 75.485 26.089 8.996 1000000000.0 478.587 440.413 320.421 899.441 888.587 788.853 660.073 784.198 490.296 987.846 455.716 466.992 244.988 628.601 299.884 902.219 277.564 322.79 80.09 93.833 226.511 584.242 818.005 328.491 717.497 969.333 387.25 183.765 683.283 589.79 558.382 533.378 36.391 200.195 638.157 369.521 141.051 90.145 332.754 536.532 881.127 830.5 436.588 261.576 458.04 491.259 955.825 94.844 826.159 472.146 753.05 654.128 823.621 468.075 782.888 389.056 882.093 19.001 33.792 900.967 604.158 629.82 89.923 927.05 393.356 567.186 700.268 794.495 839.722 83.437 49.265 511.957 404.946 344.732 376.596 140.449 667.589 695.273 871.162 472.486 152.467 418.575 163.842 966.223 775.372 938.798 173.915 104.92 714.82 563.573 981.689 734.656 905.033 875.938 607.231 805.303 118.362 245.641 833.721 623.925 676.394 936.764 817.931 963.099 129.62 962.32 617.224 158.789 27.455 977.879 374.044 136.501 236.647 791.292 325.885 441.215 249.333 878.51 734.038 208.813 456.745 687.146 151.263 216.659 35.318 837.773 36.474 976.7 691.387 934.043 540.707 606.53 590.417 899.035 383.951 106.886 758.205 168.83 990.169 546.232 841.937 448.455 516.79 715.129 590.662 39.881 751.848 88.71 718.212 932.973 640.249 505.264 557.757 324.244 136.03 895.468 280.5 881.681 372.816 856.212 554.602 54.371 391.441 508.526 656.777 856.772 780.846 915.291 756.054 83.516 561.376 858.485 263.735 311.22 266.219 16.08 565.862
971.56 13.431 41.952 308.523 684.933 689.651 337.306 128.927 143.601 274.431 365.618 609.141 71.948 546.97 148.361 68.408 89.02 377.515 574.409 594.221 672.195 991.804 478.587 1000000000.0 130.065 74.86 293.11 136.792 590.936 153.097 396.712 837.072 138.307 836.537 198.72 833.137 653.926 478.853 66.16 355.732 97.456 700.659 689.333 175.472 654.347 140.616 811.785 821.061 112.627 712.18 110.377 748.74 50.833 712.891 923.821 826.107 915.966 99.802 189.783 116.697 49.607 821.114 857.8 447.547 524.715 43.597 513.944 789.38 888.985 7.427 842.808 653.332 210.103 59.12 345.464 115.567 966.989 898.437 101.215 177.178 229.073 681.989 821.667 62.716 625.591 895.788 385.536 956.714 482.943 323.364 725.012 808.549 554.076 199.673 304.974 127.795 566.967 714.177 663.027 425.671 869.801 85.561 352.804 701.022 381.45 439.132 928.517 800.736 293.09 971.874 915.65 213.566 287.861 922.523 755.348 758.262 918.672 187.621 915.804 702.548 41.831 496.301 729.167 250.699 456.179 180.457 327.222 458.148 533.015 314.464 260.465 169.033 198.419 669.634 438.402 122.013 1.013 759.266 925.771 935.154 119.546 896.916 514.099 588.046 101.843 360.795 627.941 904.762 372.345 426.249 327.21 221.119 772.647 757.107 119.872 362.476 406.936 888.841 893.912 950.797 367.18 976.607 265.009 101.603 504.871 704.48 672.684 768.977 243.283 200.657 751.427 912.792 534.598 273.106 308.099 491.933 308.216 508.937 954.153 622.927 239.652 304.808 184.416 922.762 735.773 894.214 499.212 444.572 17.102 203.542 864.462 2.94 589.587 678.692 224.745 734.168 60.028 420.591 900.171 481.299
548.766 691.519 860.564 462.267 704.158 546.553 386.988 639.614 341.005 251.476 856.598 855.916 924.712 575.111 585.979 835.79 894.418 209.278 421.205 930.31 138.127 313.131 440.413 130.065 1000000000.0 658.228 688.014 425.419 289.533 234.787 459.035 398.038 426.393 331.603 989.51 919.707 907.028 115.173 35.032 732.766 670.037 378.723 616.854 984.018 664.453 302.811 252.589 38.457 748.277 291.876 570.58 28.959 779.16 677.038 863.183 345.037 730.939 789.0 241.065 289.572 905.849 46.84 802.81 950.011 832.38 833.517 437.7 126.749 312.887 755.893 577.116 308.067 7.929 291.846 659.838 337.674 373.454 286.258 578.292 554.215 750.242 395.683 949.751 227.021 92.964 263.617 450.175 516.335 301.224 946.765 832.882 636.134 884.183 233.355 234.372 55.987 166.532 5.956 487.003 812.451 243.007 419.449 748.851 415.114 349.547 367.104 83.402 722.755 42.459 938.954 639.781 726.984 167.625 307.003 514.828 931.577 904.196 587.139 379.223 13.183 523.645 125.747 790.799 741.94 663.228 715.489 969.056 378.676 445.671 305.529 969.931 648.433 18.291 854.842 176.47 429.674 586.039 395.679 543.19 179.046 862.398 121.151 107.584 312.792 442.059 264.62 727.901 792.04 118.04 144.675 142.804 53.975 813.466 641.493 282.965 919.928 627.607 476.938 366.565 520.189 775.18 274.331 901.755 525.361 8.512 326.51 581.503 650.019 558.984 396.246 836.479 489.023 264.103 822.46 408.759 552.001 574.336 116.315 630.69 917.971 870.576 885.059 320.074 820.345 297.524 287.002 93.356 812.476 986.29 376.662 255.692 271.853 935.772 334.598 998.362 112.715 804.06 339.802 356.137 757.641
