20
1000000000.0 115.011 192.215 9.231 690.839 115.166 471.152 10.29 487.861 165.185 947.425 980.951 315.438 469.446 282.204 743.956 815.577 157.623 525.152 522.777
115.011 1000000000.0 913.306 35.941 757.188 924.21 171.355 256.743 511.136 150.093 562.533 823.512 138.881 535.522 6.652 833.423 733.912 870.674 584.179 300.935
192.215 913.306 1000000000.0 621.202 746.651 70.049 290.331 228.25 71.75 610.432 269.534 971.412 419.822 401.101 772.873 542.565 35.717 4.666 672.102 592.06
9.231 35.941 621.202 1000000000.0 187.554 102.526 861.181 217.088 859.631 567.99 118.235 525.272 526.741 123.905 411.689 570.046 473.01 16.35 260.198 498.514
690.839 757.188 746.651 187.554 1000000000.0 738.116 758.032 844.762 418.564 371.334 933.135 119.804 83.911 110.776 497.664 551.307 891.054 293.909 219.263 913.695
115.166 924.21 70.049 102.526 738.116 1000000000.0 862.378 103.105 522.967 364.512 627.662 86.582 965.141 43.201 961.88 592.792 570.515 503.135 352.369 240.089
471.152 171.355 290.331 861.181 758.032 862.378 1000000000.0 213.189 914.23 546.274 553.348 155.063 396.355 581.633 388.323 570.583 613.276 793.745 375.618 765.814
10.29 256.743 228.25 217.088 844.762 103.105 213.189 1000000000.0 47.926 958.069 872.634 774.589 856.876 662.354 28.689 45.582 740.672 908.179 10.593 877.129
487.861 511.136 71.75 859.631 418.564 522.967 914.23 47.926 1000000000.0 27.174 816.07 820.841 242.912 927.438 864.016 272.224 606.636 179.536 780.533 68.276
165.185 150.093 610.432 567.99 371.334 364.512 546.274 958.069 27.174 1000000000.0 977.44 541.687 757.088 479.444 100.798 748.957 654.974 90.515 271.552 209.121
947.425 562.533 269.534 118.235 933.135 627.662 553.348 872.634 816.07 977.44 1000000000.0 412.453 98.591 170.838 161.555 474.274 603.986 375.729 264.228 794.916
980.951 823.512 971.412 525.272 119.804 86.582 155.063 774.589 820.841 541.687 412.453 1000000000.0 292.752 14.342 275.378 848.138 757.571 904.483 295.021 214.072
315.438 138.881 419.822 526.741 83.911 965.141 396.355 856.876 242.912 757.088 98.591 292.752 1000000000.0 86.494 536.643 505.954 364.914 450.151 200.098 772.717
469.446 535.522 401.101 123.905 110.776 43.201 581.633 662.354 927.438 479.444 170.838 14.342 86.494 1000000000.0 527.892 58.535 289.167 930.11 703.115 581.258
282.204 6.652 772.873 411.689 497.664 961.88 388.323 28.689 864.016 100.798 161.555 275.378 536.643 527.892 1000000000.0 960.779 135.098 259.165 956.723 833.28
743.956 833.423 542.565 570.046 551.307 592.792 570.583 45.582 272.224 748.957 474.274 848.138 505.954 58.535 960.779 1000000000.0 380.556 620.004 335.07 310.664
815.577 733.912 35.717 473.01 891.054 570.515 613.276 740.672 606.636 654.974 603.986 757.571 364.914 289.167 135.098 380.556 1000000000.0 448.037 147.188 650.1
157.623 870.674 4.666 16.35 293.909 503.135 793.745 908.179 179.536 90.515 375.729 904.483 450.151 930.11 259.165 620.004 448.037 1000000000.0 749.607 286.08
525.152 584.179 672.102 260.198 219.263 352.369 375.618 10.593 780.533 271.552 264.228 295.021 200.098 703.115 956.723 335.07 147.188 749.607 1000000000.0 649.178
522.777 300.935 592.06 498.514 913.695 240.089 765.814 877.129 68.276 209.121 794.916 214.072 772.717 581.258 833.28 310.664 650.1 286.08 649.178 1000000000.0
