20
1000000000.0 400.331 649.251 855.752 222.562 11.661 666.969 226.221 968.419 354.748 756.179 935.495 616.917 589.168 802.954 508.838 865.77 102.773 722.539 622.651
400.331 1000000000.0 210.695 324.876 277.4 843.848 144.561 214.043 347.745 678.225 30.556 444.64 58.271 436.767 128.192 651.172 487.984 636.91 208.387 593.699
649.251 210.695 1000000000.0 338.962 401.735 258.685 403.299 455.753 347.034 221.266 327.702 889.326 433.608 380.247 466.763 97.557 174.988 781.891 28.352 729.017
855.752 324.876 338.962 1000000000.0 397.452 657.951 582.351 991.959 347.021 902.997 500.703 831.015 21.494 667.302 842.657 583.513 610.807 888.65 912.377 128.523
222.562 277.4 401.735 397.452 1000000000.0 753.069 430.102 892.921 437.933 236.447 412.142 935.046 164.932 952.056 666.362 833.846 376.979 357.291 211.703 491.532
11.661 843.848 258.685 657.951 753.069 1000000000.0 945.464 558.911 204.189 752.072 241.006 823.017 764.822 283.606 673.358 526.171 670.735 544.461 264.935 984.713
666.969 144.561 403.299 582.351 430.102 945.464 1000000000.0 751.527 702.982 597.506 52.999 719.889 936.947 295.134 514.655 5.412 501.509 465.636 892.135 583.309
226.221 214.043 455.753 991.959 892.921 558.911 751.527 1000000000.0 816.536 385.862 457.377 909.464 798.661 200.676 394.472 334.161 563.538 434.261 500.972 197.495
968.419 347.745 347.034 347.021 437.933 204.189 702.982 816.536 1000000000.0 265.324 171.675 162.296 530.617 3.135 526.347 819.859 810.787 825.591 448.901 825.363
354.748 678.225 221.266 902.997 236.447 752.072 597.506 385.862 265.324 1000000000.0 994.048 839.12 992.692 118.201 528.395 66.394 552.61 28.653 633.675 590.505
756.179 30.556 327.702 500.703 412.142 241.006 52.999 457.377 171.675 994.048 1000000000.0 619.172 376.255 579.264 355.72 725.713 81.781 384.887 276.538 173.333
935.495 444.64 889.326 831.015 935.046 823.017 719.889 909.464 162.296 839.12 619.172 1000000000.0 847.81 246.689 361.549 8.543 644.404 147.903 492.26 902.208
616.917 58.271 433.608 21.494 164.932 764.822 936.947 798.661 530.617 992.692 376.255 847.81 1000000000.0 724.461 271.447 621.184 222.558 264.155 949.388 66.093
589.168 436.767 380.247 667.302 952.056 283.606 295.134 200.676 3.135 118.201 579.264 246.689 724.461 1000000000.0 764.717 922.098 590.784 174.531 767.572 566.724
802.954 128.192 466.763 842.657 666.362 673.358 514.655 394.472 526.347 528.395 355.72 361.549 271.447 764.717 1000000000.0 866.663 614.077 72.128 335.577 399.668
508.838 651.172 97.557 583.513 833.846 526.171 5.412 334.161 819.859 66.394 725.713 8.543 621.184 922.098 866.663 1000000000.0 125.927 993.782 389.028 430.156
865.77 487.984 174.988 610.807 376.979 670.735 501.509 563.538 810.787 552.61 81.781 644.404 222.558 590.784 614.077 125.927 1000000000.0 975.604 232.1 882.835
102.773 636.91 781.891 888.65 357.291 544.461 465.636 434.261 825.591 28.653 384.887 147.903 264.155 174.531 72.128 993.782 975.604 1000000000.0 690.779 766.492
722.539 208.387 28.352 912.377 211.703 264.935 892.135 500.972 448.901 633.675 276.538 492.26 949.388 767.572 335.577 389.028 232.1 690.779 1000000000.0 661.913
622.651 593.699 729.017 128.523 491.532 984.713 583.309 197.495 825.363 590.505 173.333 902.208 66.093 566.724 399.668 430.156 882.835 766.492 661.913 1000000000.0
