20
1000000000.0 427.946 622.398 848.423 838.21 1.487 607.715 172.21 503.422 456.474 394.427 722.307 837.146 623.402 957.867 841.44 824.29 823.688 585.608 830.733
427.946 1000000000.0 186.176 49.367 212.398 104.081 156.844 1.831 642.393 823.417 975.843 148.003 222.994 874.207 545.413 22.806 382.914 491.01 919.068 876.543
622.398 186.176 1000000000.0 554.349 135.88 689.004 575.724 775.149 975.619 271.608 531.393 710.366 104.028 736.068 940.641 11.107 14.222 465.449 392.752 689.754
848.423 49.367 554.349 1000000000.0 582.958 191.492 941.529 569.487 29.978 728.324 202.049 576.655 133.976 12.219 163.385 413.029 801.043 298.512 576.918 687.595
838.21 212.398 135.88 582.958 1000000000.0 325.63 47.04 650.04 48.51 131.132 467.121 676.691 47.774 703.895 374.63 490.053 432.353 201.579 25.991 762.006
1.487 104.081 689.004 191.492 325.63 1000000000.0 38.414 630.653 443.748 182.678 41.364 471.433 643.034 643.202 714.346 439.222 470.938 572.084 892.604 813.13
607.715 156.844 575.724 941.529 47.04 38.414 1000000000.0 630.308 417.382 92.371 192.395 312.482 519.719 898.473 552.282 537.559 119.214 810.165 619.227 863.125
172.21 1.831 775.149 569.487 650.04 630.653 630.308 1000000000.0 681.2 131.605 20.109 267.269 413.551 367.421 839.316 656.711 414.351 604.843 977.766 296.206
503.422 642.393 975.619 29.978 48.51 443.748 417.382 681.2 1000000000.0 954.451 846.843 770.161 790.275 982.642 962.319 176.239 352.904 921.885 550.779 430.615
456.474 823.417 271.608 728.324 131.132 182.678 92.371 131.605 954.451 1000000000.0 474.318 545.67 789.271 488.518 550.722 660.45 545.967 985.056 342.394 401.843
394.427 975.843 531.393 202.049 467.121 41.364 192.395 20.109 846.843 474.318 1000000000.0 240.988 979.143 26.623 858.675 33.637 194.273 679.329 257.384 973.212
722.307 148.003 710.366 576.655 676.691 471.433 312.482 267.269 770.161 545.67 240.988 1000000000.0 901.863 536.047 665.205 542.871 960.593 397.015 265.326 5.327
837.146 222.994 104.028 133.976 47.774 643.034 519.719 413.551 790.275 789.271 979.143 901.863 1000000000.0 470.664 142.355 108.919 998.941 321.739 136.514 798.333
623.402 874.207 736.068 12.219 703.895 643.202 898.473 367.421 982.642 488.518 26.623 536.047 470.664 1000000000.0 388.368 573.412 105.275 216.37 696.926 94.431
957.867 545.413 940.641 163.385 374.63 714.346 552.282 839.316 962.319 550.722 858.675 665.205 142.355 388.368 1000000000.0 892.182 621.515 828.839 618.059 992.799
841.44 22.806 11.107 413.029 490.053 439.222 537.559 656.711 176.239 660.45 33.637 542.871 108.919 573.412 892.182 1000000000.0 236.557 105.2 196.875 822.716
824.29 382.914 14.222 801.043 432.353 470.938 119.214 414.351 352.904 545.967 194.273 960.593 998.941 105.275 621.515 236.557 1000000000.0 95.337 184.674 715.479
823.688 491.01 465.449 298.512 201.579 572.084 810.165 604.843 921.885 985.056 679.329 397.015 321.739 216.37 828.839 105.2 95.337 1000000000.0 725.219 514.879
585.608 919.068 392.752 576.918 25.991 892.604 619.227 977.766 550.779 342.394 257.384 265.326 136.514 696.926 618.059 196.875 184.674 725.219 1000000000.0 806.446
830.733 876.543 689.754 687.595 762.006 813.13 863.125 296.206 430.615 401.843 973.212 5.327 798.333 94.431 992.799 822.716 715.479 514.879 806.446 1000000000.0
