20
1000000000.0 473.197 254.925 411.656 898.343 941.165 478.949 923.324 18.949 505.793 443.08 397.729 932.576 729.828 731.762 539.676 302.844 787.775 312.735 405.758
473.197 1000000000.0 955.722 26.81 500.847 476.853 905.435 270.559 960.537 872.784 28.887 812.427 359.208 778.911 43.391 535.688 499.892 470.268 240.917 622.481
254.925 955.722 1000000000.0 522.617 294.399 775.447 113.561 692.192 284.321 105.636 57.593 363.182 924.958 378.926 247.886 861.839 543.887 927.198 314.739 426.193
411.656 26.81 522.617 1000000000.0 955.101 398.592 484.864 666.154 606.313 788.172 336.718 472.134 886.082 904.466 84.383 226.149 110.27 260.654 667.327 373.539
898.343 500.847 294.399 955.101 1000000000.0 737.253 367.604 146.987 92.565 221.442 941.092 867.656 948.455 357.309 299.115 945.067 989.719 128.619 789.143 673.67
941.165 476.853 775.447 398.592 737.253 1000000000.0 151.062 492.302 995.1 131.353 998.311 590.087 659.377 218.896 692.948 849.605 937.666 398.56 222.677 845.842
478.949 905.435 113.561 484.864 367.604 151.062 1000000000.0 730.844 685.243 593.783 619.54 517.27 308.222 918.373 396.44 946.942 888.218 773.164 252.057 158.139
923.324 270.559 692.192 666.154 146.987 492.302 730.844 1000000000.0 175.452 664.019 331.954 118.312 659.183 908.249 581.839 552.135 962.199 713.387 481.142 329.408
18.949 960.537 284.321 606.313 92.565 995.1 685.243 175.452 1000000000.0 694.213 477.147 729.382 483.348 411.936 506.009 801.398 800.93 973.11 191.039 977.746
505.793 872.784 105.636 788.172 221.442 131.353 593.783 664.019 694.213 1000000000.0 997.969 380.241 863.867 366.351 9.061 13.308 280.067 894.542 703.334 169.879
443.08 28.887 57.593 336.718 941.092 998.311 619.54 331.954 477.147 997.969 1000000000.0 501.366 185.556 565.598 818.678 507.347 80.074 837.198 10.676 51.095
397.729 812.427 363.182 472.134 867.656 590.087 517.27 118.312 729.382 380.241 501.366 1000000000.0 851.473 698.596 754.919 653.915 677.076 954.917 581.25 434.076
932.576 359.208 924.958 886.082 948.455 659.377 308.222 659.183 483.348 863.867 185.556 851.473 1000000000.0 69.513 851.18 59.679 1.636 542.662 742.4 759.934
729.828 778.911 378.926 904.466 357.309 218.896 918.373 908.249 411.936 366.351 565.598 698.596 69.513 1000000000.0 135.042 745.927 806.988 548.999 28.044 645.764
731.762 43.391 247.886 84.383 299.115 692.948 396.44 581.839 506.009 9.061 818.678 754.919 851.18 135.042 1000000000.0 677.437 67.18 660.993 733.636 479.18
539.676 535.688 861.839 226.149 945.067 849.605 946.942 552.135 801.398 13.308 507.347 653.915 59.679 745.927 677.437 1000000000.0 831.447 817.214 310.023 205.796
302.844 499.892 543.887 110.27 989.719 937.666 888.218 962.199 800.93 280.067 80.074 677.076 1.636 806.988 67.18 831.447 1000000000.0 693.889 331.33 817.699
787.775 470.268 927.198 260.654 128.619 398.56 773.164 713.387 973.11 894.542 837.198 954.917 542.662 548.999 660.993 817.214 693.889 1000000000.0 455.023 139.05
312.735 240.917 314.739 667.327 789.143 222.677 252.057 481.142 191.039 703.334 10.676 581.25 742.4 28.044 733.636 310.023 331.33 455.023 1000000000.0 89.092
405.758 622.481 426.193 373.539 673.67 845.842 158.139 329.408 977.746 169.879 51.095 434.076 759.934 645.764 479.18 205.796 817.699 139.05 89.092 1000000000.0
