20
1000000000.0 1.315 424.501 320.375 472.007 208.782 811.45 370.469 55.94 446.844 377.524 934.566 47.044 809.892 541.232 26.108 326.832 160.025 379.838 568.487
1.315 1000000000.0 774.392 968.369 459.144 324.081 165.977 422.547 10.595 239.574 620.059 472.593 666.828 411.092 511.74 354.987 521.169 61.242 447.5 125.923
424.501 774.392 1000000000.0 806.852 445.954 258.913 3.793 639.115 219.649 256.532 795.386 15.637 925.396 917.466 398.723 481.567 390.581 806.015 950.535 719.568
320.375 968.369 806.852 1000000000.0 678.706 704.632 302.98 390.939 662.876 410.69 791.207 70.487 478.957 907.588 557.632 223.221 819.384 53.433 990.954 88.229
472.007 459.144 445.954 678.706 1000000000.0 192.821 824.673 487.637 28.774 272.181 995.179 373.061 295.843 179.315 721.739 130.416 120.427 103.971 106.798 348.886
208.782 324.081 258.913 704.632 192.821 1000000000.0 429.802 429.056 398.712 284.619 826.333 619.415 81.596 661.866 612.125 245.762 585.858 498.804 892.096 315.79
811.45 165.977 3.793 302.98 824.673 429.802 1000000000.0 746.294 50.74 987.495 593.809 555.918 107.646 744.454 724.187 112.716 829.507 317.395 615.777 88.558
370.469 422.547 639.115 390.939 487.637 429.056 746.294 1000000000.0 62.434 234.014 456.473 79.89 324.166 863.837 551.269 677.303 846.26 528.149 336.613 198.861
55.94 10.595 219.649 662.876 28.774 398.712 50.74 62.434 1000000000.0 214.235 853.839 708.961 174.245 205.179 937.4 347.641 299.713 126.853 110.241 427.528
446.844 239.574 256.532 410.69 272.181 284.619 987.495 234.014 214.235 1000000000.0 538.244 51.45 322.957 657.109 733.42 598.754 615.924 992.717 390.11 726.384
377.524 620.059 795.386 791.207 995.179 826.333 593.809 456.473 853.839 538.244 1000000000.0 662.192 485.055 74.889 887.546 356.979 544.484 322.368 611.712 123.49
934.566 472.593 15.637 70.487 373.061 619.415 555.918 79.89 708.961 51.45 662.192 1000000000.0 953.556 954.759 601.373 958.02 567.265 359.573 269.613 288.095
47.044 666.828 925.396 478.957 295.843 81.596 107.646 324.166 174.245 322.957 485.055 953.556 1000000000.0 50.199 616.491 6.097 819.148 338.925 174.029 633.086
809.892 411.092 917.466 907.588 179.315 661.866 744.454 863.837 205.179 657.109 74.889 954.759 50.199 1000000000.0 212.699 689.859 155.124 94.68 375.616 231.341
541.232 511.74 398.723 557.632 721.739 612.125 724.187 551.269 937.4 733.42 887.546 601.373 616.491 212.699 1000000000.0 520.192 136.809 304.729 782.781 915.529
26.108 354.987 481.567 223.221 130.416 245.762 112.716 677.303 347.641 598.754 356.979 958.02 6.097 689.859 520.192 1000000000.0 385.716 340.227 974.668 287.521
326.832 521.169 390.581 819.384 120.427 585.858 829.507 846.26 299.713 615.924 544.484 567.265 819.148 155.124 136.809 385.716 1000000000.0 371.136 941.816 95.577
160.025 61.242 806.015 53.433 103.971 498.804 317.395 528.149 126.853 992.717 322.368 359.573 338.925 94.68 304.729 340.227 371.136 1000000000.0 692.908 13.284
379.838 447.5 950.535 990.954 106.798 892.096 615.777 336.613 110.241 390.11 611.712 269.613 174.029 375.616 782.781 974.668 941.816 692.908 1000000000.0 422.407
568.487 125.923 719.568 88.229 348.886 315.79 88.558 198.861 427.528 726.384 123.49 288.095 633.086 231.341 915.529 287.521 95.577 13.284 422.407 1000000000.0
