20
1000000000.0 445.517 188.603 318.737 529.431 747.66 177.854 778.821 453.84 637.801 332.301 725.424 627.428 947.192 815.834 579.962 750.449 198.417 535.325 691.922
445.517 1000000000.0 297.91 877.236 827.952 794.775 312.449 429.276 787.48 316.179 62.931 738.417 418.836 713.893 404.879 120.954 500.447 823.244 73.586 333.122
188.603 297.91 1000000000.0 794.769 807.381 492.437 743.196 406.076 831.697 20.156 42.708 393.61 98.054 89.47 961.484 611.733 652.563 78.019 847.15 389.188
318.737 877.236 794.769 1000000000.0 369.417 534.832 735.557 779.135 943.495 552.914 791.792 628.258 104.655 896.317 296.384 34.855 160.163 562.224 358.976 728.715
529.431 827.952 807.381 369.417 1000000000.0 213.751 740.217 791.121 722.345 619.81 352.743 417.996 176.15 448.154 447.992 81.573 861.901 867.741 969.275 28.685
747.66 794.775 492.437 534.832 213.751 1000000000.0 659.179 486.504 756.841 156.158 144.179 387.557 410.189 924.881 717.71 753.068 419.141 556.072 721.923 716.467
177.854 312.449 743.196 735.557 740.217 659.179 1000000000.0 992.392 21.171 987.89 244.703 838.647 942.146 787.878 569.534 652.147 784.688 752.267 562.115 543.899
778.821 429.276 406.076 779.135 791.121 486.504 992.392 1000000000.0 219.627 309.018 242.807 722.711 862.363 277.345 925.279 943.824 123.46 344.485 9.462 528.219
453.84 787.48 831.697 943.495 722.345 756.841 21.171 219.627 1000000000.0 614.11 813.797 540.446 904.241 86.549 851.18 921.003 981.733 509.406 943.146 778.664
637.801 316.179 20.156 552.914 619.81 156.158 987.89 309.018 614.11 1000000000.0 963.469 952.754 691.116 343.409 686.621 684.093 744.997 180.884 483.889 680.669
332.301 62.931 42.708 791.792 352.743 144.179 244.703 242.807 813.797 963.469 1000000000.0 744.059 156.933 338.394 297.256 559.243 400.452 88.056 401.125 849.07
725.424 738.417 393.61 628.258 417.996 387.557 838.647 722.711 540.446 952.754 744.059 1000000000.0 339.793 423.788 139.479 505.313 872.114 776.875 13.031 825.024
627.428 418.836 98.054 104.655 176.15 410.189 942.146 862.363 904.241 691.116 156.933 339.793 1000000000.0 256.821 871.847 799.629 999.774 927.151 344.102 547.9
947.192 713.893 89.47 896.317 448.154 924.881 787.878 277.345 86.549 343.409 338.394 423.788 256.821 1000000000.0 518.373 310.246 29.79 471.703 865.947 7.266
815.834 404.879 961.484 296.384 447.992 717.71 569.534 925.279 851.18 686.621 297.256 139.479 871.847 518.373 1000000000.0 756.374 709.695 814.513 710.013 377.143
579.962 120.954 611.733 34.855 81.573 753.068 652.147 943.824 921.003 684.093 559.243 505.313 799.629 310.246 756.374 1000000000.0 270.098 99.582 144.91 45.98
750.449 500.447 652.563 160.163 861.901 419.141 784.688 123.46 981.733 744.997 400.452 872.114 999.774 29.79 709.695 270.098 1000000000.0 24.757 281.892 45.386
198.417 823.244 78.019 562.224 867.741 556.072 752.267 344.485 509.406 180.884 88.056 776.875 927.151 471.703 814.513 99.582 24.757 1000000000.0 28.246 477.342
535.325 73.586 847.15 358.976 969.275 721.923 562.115 9.462 943.146 483.889 401.125 13.031 344.102 865.947 710.013 144.91 281.892 28.246 1000000000.0 908.45
691.922 333.122 389.188 728.715 28.685 716.467 543.899 528.219 778.664 680.669 849.07 825.024 547.9 7.266 377.143 45.98 45.386 477.342 908.45 1000000000.0
