20
1000000000.0 977.418 589.392 788.673 475.705 144.565 711.067 89.651 211.222 89.509 413.246 208.809 886.958 451.486 358.276 346.492 544.161 456.461 406.836 859.438
977.418 1000000000.0 80.513 915.743 945.522 89.078 658.47 778.899 992.472 276.821 91.242 95.243 404.617 865.904 975.368 291.91 729.238 271.703 685.556 109.324
589.392 80.513 1000000000.0 71.845 496.425 44.87 938.843 275.64 945.093 222.824 610.192 398.978 685.189 278.386 563.856 137.775 851.237 476.619 539.201 810.197
788.673 915.743 71.845 1000000000.0 909.85 131.908 904.84 195.59 635.295 501.077 314.743 915.557 35.493 880.797 403.49 926.928 212.607 683.237 66.966 780.617
475.705 945.522 496.425 909.85 1000000000.0 732.953 565.523 297.819 30.115 943.438 289.697 710.956 64.472 215.89 20.072 673.062 444.505 752.829 645.259 794.31
144.565 89.078 44.87 131.908 732.953 1000000000.0 820.162 616.486 617.427 888.227 496.722 318.791 909.657 238.454 320.07 658.737 707.839 95.293 38.734 72.511
711.067 658.47 938.843 904.84 565.523 820.162 1000000000.0 769.184 939.762 706.722 575.3 746.43 341.838 144.736 415.524 950.63 4.515 634.674 934.607 685.405
89.651 778.899 275.64 195.59 297.819 616.486 769.184 1000000000.0 60.744 256.915 107.326 708.696 436.877 819.436 161.96 901.921 10.194 511.973 562.673 546.689
211.222 992.472 945.093 635.295 30.115 617.427 939.762 60.744 1000000000.0 635.433 264.032 736.028 855.822 699.037 806.756 451.48 846.091 380.082 730.412 9.06
89.509 276.821 222.824 501.077 943.438 888.227 706.722 256.915 635.433 1000000000.0 459.334 644.472 37.989 950.462 671.185 858.228 170.512 645.917 93.461 372.069
413.246 91.242 610.192 314.743 289.697 496.722 575.3 107.326 264.032 459.334 1000000000.0 45.575 317.955 967.918 922.664 835.146 860.843 658.499 668.536 976.943
208.809 95.243 398.978 915.557 710.956 318.791 746.43 708.696 736.028 644.472 45.575 1000000000.0 47.565 235.081 733.279 343.137 543.949 233.709 276.35 237.088
886.958 404.617 685.189 35.493 64.472 909.657 341.838 436.877 855.822 37.989 317.955 47.565 1000000000.0 852.086 37.037 663.563 456.521 764.078 287.176 257.694
451.486 865.904 278.386 880.797 215.89 238.454 144.736 819.436 699.037 950.462 967.918 235.081 852.086 1000000000.0 846.525 492.325 530.443 818.741 394.762 481.221
358.276 975.368 563.856 403.49 20.072 320.07 415.524 161.96 806.756 671.185 922.664 733.279 37.037 846.525 1000000000.0 293.265 1.712 78.907 682.633 201.571
346.492 291.91 137.775 926.928 673.062 658.737 950.63 901.921 451.48 858.228 835.146 343.137 663.563 492.325 293.265 1000000000.0 339.589 7.426 920.628 177.04
544.161 729.238 851.237 212.607 444.505 707.839 4.515 10.194 846.091 170.512 860.843 543.949 456.521 530.443 1.712 339.589 1000000000.0 537.516 495.063 907.82
456.461 271.703 476.619 683.237 752.829 95.293 634.674 511.973 380.082 645.917 658.499 233.709 764.078 818.741 78.907 7.426 537.516 1000000000.0 195.743 647.442
406.836 685.556 539.201 66.966 645.259 38.734 934.607 562.673 730.412 93.461 668.536 276.35 287.176 394.762 682.633 920.628 495.063 195.743 1000000000.0 702.534
859.438 109.324 810.197 780.617 794.31 72.511 685.405 546.689 9.06 372.069 976.943 237.088 257.694 481.221 201.571 177.04 907.82 647.442 702.534 1000000000.0
