20
1000000000.0 832.074 595.573 558.464 735.304 172.33 162.929 187.423 868.913 330.135 315.139 74.893 628.15 55.241 618.738 552.412 413.911 926.59 225.442 210.676
832.074 1000000000.0 794.454 722.387 388.722 440.432 921.296 606.386 164.137 899.677 882.218 648.023 596.845 929.666 623.33 28.098 160.046 593.87 597.022 814.067
595.573 794.454 1000000000.0 367.605 3.479 105.474 138.985 69.306 181.972 484.303 801.565 494.191 735.933 374.115 272.748 270.984 501.609 416.582 821.352 112.895
558.464 722.387 367.605 1000000000.0 584.244 374.684 485.882 749.691 415.097 20.974 251.973 125.892 454.217 229.295 681.16 51.08 204.561 988.11 901.447 336.659
735.304 388.722 3.479 584.244 1000000000.0 642.537 901.2 695.848 962.102 227.352 829.45 189.293 688.174 465.948 464.473 970.355 171.226 462.63 465.224 493.809
172.33 440.432 105.474 374.684 642.537 1000000000.0 275.036 11.91 738.841 892.359 873.989 343.977 241.597 378.762 299.134 696.236 944.825 903.911 502.254 871.97
162.929 921.296 138.985 485.882 901.2 275.036 1000000000.0 2.722 476.483 963.675 781.149 130.724 880.589 627.65 295.769 317.086 746.576 898.024 148.362 939.23
187.423 606.386 69.306 749.691 695.848 11.91 2.722 1000000000.0 815.029 527.023 792.055 644.196 113.644 315.547 578.528 645.676 368.386 420.415 107.128 784.771
868.913 164.137 181.972 415.097 962.102 738.841 476.483 815.029 1000000000.0 810.144 784.713 814.472 804.059 383.9 634.986 342.859 892.935 525.294 131.441 493.967
330.135 899.677 484.303 20.974 227.352 892.359 963.675 527.023 810.144 1000000000.0 507.009 712.765 849.53 19.299 11.376 991.944 979.583 141.816 297.105 84.04
315.139 882.218 801.565 251.973 829.45 873.989 781.149 792.055 784.713 507.009 1000000000.0 718.712 119.321 528.763 74.188 778.561 208.839 601.239 328.651 641.007
74.893 648.023 494.191 125.892 189.293 343.977 130.724 644.196 814.472 712.765 718.712 1000000000.0 25.537 224.578 127.693 219.827 262.354 316.611 153.209 755.309
628.15 596.845 735.933 454.217 688.174 241.597 880.589 113.644 804.059 849.53 119.321 25.537 1000000000.0 519.762 470.024 821.223 124.41 187.451 710.698 986.921
55.241 929.666 374.115 229.295 465.948 378.762 627.65 315.547 383.9 19.299 528.763 224.578 519.762 1000000000.0 553.086 703.51 748.662 272.344 29.056 645.498
618.738 623.33 272.748 681.16 464.473 299.134 295.769 578.528 634.986 11.376 74.188 127.693 470.024 553.086 1000000000.0 522.592 914.375 874.07 720.202 313.738
552.412 28.098 270.984 51.08 970.355 696.236 317.086 645.676 342.859 991.944 778.561 219.827 821.223 703.51 522.592 1000000000.0 411.268 864.201 778.606 399.124
413.911 160.046 501.609 204.561 171.226 944.825 746.576 368.386 892.935 979.583 208.839 262.354 124.41 748.662 914.375 411.268 1000000000.0 740.506 785.571 205.465
926.59 593.87 416.582 988.11 462.63 903.911 898.024 420.415 525.294 141.816 601.239 316.611 187.451 272.344 874.07 864.201 740.506 1000000000.0 827.461 125.751
225.442 597.022 821.352 901.447 465.224 502.254 148.362 107.128 131.441 297.105 328.651 153.209 710.698 29.056 720.202 778.606 785.571 827.461 1000000000.0 712.429
210.676 814.067 112.895 336.659 493.809 871.97 939.23 784.771 493.967 84.04 641.007 755.309 986.921 645.498 313.738 399.124 205.465 125.751 712.429 1000000000.0
