20
1000000000.0 681.371 765.292 879.146 26.048 121.298 364.644 168.076 854.787 930.852 984.857 988.416 668.32 988.559 540.009 682.282 876.499 634.444 640.263 521.515
681.371 1000000000.0 768.808 760.983 223.911 410.173 52.982 5.862 736.406 803.196 967.484 940.468 397.403 228.638 819.0 803.494 392.519 925.046 380.569 32.145
765.292 768.808 1000000000.0 877.363 380.755 449.332 769.33 687.714 398.666 796.391 619.541 55.885 61.122 451.924 754.011 647.228 917.078 274.158 784.243 191.681
879.146 760.983 877.363 1000000000.0 70.787 997.444 933.587 676.178 767.86 659.143 517.35 113.121 395.104 622.624 919.543 77.972 83.934 670.091 956.438 390.385
26.048 223.911 380.755 70.787 1000000000.0 944.783 55.132 63.008 111.459 884.989 43.836 394.675 33.682 360.187 947.219 726.137 73.185 353.973 955.597 155.018
121.298 410.173 449.332 997.444 944.783 1000000000.0 850.834 107.361 961.679 841.983 972.162 988.572 472.303 522.778 382.988 547.527 793.471 255.354 532.989 634.82
364.644 52.982 769.33 933.587 55.132 850.834 1000000000.0 572.776 939.66 466.389 652.523 170.48 731.103 249.453 999.909 859.009 728.896 801.384 123.073 862.466
168.076 5.862 687.714 676.178 63.008 107.361 572.776 1000000000.0 972.731 316.137 321.6 445.254 328.044 345.589 615.487 978.953 611.079 412.407 664.089 339.559
854.787 736.406 398.666 767.86 111.459 961.679 939.66 972.731 1000000000.0 234.976 128.784 416.359 284.732 11.049 771.781 139.195 42.33 95.843 411.45 182.608
930.852 803.196 796.391 659.143 884.989 841.983 466.389 316.137 234.976 1000000000.0 989.844 337.351 437.287 979.363 506.809 791.5 32.668 98.982 564.628 188.357
984.857 967.484 619.541 517.35 43.836 972.162 652.523 321.6 128.784 989.844 1000000000.0 474.632 627.805 949.045 32.799 391.673 52.259 57.396 44.451 935.023
988.416 940.468 55.885 113.121 394.675 988.572 170.48 445.254 416.359 337.351 474.632 1000000000.0 338.286 160.183 340.647 711.739 55.159 857.431 114.778 141.199
668.32 397.403 61.122 395.104 33.682 472.303 731.103 328.044 284.732 437.287 627.805 338.286 1000000000.0 453.669 623.265 762.768 497.634 691.746 356.068 82.683
988.559 228.638 451.924 622.624 360.187 522.778 249.453 345.589 11.049 979.363 949.045 160.183 453.669 1000000000.0 404.223 694.565 456.731 226.397 782.23 432.757
540.009 819.0 754.011 919.543 947.219 382.988 999.909 615.487 771.781 506.809 32.799 340.647 623.265 404.223 1000000000.0 915.674 593.923 321.219 207.624 650.954
682.282 803.494 647.228 77.972 726.137 547.527 859.009 978.953 139.195 791.5 391.673 711.739 762.768 694.565 915.674 1000000000.0 574.768 634.127 458.618 910.868
876.499 392.519 917.078 83.934 73.185 793.471 728.896 611.079 42.33 32.668 52.259 55.159 497.634 456.731 593.923 574.768 1000000000.0 408.885 856.009 812.422
634.444 925.046 274.158 670.091 353.973 255.354 801.384 412.407 95.843 98.982 57.396 857.431 691.746 226.397 321.219 634.127 408.885 1000000000.0 635.385 479.731
640.263 380.569 784.243 956.438 955.597 532.989 123.073 664.089 411.45 564.628 44.451 114.778 356.068 782.23 207.624 458.618 856.009 635.385 1000000000.0 919.7
521.515 32.145 191.681 390.385 155.018 634.82 862.466 339.559 182.608 188.357 935.023 141.199 82.683 432.757 650.954 910.868 812.422 479.731 919.7 1000000000.0
