20
1000000000.0 823.181 739.381 441.415 130.485 207.19 69.205 428.771 409.539 655.889 155.595 816.561 577.786 195.286 864.784 747.862 522.535 151.173 873.142 710.059
823.181 1000000000.0 692.34 175.052 712.863 780.752 655.103 13.182 243.381 779.86 955.98 470.512 317.342 844.408 48.359 929.852 343.49 35.409 293.09 377.48
739.381 692.34 1000000000.0 330.141 207.712 167.037 526.597 581.141 829.932 370.935 554.825 952.884 399.761 470.815 640.428 328.594 682.903 876.902 604.856 416.763
441.415 175.052 330.141 1000000000.0 729.325 301.291 809.929 901.805 404.792 38.474 19.709 623.062 887.475 624.202 207.614 756.011 631.953 693.851 493.165 724.239
130.485 712.863 207.712 729.325 1000000000.0 917.794 321.363 344.339 950.002 421.032 730.332 21.392 892.325 321.905 941.495 175.844 617.024 763.074 634.289 51.511
207.19 780.752 167.037 301.291 917.794 1000000000.0 347.801 159.625 408.118 568.836 681.811 287.051 249.036 870.505 464.121 57.512 794.685 23.895 50.99 714.509
69.205 655.103 526.597 809.929 321.363 347.801 1000000000.0 451.034 427.676 818.307 913.361 718.527 847.084 398.891 266.183 306.417 352.12 137.727 378.118 988.112
428.771 13.182 581.141 901.805 344.339 159.625 451.034 1000000000.0 800.709 694.073 267.482 128.958 466.319 312.01 948.047 815.295 851.707 426.918 117.537 367.64
409.539 243.381 829.932 404.792 950.002 408.118 427.676 800.709 1000000000.0 271.7 225.074 185.136 895.027 80.317 817.239 820.168 550.827 792.908 149.308 174.349
655.889 779.86 370.935 38.474 421.032 568.836 818.307 694.073 271.7 1000000000.0 639.427 780.285 324.858 256.893 134.53 737.343 262.879 706.679 630.01 461.452
155.595 955.98 554.825 19.709 730.332 681.811 913.361 267.482 225.074 639.427 1000000000.0 226.704 833.682 486.938 168.2 788.999 204.189 707.592 751.351 206.998
816.561 470.512 952.884 623.062 21.392 287.051 718.527 128.958 185.136 780.285 226.704 1000000000.0 57.86 245.477 35.991 935.268 490.696 379.064 193.575 865.493
577.786 317.342 399.761 887.475 892.325 249.036 847.084 466.319 895.027 324.858 833.682 57.86 1000000000.0 734.139 951.731 886.552 327.461 378.982 565.594 411.886
195.286 844.408 470.815 624.202 321.905 870.505 398.891 312.01 80.317 256.893 486.938 245.477 734.139 1000000000.0 801.221 792.917 231.184 216.325 986.794 125.11
864.784 48.359 640.428 207.614 941.495 464.121 266.183 948.047 817.239 134.53 168.2 35.991 951.731 801.221 1000000000.0 624.817 185.166 911.013 837.306 342.61
747.862 929.852 328.594 756.011 175.844 57.512 306.417 815.295 820.168 737.343 788.999 935.268 886.552 792.917 624.817 1000000000.0 502.908 979.423 154.441 292.21
522.535 343.49 682.903 631.953 617.024 794.685 352.12 851.707 550.827 262.879 204.189 490.696 327.461 231.184 185.166 502.908 1000000000.0 748.092 202.411 227.802
151.173 35.409 876.902 693.851 763.074 23.895 137.727 426.918 792.908 706.679 707.592 379.064 378.982 216.325 911.013 979.423 748.092 1000000000.0 789.644 565.617
873.142 293.09 604.856 493.165 634.289 50.99 378.118 117.537 149.308 630.01 751.351 193.575 565.594 986.794 837.306 154.441 202.411 789.644 1000000000.0 206.974
710.059 377.48 416.763 724.239 51.511 714.509 988.112 367.64 174.349 461.452 206.998 865.493 411.886 125.11 342.61 292.21 227.802 565.617 206.974 1000000000.0
