20
1000000000.0 731.849 729.962 775.728 892.041 768.213 315.93 491.251 865.824 740.794 164.867 244.635 148.857 595.374 333.705 770.17 269.809 365.515 643.25 957.961
731.849 1000000000.0 280.777 680.499 237.399 271.581 537.517 805.514 529.333 76.893 277.2 546.541 820.003 114.574 518.469 392.139 614.47 35.833 927.041 73.799
729.962 280.777 1000000000.0 511.464 390.0 603.243 627.954 798.473 118.864 48.096 529.468 187.812 245.763 624.522 292.971 529.137 246.272 584.55 728.719 258.085
775.728 680.499 511.464 1000000000.0 827.806 482.57 441.356 182.005 24.331 297.586 637.765 860.016 370.96 762.827 656.355 678.534 289.672 926.203 400.786 933.403
892.041 237.399 390.0 827.806 1000000000.0 575.001 447.471 157.772 615.708 661.021 537.562 563.252 747.322 585.658 543.418 198.183 134.63 358.942 41.658 775.753
768.213 271.581 603.243 482.57 575.001 1000000000.0 703.272 531.251 994.483 46.687 278.193 318.386 877.206 871.146 378.282 847.157 44.272 365.013 493.272 116.449
315.93 537.517 627.954 441.356 447.471 703.272 1000000000.0 878.577 947.001 947.488 689.644 202.601 872.777 244.145 372.422 952.743 123.045 313.173 842.588 507.077
491.251 805.514 798.473 182.005 157.772 531.251 878.577 1000000000.0 556.564 609.57 829.808 392.249 560.964 616.04 510.852 501.685 407.842 742.272 617.706 338.665
865.824 529.333 118.864 24.331 615.708 994.483 947.001 556.564 1000000000.0 821.562 761.468 303.894 120.703 36.499 142.266 998.557 31.661 580.561 679.176 495.25
740.794 76.893 48.096 297.586 661.021 46.687 947.488 609.57 821.562 1000000000.0 556.314 794.15 151.076 147.713 162.236 660.43 645.845 208.459 114.518 216.382
164.867 277.2 529.468 637.765 537.562 278.193 689.644 829.808 761.468 556.314 1000000000.0 13.308 861.604 940.289 100.473 133.742 102.018 212.903 832.829 778.884
244.635 546.541 187.812 860.016 563.252 318.386 202.601 392.249 303.894 794.15 13.308 1000000000.0 292.398 257.326 141.647 768.477 113.035 710.975 756.589 487.472
148.857 820.003 245.763 370.96 747.322 877.206 872.777 560.964 120.703 151.076 861.604 292.398 1000000000.0 605.553 394.177 853.679 167.78 554.367 49.644 738.787
595.374 114.574 624.522 762.827 585.658 871.146 244.145 616.04 36.499 147.713 940.289 257.326 605.553 1000000000.0 42.861 907.098 96.83 332.489 622.289 443.437
333.705 518.469 292.971 656.355 543.418 378.282 372.422 510.852 142.266 162.236 100.473 141.647 394.177 42.861 1000000000.0 753.066 585.144 698.836 411.817 879.378
770.17 392.139 529.137 678.534 198.183 847.157 952.743 501.685 998.557 660.43 133.742 768.477 853.679 907.098 753.066 1000000000.0 798.741 951.999 234.632 559.648
269.809 614.47 246.272 289.672 134.63 44.272 123.045 407.842 31.661 645.845 102.018 113.035 167.78 96.83 585.144 798.741 1000000000.0 876.892 573.197 118.507
365.515 35.833 584.55 926.203 358.942 365.013 313.173 742.272 580.561 208.459 212.903 710.975 554.367 332.489 698.836 951.999 876.892 1000000000.0 406.434 366.042
643.25 927.041 728.719 400.786 41.658 493.272 842.588 617.706 679.176 114.518 832.829 756.589 49.644 622.289 411.817 234.632 573.197 406.434 1000000000.0 496.419
957.961 73.799 258.085 933.403 775.753 116.449 507.077 338.665 495.25 216.382 778.884 487.472 738.787 443.437 879.378 559.648 118.507 366.042 496.419 1000000000.0
