20
1000000000.0 819.739 307.735 234.22 167.722 559.709 292.807 625.333 550.566 687.286 854.017 650.939 469.885 728.204 469.96 555.07 687.231 619.321 71.292 755.334
819.739 1000000000.0 24.293 576.107 493.847 974.96 366.072 716.82 125.16 405.087 581.481 437.138 241.866 146.58 28.917 464.253 749.466 96.245 80.89 269.5
307.735 24.293 1000000000.0 958.551 296.1 884.031 558.994 51.044 281.538 972.586 972.532 895.611 306.255 909.59 916.596 793.393 909.072 87.698 726.282 779.015
234.22 576.107 958.551 1000000000.0 27.392 967.282 412.624 141.836 165.394 893.266 416.747 464.23 761.265 107.03 55.285 333.178 86.36 80.614 915.213 507.608
167.722 493.847 296.1 27.392 1000000000.0 587.768 387.152 880.624 241.931 521.51 26.131 892.386 282.038 601.888 852.585 524.196 97.583 714.204 530.242 89.365
559.709 974.96 884.031 967.282 587.768 1000000000.0 88.026 994.123 120.575 980.966 826.248 690.4 547.817 750.704 605.175 163.781 35.195 16.896 702.232 616.564
292.807 366.072 558.994 412.624 387.152 88.026 1000000000.0 580.765 445.597 797.052 410.791 252.674 835.901 293.346 553.554 529.918 719.91 680.587 366.322 567.924
625.333 716.82 51.044 141.836 880.624 994.123 580.765 1000000000.0 417.791 387.169 358.435 352.762 393.026 995.511 343.496 824.496 807.885 464.065 864.82 729.195
550.566 125.16 281.538 165.394 241.931 120.575 445.597 417.791 1000000000.0 756.048 877.87 25.292 103.444 150.031 583.727 454.088 187.098 580.732 761.901 298.793
687.286 405.087 972.586 893.266 521.51 980.966 797.052 387.169 756.048 1000000000.0 240.322 719.729 223.577 989.26 121.46 69.547 479.566 697.27 337.832 668.866
854.017 581.481 972.532 416.747 26.131 826.248 410.791 358.435 877.87 240.322 1000000000.0 330.523 269.991 484.805 480.918 792.045 643.94 523.524 491.63 218.575
650.939 437.138 895.611 464.23 892.386 690.4 252.674 352.762 25.292 719.729 330.523 1000000000.0 869.485 366.263 386.867 464.585 594.566 194.945 987.044 957.577
469.885 241.866 306.255 761.265 282.038 547.817 835.901 393.026 103.444 223.577 269.991 869.485 1000000000.0 312.623 700.393 749.078 286.316 528.837 772.887 87.043
728.204 146.58 909.59 107.03 601.888 750.704 293.346 995.511 150.031 989.26 484.805 366.263 312.623 1000000000.0 284.571 997.794 169.477 184.17 802.448 528.601
469.96 28.917 916.596 55.285 852.585 605.175 553.554 343.496 583.727 121.46 480.918 386.867 700.393 284.571 1000000000.0 499.689 476.253 464.751 139.502 496.761
555.07 464.253 793.393 333.178 524.196 163.781 529.918 824.496 454.088 69.547 792.045 464.585 749.078 997.794 499.689 1000000000.0 358.771 164.877 790.083 60.841
687.231 749.466 909.072 86.36 97.583 35.195 719.91 807.885 187.098 479.566 643.94 594.566 286.316 169.477 476.253 358.771 1000000000.0 756.211 435.498 684.034
619.321 96.245 87.698 80.614 714.204 16.896 680.587 464.065 580.732 697.27 523.524 194.945 528.837 184.17 464.751 164.877 756.211 1000000000.0 329.729 105.438
71.292 80.89 726.282 915.213 530.242 702.232 366.322 864.82 761.901 337.832 491.63 987.044 772.887 802.448 139.502 790.083 435.498 329.729 1000000000.0 422.188
755.334 269.5 779.015 507.608 89.365 616.564 567.924 729.195 298.793 668.866 218.575 957.577 87.043 528.601 496.761 60.841 684.034 105.438 422.188 1000000000.0
