20
1000000000.0 822.948 877.978 44.212 29.852 491.174 469.186 231.538 567.316 408.027 86.559 243.056 301.603 121.355 355.167 50.361 305.365 983.264 783.145 100.116
822.948 1000000000.0 950.198 249.225 719.056 307.941 327.914 297.262 667.234 131.332 398.765 230.495 49.923 745.674 961.995 759.975 671.355 373.499 234.443 332.127
877.978 950.198 1000000000.0 962.114 396.44 255.737 606.319 973.373 939.877 769.394 755.944 661.327 110.446 766.665 420.078 810.611 676.978 322.054 977.026 940.365
44.212 249.225 962.114 1000000000.0 472.283 225.652 146.79 188.642 799.238 43.999 782.149 916.392 492.872 504.725 48.539 820.864 908.235 849.384 216.378 571.519
29.852 719.056 396.44 472.283 1000000000.0 309.815 994.803 765.109 778.797 964.155 9.434 148.784 932.158 415.894 133.958 607.536 234.41 283.745 119.298 366.116
491.174 307.941 255.737 225.652 309.815 1000000000.0 82.63 814.783 999.383 764.146 642.266 763.478 905.141 680.844 396.662 256.772 890.893 778.778 512.748 697.15
469.186 327.914 606.319 146.79 994.803 82.63 1000000000.0 803.56 35.511 10.17 710.039 930.89 589.95 115.957 508.443 905.42 347.233 650.349 510.794 387.861
231.538 297.262 973.373 188.642 765.109 814.783 803.56 1000000000.0 511.508 163.251 126.581 755.699 524.181 990.459 156.357 628.963 64.2 803.258 693.983 902.941
567.316 667.234 939.877 799.238 778.797 999.383 35.511 511.508 1000000000.0 274.993 737.716 941.168 132.213 477.739 427.288 513.308 662.458 172.732 852.117 618.148
408.027 131.332 769.394 43.999 964.155 764.146 10.17 163.251 274.993 1000000000.0 33.36 185.411 787.996 328.359 617.32 990.381 279.11 318.175 717.636 630.366
86.559 398.765 755.944 782.149 9.434 642.266 710.039 126.581 737.716 33.36 1000000000.0 672.328 751.367 612.248 137.096 736.895 112.777 943.689 677.63 527.881
243.056 230.495 661.327 916.392 148.784 763.478 930.89 755.699 941.168 185.411 672.328 1000000000.0 661.589 116.254 146.757 423.949 19.31 263.028 251.891 398.579
301.603 49.923 110.446 492.872 932.158 905.141 589.95 524.181 132.213 787.996 751.367 661.589 1000000000.0 896.068 310.572 468.954 395.149 87.092 38.675 106.974
121.355 745.674 766.665 504.725 415.894 680.844 115.957 990.459 477.739 328.359 612.248 116.254 896.068 1000000000.0 186.341 645.742 289.464 864.499 12.859 135.621
355.167 961.995 420.078 48.539 133.958 396.662 508.443 156.357 427.288 617.32 137.096 146.757 310.572 186.341 1000000000.0 492.008 419.892 91.684 177.244 414.167
50.361 759.975 810.611 820.864 607.536 256.772 905.42 628.963 513.308 990.381 736.895 423.949 468.954 645.742 492.008 1000000000.0 203.543 443.145 782.094 825.763
305.365 671.355 676.978 908.235 234.41 890.893 347.233 64.2 662.458 279.11 112.777 19.31 395.149 289.464 419.892 203.543 1000000000.0 959.803 536.778 154.702
983.264 373.499 322.054 849.384 283.745 778.778 650.349 803.258 172.732 318.175 943.689 263.028 87.092 864.499 91.684 443.145 959.803 1000000000.0 839.257 579.818
783.145 234.443 977.026 216.378 119.298 512.748 510.794 693.983 852.117 717.636 677.63 251.891 38.675 12.859 177.244 782.094 536.778 839.257 1000000000.0 718.866
100.116 332.127 940.365 571.519 366.116 697.15 387.861 902.941 618.148 630.366 527.881 398.579 106.974 135.621 414.167 825.763 154.702 579.818 718.866 1000000000.0
