20
1000000000.0 638.408 760.731 900.451 386.648 799.941 621.571 230.151 690.468 12.002 487.212 127.741 550.29 59.868 692.98 359.451 778.671 215.3 401.603 621.49
638.408 1000000000.0 830.172 945.776 577.753 583.727 156.098 860.753 5.776 195.629 471.314 188.811 812.731 272.967 96.955 136.962 288.974 490.533 518.531 883.691
760.731 830.172 1000000000.0 207.927 132.829 793.98 68.743 297.178 570.192 541.562 86.696 156.523 534.814 25.419 409.485 763.59 695.365 1.279 845.143 197.376
900.451 945.776 207.927 1000000000.0 674.608 24.163 622.006 234.982 614.815 656.13 837.964 83.083 295.026 887.308 104.066 381.501 690.365 186.909 878.189 649.82
386.648 577.753 132.829 674.608 1000000000.0 247.715 753.448 593.103 941.426 259.37 537.489 883.112 254.109 205.155 871.509 94.203 714.994 333.491 119.24 654.246
799.941 583.727 793.98 24.163 247.715 1000000000.0 139.016 522.352 534.9 129.127 879.042 735.175 755.317 128.303 180.063 930.177 71.087 94.481 685.526 958.079
621.571 156.098 68.743 622.006 753.448 139.016 1000000000.0 92.396 842.153 878.296 916.639 455.543 380.966 146.061 710.159 57.04 961.906 692.255 575.925 402.469
230.151 860.753 297.178 234.982 593.103 522.352 92.396 1000000000.0 246.246 735.917 562.622 413.628 985.603 212.734 392.682 684.053 179.405 315.068 913.186 889.99
690.468 5.776 570.192 614.815 941.426 534.9 842.153 246.246 1000000000.0 843.135 445.595 300.102 363.75 718.623 424.14 926.061 684.664 507.462 720.923 534.1
12.002 195.629 541.562 656.13 259.37 129.127 878.296 735.917 843.135 1000000000.0 115.804 411.622 24.247 25.449 629.963 394.978 660.409 768.457 744.179 771.054
487.212 471.314 86.696 837.964 537.489 879.042 916.639 562.622 445.595 115.804 1000000000.0 101.263 722.029 190.216 47.808 249.533 743.786 21.33 84.807 207.8
127.741 188.811 156.523 83.083 883.112 735.175 455.543 413.628 300.102 411.622 101.263 1000000000.0 587.745 488.444 371.791 452.756 917.357 761.692 804.522 722.148
550.29 812.731 534.814 295.026 254.109 755.317 380.966 985.603 363.75 24.247 722.029 587.745 1000000000.0 129.096 601.379 467.349 393.468 469.639 562.397 16.58
59.868 272.967 25.419 887.308 205.155 128.303 146.061 212.734 718.623 25.449 190.216 488.444 129.096 1000000000.0 804.712 83.587 335.575 118.818 732.892 165.517
692.98 96.955 409.485 104.066 871.509 180.063 710.159 392.682 424.14 629.963 47.808 371.791 601.379 804.712 1000000000.0 867.461 93.851 709.729 874.704 365.344
359.451 136.962 763.59 381.501 94.203 930.177 57.04 684.053 926.061 394.978 249.533 452.756 467.349 83.587 867.461 1000000000.0 584.724 356.686 3.74 647.524
778.671 288.974 695.365 690.365 714.994 71.087 961.906 179.405 684.664 660.409 743.786 917.357 393.468 335.575 93.851 584.724 1000000000.0 145.637 605.847 180.957
215.3 490.533 1.279 186.909 333.491 94.481 692.255 315.068 507.462 768.457 21.33 761.692 469.639 118.818 709.729 356.686 145.637 1000000000.0 930.83 772.273
401.603 518.531 845.143 878.189 119.24 685.526 575.925 913.186 720.923 744.179 84.807 804.522 562.397 732.892 874.704 3.74 605.847 930.83 1000000000.0 555.383
621.49 883.691 197.376 649.82 654.246 958.079 402.469 889.99 534.1 771.054 207.8 722.148 16.58 165.517 365.344 647.524 180.957 772.273 555.383 1000000000.0
