20
1000000000.0 638.639 527.082 838.849 242.333 944.525 575.119 752.754 431.059 299.599 104.345 397.322 970.884 722.445 901.544 597.033 848.874 308.487 91.793 814.692
638.639 1000000000.0 828.525 840.957 33.151 239.236 55.519 410.635 104.898 349.859 991.905 202.501 293.929 555.858 514.964 460.623 890.936 872.716 898.909 466.275
527.082 828.525 1000000000.0 202.276 749.483 677.737 708.371 884.751 646.261 492.252 203.022 698.757 579.238 985.062 327.397 62.081 410.615 187.128 395.553 941.801
838.849 840.957 202.276 1000000000.0 81.289 515.577 316.349 83.584 251.703 777.819 458.851 791.586 371.9 991.267 893.762 370.503 775.762 466.037 3.967 548.055
242.333 33.151 749.483 81.289 1000000000.0 492.551 239.44 172.393 274.696 83.49 655.971 626.574 59.574 553.574 166.063 133.465 439.786 251.858 310.894 989.956
944.525 239.236 677.737 515.577 492.551 1000000000.0 225.1 509.315 465.662 384.519 932.436 921.604 462.341 663.621 768.552 571.817 513.655 480.121 77.678 84.851
575.119 55.519 708.371 316.349 239.44 225.1 1000000000.0 3.82 403.981 953.617 826.956 480.576 424.405 776.184 161.685 743.755 253.295 294.367 626.548 68.592
752.754 410.635 884.751 83.584 172.393 509.315 3.82 1000000000.0 730.542 999.227 192.875 668.561 379.097 164.835 514.096 403.72 546.621 854.054 9.562 203.906
431.059 104.898 646.261 251.703 274.696 465.662 403.981 730.542 1000000000.0 478.651 709.899 105.875 420.855 453.421 507.183 584.917 269.486 787.072 641.349 31.099
299.599 349.859 492.252 777.819 83.49 384.519 953.617 999.227 478.651 1000000000.0 437.815 467.596 755.995 908.053 76.168 16.763 834.86 601.391 399.16 269.449
104.345 991.905 203.022 458.851 655.971 932.436 826.956 192.875 709.899 437.815 1000000000.0 259.004 641.948 194.909 809.922 845.644 819.28 485.406 679.15 662.425
397.322 202.501 698.757 791.586 626.574 921.604 480.576 668.561 105.875 467.596 259.004 1000000000.0 895.814 101.796 358.567 388.217 3.121 265.254 838.317 927.812
970.884 293.929 579.238 371.9 59.574 462.341 424.405 379.097 420.855 755.995 641.948 895.814 1000000000.0 885.03 766.615 359.003 843.821 279.585 226.284 759.224
722.445 555.858 985.062 991.267 553.574 663.621 776.184 164.835 453.421 908.053 194.909 101.796 885.03 1000000000.0 462.268 314.862 105.91 275.103 222.7 382.153
901.544 514.964 327.397 893.762 166.063 768.552 161.685 514.096 507.183 76.168 809.922 358.567 766.615 462.268 1000000000.0 566.067 351.648 793.606 405.59 153.38
597.033 460.623 62.081 370.503 133.465 571.817 743.755 403.72 584.917 16.763 845.644 388.217 359.003 314.862 566.067 1000000000.0 604.432 901.15 631.041 951.143
848.874 890.936 410.615 775.762 439.786 513.655 253.295 546.621 269.486 834.86 819.28 3.121 843.821 105.91 351.648 604.432 1000000000.0 654.375 970.438 69.902
308.487 872.716 187.128 466.037 251.858 480.121 294.367 854.054 787.072 601.391 485.406 265.254 279.585 275.103 793.606 901.15 654.375 1000000000.0 658.109 73.195
91.793 898.909 395.553 3.967 310.894 77.678 626.548 9.562 641.349 399.16 679.15 838.317 226.284 222.7 405.59 631.041 970.438 658.109 1000000000.0 870.165
814.692 466.275 941.801 548.055 989.956 84.851 68.592 203.906 31.099 269.449 662.425 927.812 759.224 382.153 153.38 951.143 69.902 73.195 870.165 1000000000.0
