20
1000000000.0 673.378 996.981 205.088 101.978 580.835 721.943 384.773 827.19 755.98 456.349 658.177 755.038 852.999 735.811 86.28 504.114 918.013 818.079 567.441
673.378 1000000000.0 890.077 560.555 233.85 71.874 533.967 281.306 685.646 179.712 33.106 834.763 672.342 137.428 165.102 801.574 818.711 827.724 315.476 869.783
996.981 890.077 1000000000.0 659.077 803.618 767.892 204.983 136.919 592.824 808.845 264.564 879.65 512.601 864.619 750.977 916.092 473.958 352.12 167.32 314.084
205.088 560.555 659.077 1000000000.0 475.957 223.529 266.935 161.919 185.957 621.164 563.84 217.025 838.174 69.675 886.635 432.412 298.107 560.363 384.629 175.263
101.978 233.85 803.618 475.957 1000000000.0 746.536 789.516 269.368 885.867 271.545 170.03 657.526 791.752 584.357 875.717 396.822 100.75 567.86 31.999 13.056
580.835 71.874 767.892 223.529 746.536 1000000000.0 435.457 929.857 215.621 693.258 600.821 850.991 708.573 325.646 66.267 271.259 418.983 35.192 474.545 394.136
721.943 533.967 204.983 266.935 789.516 435.457 1000000000.0 788.438 83.554 642.706 535.884 362.078 611.926 934.293 590.31 598.413 971.496 393.635 422.357 333.028
384.773 281.306 136.919 161.919 269.368 929.857 788.438 1000000000.0 597.138 177.248 269.48 88.267 329.412 716.519 663.608 777.011 45.354 3.474 775.92 413.906
827.19 685.646 592.824 185.957 885.867 215.621 83.554 597.138 1000000000.0 949.383 619.829 460.535 463.458 506.549 318.068 678.997 85.565 845.308 770.551 512.747
755.98 179.712 808.845 621.164 271.545 693.258 642.706 177.248 949.383 1000000000.0 153.924 411.108 685.143 296.226 233.137 807.299 644.571 694.33 554.6 857.513
456.349 33.106 264.564 563.84 170.03 600.821 535.884 269.48 619.829 153.924 1000000000.0 307.04 571.083 157.63 387.709 434.013 55.053 150.513 952.195 455.731
658.177 834.763 879.65 217.025 657.526 850.991 362.078 88.267 460.535 411.108 307.04 1000000000.0 854.706 777.703 842.677 303.228 299.346 875.921 948.741 272.26
755.038 672.342 512.601 838.174 791.752 708.573 611.926 329.412 463.458 685.143 571.083 854.706 1000000000.0 964.279 593.945 486.306 117.59 292.122 552.994 760.359
852.999 137.428 864.619 69.675 584.357 325.646 934.293 716.519 506.549 296.226 157.63 777.703 964.279 1000000000.0 457.679 178.486 401.146 474.849 933.859 4.157
735.811 165.102 750.977 886.635 875.717 66.267 590.31 663.608 318.068 233.137 387.709 842.677 593.945 457.679 1000000000.0 187.424 176.031 124.997 606.864 725.913
86.28 801.574 916.092 432.412 396.822 271.259 598.413 777.011 678.997 807.299 434.013 303.228 486.306 178.486 187.424 1000000000.0 15.31 134.113 637.847 265.776
504.114 818.711 473.958 298.107 100.75 418.983 971.496 45.354 85.565 644.571 55.053 299.346 117.59 401.146 176.031 15.31 1000000000.0 930.68 604.906 129.346
918.013 827.724 352.12 560.363 567.86 35.192 393.635 3.474 845.308 694.33 150.513 875.921 292.122 474.849 124.997 134.113 930.68 1000000000.0 298.535 633.411
818.079 315.476 167.32 384.629 31.999 474.545 422.357 775.92 770.551 554.6 952.195 948.741 552.994 933.859 606.864 637.847 604.906 298.535 1000000000.0 900.385
567.441 869.783 314.084 175.263 13.056 394.136 333.028 413.906 512.747 857.513 455.731 272.26 760.359 4.157 725.913 265.776 129.346 633.411 900.385 1000000000.0
