20
1000000000.0 776.639 980.037 789.693 889.791 289.85 972.126 446.297 147.305 369.359 619.245 525.694 22.808 902.463 5.843 867.188 194.419 956.558 168.057 136.759
776.639 1000000000.0 334.899 176.222 145.524 669.406 327.159 916.185 581.65 41.807 217.032 937.655 661.453 915.136 542.879 752.679 754.346 83.917 158.811 114.906
980.037 334.899 1000000000.0 994.63 406.582 584.915 101.656 400.139 231.41 248.982 327.906 524.886 775.849 903.281 927.518 706.099 545.643 132.297 262.56 987.289
789.693 176.222 994.63 1000000000.0 899.475 434.272 390.654 768.233 413.638 53.814 988.925 392.568 856.387 654.723 295.488 655.581 278.286 333.471 428.341 738.955
889.791 145.524 406.582 899.475 1000000000.0 23.902 159.883 48.363 662.227 260.519 59.832 643.127 512.265 508.626 75.966 402.586 110.368 604.735 109.113 966.048
289.85 669.406 584.915 434.272 23.902 1000000000.0 69.246 995.382 674.669 226.223 106.057 882.885 85.995 964.413 377.101 128.8 78.45 862.874 441.296 290.461
972.126 327.159 101.656 390.654 159.883 69.246 1000000000.0 919.426 298.639 826.473 481.852 231.592 363.392 885.798 152.736 116.548 499.632 953.262 890.563 642.312
446.297 916.185 400.139 768.233 48.363 995.382 919.426 1000000000.0 393.875 488.104 6.366 164.422 940.001 840.325 565.401 197.309 549.265 514.195 773.245 318.111
147.305 581.65 231.41 413.638 662.227 674.669 298.639 393.875 1000000000.0 783.934 200.631 600.956 562.513 251.997 647.157 979.723 845.495 593.831 32.948 668.651
369.359 41.807 248.982 53.814 260.519 226.223 826.473 488.104 783.934 1000000000.0 320.784 310.431 8.58 108.204 552.732 96.208 559.89 239.645 913.978 950.405
619.245 217.032 327.906 988.925 59.832 106.057 481.852 6.366 200.631 320.784 1000000000.0 911.57 894.843 106.802 870.43 354.079 765.218 382.482 6.236 367.459
525.694 937.655 524.886 392.568 643.127 882.885 231.592 164.422 600.956 310.431 911.57 1000000000.0 142.232 445.707 151.498 593.17 854.629 440.76 401.415 316.802
22.808 661.453 775.849 856.387 512.265 85.995 363.392 940.001 562.513 8.58 894.843 142.232 1000000000.0 189.668 984.615 131.919 356.882 703.664 950.457 353.464
902.463 915.136 903.281 654.723 508.626 964.413 885.798 840.325 251.997 108.204 106.802 445.707 189.668 1000000000.0 758.162 238.833 321.554 236.846 363.994 170.912
5.843 542.879 927.518 295.488 75.966 377.101 152.736 565.401 647.157 552.732 870.43 151.498 984.615 758.162 1000000000.0 359.617 689.654 818.302 980.185 902.353
867.188 752.679 706.099 655.581 402.586 128.8 116.548 197.309 979.723 96.208 354.079 593.17 131.919 238.833 359.617 1000000000.0 37.08 136.071 50.458 454.687
194.419 754.346 545.643 278.286 110.368 78.45 499.632 549.265 845.495 559.89 765.218 854.629 356.882 321.554 689.654 37.08 1000000000.0 268.815 597.794 302.319
956.558 83.917 132.297 333.471 604.735 862.874 953.262 514.195 593.831 239.645 382.482 440.76 703.664 236.846 818.302 136.071 268.815 1000000000.0 475.267 127.34
168.057 158.811 262.56 428.341 109.113 441.296 890.563 773.245 32.948 913.978 6.236 401.415 950.457 363.994 980.185 50.458 597.794 475.267 1000000000.0 358.118
136.759 114.906 987.289 738.955 966.048 290.461 642.312 318.111 668.651 950.405 367.459 316.802 353.464 170.912 902.353 454.687 302.319 127.34 358.118 1000000000.0
