20
1000000000.0 975.066 637.977 615.415 335.42 608.151 132.707 9.159 718.064 519.931 371.974 158.869 116.604 121.159 145.016 127.321 843.218 376.396 118.081 714.352
975.066 1000000000.0 870.297 539.788 382.932 202.097 12.15 472.817 927.16 638.428 161.83 725.314 695.296 682.642 631.401 995.083 913.13 923.855 282.16 471.913
637.977 870.297 1000000000.0 905.715 797.439 728.052 771.209 525.905 274.863 940.634 494.665 570.202 675.311 181.986 528.54 777.86 326.601 621.07 634.712 173.676
615.415 539.788 905.715 1000000000.0 501.563 153.111 315.659 916.928 563.114 102.419 791.582 589.7 155.852 905.011 952.039 180.131 830.762 368.059 495.576 874.436
335.42 382.932 797.439 501.563 1000000000.0 584.828 759.76 261.611 756.027 769.097 467.212 533.672 541.084 299.009 65.893 345.826 971.048 556.243 488.511 970.395
608.151 202.097 728.052 153.111 584.828 1000000000.0 496.878 206.152 796.102 509.03 273.488 951.399 550.455 751.826 128.886 976.063 727.675 228.342 862.145 284.328
132.707 12.15 771.209 315.659 759.76 496.878 1000000000.0 298.143 452.564 154.63 406.198 338.327 37.334 140.732 703.859 525.723 869.907 727.134 446.757 42.54
9.159 472.817 525.905 916.928 261.611 206.152 298.143 1000000000.0 616.821 187.998 960.533 176.487 525.222 891.029 877.393 834.402 723.842 298.532 162.859 35.524
718.064 927.16 274.863 563.114 756.027 796.102 452.564 616.821 1000000000.0 896.339 660.954 637.134 448.875 385.292 427.645 167.315 786.724 812.719 853.965 875.753
519.931 638.428 940.634 102.419 769.097 509.03 154.63 187.998 896.339 1000000000.0 874.003 964.139 423.934 84.467 185.753 19.79 158.242 338.327 105.578 713.106
371.974 161.83 494.665 791.582 467.212 273.488 406.198 960.533 660.954 874.003 1000000000.0 312.511 400.993 401.302 929.051 393.365 52.726 88.094 548.136 601.636
158.869 725.314 570.202 589.7 533.672 951.399 338.327 176.487 637.134 964.139 312.511 1000000000.0 971.039 302.339 236.572 804.939 277.517 128.75 21.064 751.609
116.604 695.296 675.311 155.852 541.084 550.455 37.334 525.222 448.875 423.934 400.993 971.039 1000000000.0 549.756 26.662 786.076 776.592 941.159 190.617 238.818
121.159 682.642 181.986 905.011 299.009 751.826 140.732 891.029 385.292 84.467 401.302 302.339 549.756 1000000000.0 877.689 416.753 138.685 475.227 926.37 65.714
145.016 631.401 528.54 952.039 65.893 128.886 703.859 877.393 427.645 185.753 929.051 236.572 26.662 877.689 1000000000.0 705.726 569.155 867.401 384.328 374.702
127.321 995.083 777.86 180.131 345.826 976.063 525.723 834.402 167.315 19.79 393.365 804.939 786.076 416.753 705.726 1000000000.0 987.432 380.134 192.64 85.949
843.218 913.13 326.601 830.762 971.048 727.675 869.907 723.842 786.724 158.242 52.726 277.517 776.592 138.685 569.155 987.432 1000000000.0 599.4 153.596 203.189
376.396 923.855 621.07 368.059 556.243 228.342 727.134 298.532 812.719 338.327 88.094 128.75 941.159 475.227 867.401 380.134 599.4 1000000000.0 464.276 510.858
118.081 282.16 634.712 495.576 488.511 862.145 446.757 162.859 853.965 105.578 548.136 21.064 190.617 926.37 384.328 192.64 153.596 464.276 1000000000.0 705.094
714.352 471.913 173.676 874.436 970.395 284.328 42.54 35.524 875.753 713.106 601.636 751.609 238.818 65.714 374.702 85.949 203.189 510.858 705.094 1000000000.0
