20
1000000000.0 304.468 471.468 175.582 75.174 772.757 754.201 599.41 346.552 126.788 855.584 51.364 35.461 543.502 506.806 360.016 360.153 279.787 195.782 919.481
304.468 1000000000.0 660.518 682.536 3.658 258.794 578.5 970.106 144.205 620.748 648.585 623.272 951.212 768.492 114.964 456.578 188.683 921.114 201.071 553.046
471.468 660.518 1000000000.0 185.816 838.904 105.333 618.553 873.178 257.017 519.094 577.265 670.645 749.079 746.62 572.155 343.467 450.632 247.71 729.478 859.996
175.582 682.536 185.816 1000000000.0 723.722 794.738 154.135 406.143 273.55 190.137 661.328 798.176 926.438 549.12 784.857 306.036 19.032 745.403 681.539 49.229
75.174 3.658 838.904 723.722 1000000000.0 257.014 645.513 276.802 247.58 259.621 986.043 804.309 300.122 788.464 222.937 62.1 930.247 9.767 734.971 166.725
772.757 258.794 105.333 794.738 257.014 1000000000.0 543.642 542.255 834.349 334.312 303.215 64.276 768.023 647.427 118.367 843.344 642.991 315.403 52.076 763.575
754.201 578.5 618.553 154.135 645.513 543.642 1000000000.0 72.972 599.849 640.864 688.34 619.318 316.4 389.03 577.272 28.504 44.397 922.409 125.978 474.432
599.41 970.106 873.178 406.143 276.802 542.255 72.972 1000000000.0 824.185 867.322 155.892 609.908 177.152 666.805 46.02 389.205 654.592 712.27 299.967 459.224
346.552 144.205 257.017 273.55 247.58 834.349 599.849 824.185 1000000000.0 983.333 146.907 357.841 565.408 624.037 913.825 955.64 524.168 664.132 707.466 497.97
126.788 620.748 519.094 190.137 259.621 334.312 640.864 867.322 983.333 1000000000.0 248.451 554.089 219.843 437.311 571.043 33.206 392.174 606.235 377.029 585.901
855.584 648.585 577.265 661.328 986.043 303.215 688.34 155.892 146.907 248.451 1000000000.0 581.454 37.376 25.369 466.186 215.511 786.882 287.184 297.415 310.116
51.364 623.272 670.645 798.176 804.309 64.276 619.318 609.908 357.841 554.089 581.454 1000000000.0 325.308 974.966 620.247 774.375 287.592 634.565 814.442 887.077
35.461 951.212 749.079 926.438 300.122 768.023 316.4 177.152 565.408 219.843 37.376 325.308 1000000000.0 362.699 326.093 538.485 19.518 392.305 175.136 974.619
543.502 768.492 746.62 549.12 788.464 647.427 389.03 666.805 624.037 437.311 25.369 974.966 362.699 1000000000.0 996.897 358.355 617.48 657.836 555.66 533.753
506.806 114.964 572.155 784.857 222.937 118.367 577.272 46.02 913.825 571.043 466.186 620.247 326.093 996.897 1000000000.0 166.997 608.431 977.588 828.091 468.359
360.016 456.578 343.467 306.036 62.1 843.344 28.504 389.205 955.64 33.206 215.511 774.375 538.485 358.355 166.997 1000000000.0 74.102 800.805 798.401 70.159
360.153 188.683 450.632 19.032 930.247 642.991 44.397 654.592 524.168 392.174 786.882 287.592 19.518 617.48 608.431 74.102 1000000000.0 942.706 557.585 109.09
279.787 921.114 247.71 745.403 9.767 315.403 922.409 712.27 664.132 606.235 287.184 634.565 392.305 657.836 977.588 800.805 942.706 1000000000.0 700.369 989.125
195.782 201.071 729.478 681.539 734.971 52.076 125.978 299.967 707.466 377.029 297.415 814.442 175.136 555.66 828.091 798.401 557.585 700.369 1000000000.0 920.08
919.481 553.046 859.996 49.229 166.725 763.575 474.432 459.224 497.97 585.901 310.116 887.077 974.619 533.753 468.359 70.159 109.09 989.125 920.08 1000000000.0
