20
1000000000.0 939.277 638.838 44.31 303.561 371.163 277.755 204.499 308.424 582.447 2.777 8.093 916.378 64.39 454.816 142.356 920.917 513.427 160.878 317.938
939.277 1000000000.0 913.253 969.358 794.841 240.739 100.82 939.237 394.085 715.231 129.457 138.568 139.821 934.4 539.97 519.3 616.032 639.95 472.184 130.859
638.838 913.253 1000000000.0 162.31 217.948 543.884 187.061 847.815 564.824 999.325 497.718 838.728 25.566 361.988 933.971 705.01 543.085 968.942 549.181 891.853
44.31 969.358 162.31 1000000000.0 555.516 916.983 551.894 896.902 554.8 240.617 802.09 417.252 384.977 845.245 158.258 55.682 72.427 140.527 523.512 399.097
303.561 794.841 217.948 555.516 1000000000.0 836.734 546.875 428.454 879.845 47.996 853.432 462.918 593.369 621.182 675.472 50.876 504.923 905.39 129.056 736.654
371.163 240.739 543.884 916.983 836.734 1000000000.0 203.924 360.392 750.482 511.37 520.842 222.023 884.017 141.196 367.204 104.667 250.334 64.053 289.147 752.753
277.755 100.82 187.061 551.894 546.875 203.924 1000000000.0 404.514 363.618 628.525 659.406 964.391 201.656 381.657 280.678 687.846 193.513 693.44 453.364 101.397
204.499 939.237 847.815 896.902 428.454 360.392 404.514 1000000000.0 806.5 500.213 340.551 30.262 760.38 808.466 699.761 847.694 978.041 311.155 343.369 191.82
308.424 394.085 564.824 554.8 879.845 750.482 363.618 806.5 1000000000.0 183.372 596.319 120.599 154.141 28.019 435.749 831.231 129.392 524.137 27.232 641.156
582.447 715.231 999.325 240.617 47.996 511.37 628.525 500.213 183.372 1000000000.0 885.084 793.456 275.757 561.814 357.123 736.129 508.144 589.716 272.927 655.318
2.777 129.457 497.718 802.09 853.432 520.842 659.406 340.551 596.319 885.084 1000000000.0 871.034 597.733 246.302 197.176 198.715 80.001 420.045 983.116 205.688
8.093 138.568 838.728 417.252 462.918 222.023 964.391 30.262 120.599 793.456 871.034 1000000000.0 311.937 406.587 428.283 780.403 489.378 92.982 617.217 327.012
916.378 139.821 25.566 384.977 593.369 884.017 201.656 760.38 154.141 275.757 597.733 311.937 1000000000.0 743.853 925.982 347.128 476.214 947.007 195.947 966.866
64.39 934.4 361.988 845.245 621.182 141.196 381.657 808.466 28.019 561.814 246.302 406.587 743.853 1000000000.0 862.753 473.639 175.839 155.544 569.557 130.783
454.816 539.97 933.971 158.258 675.472 367.204 280.678 699.761 435.749 357.123 197.176 428.283 925.982 862.753 1000000000.0 876.089 978.282 615.399 10.483 612.793
142.356 519.3 705.01 55.682 50.876 104.667 687.846 847.694 831.231 736.129 198.715 780.403 347.128 473.639 876.089 1000000000.0 480.556 108.774 217.112 776.29
920.917 616.032 543.085 72.427 504.923 250.334 193.513 978.041 129.392 508.144 80.001 489.378 476.214 175.839 978.282 480.556 1000000000.0 828.541 135.988 180.641
513.427 639.95 968.942 140.527 905.39 64.053 693.44 311.155 524.137 589.716 420.045 92.982 947.007 155.544 615.399 108.774 828.541 1000000000.0 403.867 563.854
160.878 472.184 549.181 523.512 129.056 289.147 453.364 343.369 27.232 272.927 983.116 617.217 195.947 569.557 10.483 217.112 135.988 403.867 1000000000.0 526.157
317.938 130.859 891.853 399.097 736.654 752.753 101.397 191.82 641.156 655.318 205.688 327.012 966.866 130.783 612.793 776.29 180.641 563.854 526.157 1000000000.0
