20
1000000000.0 413.174 66.844 627.84 184.156 402.008 251.311 281.913 176.263 864.481 870.594 336.427 67.357 901.782 993.309 219.21 298.294 393.554 803.236 257.74
413.174 1000000000.0 164.392 87.344 903.386 508.543 27.376 497.588 644.09 280.654 906.247 252.815 888.658 261.035 670.116 718.891 770.718 585.794 760.58 743.689
66.844 164.392 1000000000.0 99.966 837.918 817.167 664.728 33.9 622.281 571.613 348.386 283.826 949.857 870.543 773.262 196.099 893.948 159.025 881.998 308.845
627.84 87.344 99.966 1000000000.0 648.248 611.934 656.014 216.83 469.228 98.767 811.064 864.292 366.166 792.369 55.369 744.392 98.427 880.521 836.092 776.679
184.156 903.386 837.918 648.248 1000000000.0 82.563 759.978 49.198 404.061 80.232 743.463 346.572 522.423 49.32 924.234 543.701 518.816 713.425 410.896 611.294
402.008 508.543 817.167 611.934 82.563 1000000000.0 169.708 952.575 841.767 483.655 890.377 938.084 120.142 859.188 544.49 656.118 112.433 972.636 331.999 335.25
251.311 27.376 664.728 656.014 759.978 169.708 1000000000.0 568.227 821.081 665.53 321.545 422.001 470.222 335.242 95.51 944.587 516.606 857.149 678.523 599.391
281.913 497.588 33.9 216.83 49.198 952.575 568.227 1000000000.0 35.4 408.656 620.819 631.124 254.995 210.549 125.562 558.367 548.716 516.01 642.419 40.552
176.263 644.09 622.281 469.228 404.061 841.767 821.081 35.4 1000000000.0 272.717 255.581 53.485 959.797 169.547 883.102 399.943 767.397 852.989 674.489 322.412
864.481 280.654 571.613 98.767 80.232 483.655 665.53 408.656 272.717 1000000000.0 164.357 317.082 464.657 469.785 585.563 149.319 769.969 658.396 748.327 642.186
870.594 906.247 348.386 811.064 743.463 890.377 321.545 620.819 255.581 164.357 1000000000.0 199.177 491.774 556.123 235.835 862.983 853.797 267.033 533.486 109.835
336.427 252.815 283.826 864.292 346.572 938.084 422.001 631.124 53.485 317.082 199.177 1000000000.0 400.985 504.345 757.746 521.188 147.603 97.721 35.953 479.267
67.357 888.658 949.857 366.166 522.423 120.142 470.222 254.995 959.797 464.657 491.774 400.985 1000000000.0 292.173 876.402 442.48 338.873 723.993 699.861 279.36
901.782 261.035 870.543 792.369 49.32 859.188 335.242 210.549 169.547 469.785 556.123 504.345 292.173 1000000000.0 898.901 377.809 626.475 2.676 129.886 681.87
993.309 670.116 773.262 55.369 924.234 544.49 95.51 125.562 883.102 585.563 235.835 757.746 876.402 898.901 1000000000.0 619.743 40.133 674.519 696.032 947.483
219.21 718.891 196.099 744.392 543.701 656.118 944.587 558.367 399.943 149.319 862.983 521.188 442.48 377.809 619.743 1000000000.0 581.739 57.272 935.677 897.378
298.294 770.718 893.948 98.427 518.816 112.433 516.606 548.716 767.397 769.969 853.797 147.603 338.873 626.475 40.133 581.739 1000000000.0 308.874 878.895 806.424
393.554 585.794 159.025 880.521 713.425 972.636 857.149 516.01 852.989 658.396 267.033 97.721 723.993 2.676 674.519 57.272 308.874 1000000000.0 228.673 254.464
803.236 760.58 881.998 836.092 410.896 331.999 678.523 642.419 674.489 748.327 533.486 35.953 699.861 129.886 696.032 935.677 878.895 228.673 1000000000.0 508.093
257.74 743.689 308.845 776.679 611.294 335.25 599.391 40.552 322.412 642.186 109.835 479.267 279.36 681.87 947.483 897.378 806.424 254.464 508.093 1000000000.0
