20
1000000000.0 249.894 261.268 464.669 479.442 305.123 7.45 844.719 409.204 517.495 390.719 691.713 398.055 144.782 656.228 563.712 255.977 41.875 346.888 894.157
249.894 1000000000.0 190.378 785.629 584.658 113.769 700.745 947.359 587.002 979.24 782.596 728.253 340.974 868.227 933.979 104.259 582.378 224.476 48.753 30.575
261.268 190.378 1000000000.0 852.0 593.983 530.91 616.145 370.463 662.435 143.798 757.078 725.374 502.113 126.556 939.833 990.33 928.995 943.437 10.239 724.424
464.669 785.629 852.0 1000000000.0 740.307 284.62 595.71 282.666 58.319 644.668 570.577 524.728 563.231 767.216 985.547 419.596 848.931 713.23 395.209 647.365
479.442 584.658 593.983 740.307 1000000000.0 220.026 95.419 345.87 75.398 450.777 421.67 697.306 309.87 611.011 836.592 556.024 104.295 109.437 55.088 764.489
305.123 113.769 530.91 284.62 220.026 1000000000.0 98.189 930.986 296.847 189.522 651.89 892.473 324.637 486.625 362.315 686.197 818.098 464.409 17.717 201.951
7.45 700.745 616.145 595.71 95.419 98.189 1000000000.0 9.92 256.108 347.145 730.676 469.549 415.755 914.743 986.25 669.744 885.729 459.851 358.529 312.469
844.719 947.359 370.463 282.666 345.87 930.986 9.92 1000000000.0 914.015 348.848 544.187 200.205 970.315 670.544 868.117 806.892 427.445 739.244 318.02 797.29
409.204 587.002 662.435 58.319 75.398 296.847 256.108 914.015 1000000000.0 922.547 846.835 406.972 790.0 691.084 633.51 828.703 297.149 600.87 240.016 342.521
517.495 979.24 143.798 644.668 450.777 189.522 347.145 348.848 922.547 1000000000.0 956.361 444.785 805.437 99.628 229.975 603.071 872.687 988.426 303.954 85.993
390.719 782.596 757.078 570.577 421.67 651.89 730.676 544.187 846.835 956.361 1000000000.0 732.431 394.809 167.118 616.163 321.8 621.039 592.166 209.882 789.603
691.713 728.253 725.374 524.728 697.306 892.473 469.549 200.205 406.972 444.785 732.431 1000000000.0 678.682 894.337 535.273 474.011 519.009 892.709 274.271 882.173
398.055 340.974 502.113 563.231 309.87 324.637 415.755 970.315 790.0 805.437 394.809 678.682 1000000000.0 187.055 760.214 826.046 820.795 127.876 765.148 538.943
144.782 868.227 126.556 767.216 611.011 486.625 914.743 670.544 691.084 99.628 167.118 894.337 187.055 1000000000.0 852.739 495.289 412.857 283.174 455.268 869.687
656.228 933.979 939.833 985.547 836.592 362.315 986.25 868.117 633.51 229.975 616.163 535.273 760.214 852.739 1000000000.0 147.44 910.759 476.272 258.835 738.368
563.712 104.259 990.33 419.596 556.024 686.197 669.744 806.892 828.703 603.071 321.8 474.011 826.046 495.289 147.44 1000000000.0 72.745 532.75 679.866 222.184
255.977 582.378 928.995 848.931 104.295 818.098 885.729 427.445 297.149 872.687 621.039 519.009 820.795 412.857 910.759 72.745 1000000000.0 233.541 89.582 222.484
41.875 224.476 943.437 713.23 109.437 464.409 459.851 739.244 600.87 988.426 592.166 892.709 127.876 283.174 476.272 532.75 233.541 1000000000.0 882.092 985.127
346.888 48.753 10.239 395.209 55.088 17.717 358.529 318.02 240.016 303.954 209.882 274.271 765.148 455.268 258.835 679.866 89.582 882.092 1000000000.0 804.247
894.157 30.575 724.424 647.365 764.489 201.951 312.469 797.29 342.521 85.993 789.603 882.173 538.943 869.687 738.368 222.184 222.484 985.127 804.247 1000000000.0
