20
1000000000.0 883.941 827.015 256.481 28.987 84.136 570.052 302.593 16.862 407.808 51.584 370.606 799.375 959.832 185.253 740.304 342.441 747.215 306.158 866.205
883.941 1000000000.0 995.659 274.126 91.854 379.928 586.596 570.935 450.452 188.302 661.723 421.662 573.816 429.339 77.511 766.548 513.262 121.197 656.17 42.087
827.015 995.659 1000000000.0 269.416 801.327 588.447 389.657 861.369 706.339 80.363 710.626 156.388 560.31 812.629 187.23 360.696 871.502 308.427 680.082 558.812
256.481 274.126 269.416 1000000000.0 530.939 612.012 106.264 738.734 748.789 31.907 170.995 929.553 407.93 690.831 834.339 156.678 753.531 841.815 887.075 619.355
28.987 91.854 801.327 530.939 1000000000.0 272.199 665.894 866.018 640.205 366.381 707.236 28.716 857.002 190.362 973.797 976.13 964.939 242.84 748.041 664.425
84.136 379.928 588.447 612.012 272.199 1000000000.0 11.479 370.134 607.726 310.144 656.744 516.937 776.818 512.48 257.493 643.387 460.346 696.938 174.895 99.775
570.052 586.596 389.657 106.264 665.894 11.479 1000000000.0 352.036 705.885 418.352 165.615 98.583 348.736 347.928 895.705 615.61 859.759 990.619 638.644 814.809
302.593 570.935 861.369 738.734 866.018 370.134 352.036 1000000000.0 471.538 694.414 752.853 603.062 413.278 979.496 165.671 859.263 616.267 193.534 827.677 737.201
16.862 450.452 706.339 748.789 640.205 607.726 705.885 471.538 1000000000.0 59.405 906.788 761.978 20.856 314.695 4.58 12.998 693.694 200.341 658.171 274.725
407.808 188.302 80.363 31.907 366.381 310.144 418.352 694.414 59.405 1000000000.0 965.919 474.131 630.952 908.323 862.763 520.609 261.643 742.605 403.513 713.476
51.584 661.723 710.626 170.995 707.236 656.744 165.615 752.853 906.788 965.919 1000000000.0 385.122 80.8 953.367 58.972 133.081 846.682 869.309 332.076 977.371
370.606 421.662 156.388 929.553 28.716 516.937 98.583 603.062 761.978 474.131 385.122 1000000000.0 465.181 178.168 302.99 356.151 910.481 94.865 913.545 395.611
799.375 573.816 560.31 407.93 857.002 776.818 348.736 413.278 20.856 630.952 80.8 465.181 1000000000.0 454.881 364.087 110.137 284.462 301.634 125.77 225.747
959.832 429.339 812.629 690.831 190.362 512.48 347.928 979.496 314.695 908.323 953.367 178.168 454.881 1000000000.0 138.103 150.443 616.447 866.543 174.342 569.776
185.253 77.511 187.23 834.339 973.797 257.493 895.705 165.671 4.58 862.763 58.972 302.99 364.087 138.103 1000000000.0 244.25 510.051 586.754 239.049 119.668
740.304 766.548 360.696 156.678 976.13 643.387 615.61 859.263 12.998 520.609 133.081 356.151 110.137 150.443 244.25 1000000000.0 66.677 209.464 763.673 342.59
342.441 513.262 871.502 753.531 964.939 460.346 859.759 616.267 693.694 261.643 846.682 910.481 284.462 616.447 510.051 66.677 1000000000.0 969.769 785.843 897.486
747.215 121.197 308.427 841.815 242.84 696.938 990.619 193.534 200.341 742.605 869.309 94.865 301.634 866.543 586.754 209.464 969.769 1000000000.0 293.576 52.122
306.158 656.17 680.082 887.075 748.041 174.895 638.644 827.677 658.171 403.513 332.076 913.545 125.77 174.342 239.049 763.673 785.843 293.576 1000000000.0 38.646
866.205 42.087 558.812 619.355 664.425 99.775 814.809 737.201 274.725 713.476 977.371 395.611 225.747 569.776 119.668 342.59 897.486 52.122 38.646 1000000000.0
