50
1000000000.0 283.517 987.525 277.762 535.901 795.105 527.762 493.089 366.264 375.879 921.638 626.131 952.522 531.019 186.985 575.404 681.821 654.448 946.503 358.049 700.524 624.403 929.922 524.412 762.626 254.06 837.997 400.876 112.467 825.135 791.128 83.853 277.158 878.44 261.294 59.521 522.266 434.646 993.296 851.369 621.244 959.25 922.499 461.797 31.134 676.446 20.265 735.751 27.345 948.062
283.517 1000000000.0 935.693 743.248 220.735 260.576 140.036 689.148 73.93 194.56 523.356 49.381 269.149 148.461 56.382 331.691 282.002 101.212 184.622 760.376 47.509 628.124 841.87 131.206 918.69 959.827 839.593 432.212 80.103 401.756 815.449 778.773 831.267 385.239 3.539 763.763 914.101 179.091 765.034 812.71 204.063 905.589 295.189 701.853 31.786 86.324 757.626 815.106 590.586 221.326
987.525 935.693 1000000000.0 401.106 717.216 361.621 677.004 204.416 399.663 18.892 71.089 972.648 825.352 379.047 63.173 742.245 21.971 436.353 44.606 603.403 956.275 609.543 287.75 591.041 628.596 378.549 999.875 708.04 136.778 863.793 73.801 35.608 160.111 610.015 570.579 549.819 485.454 637.966 761.603 845.672 885.518 965.712 846.246 305.908 539.361 146.05 458.065 950.617 112.751 954.619
277.762 743.248 401.106 1000000000.0 585.726 352.455 407.765 906.689 407.895 198.713 811.265 718.487 72.307 507.801 647.559 59.925 142.064 448.356 199.55 997.355 430.039 205.745 916.33 64.499 570.317 938.967 583.271 583.499 491.646 988.1 444.335 839.11 690.587 778.606 571.116 663.357 186.569 250.772 165.67 691.965 968.844 280.823 923.363 514.768 309.21 11.637 194.124 344.025 595.073 109.578
535.901 220.735 717.216 585.726 1000000000.0 372.687 198.272 925.1 523.762 438.358 873.382 676.995 729.093 165.984 685.334 143.252 759.221 181.113 905.345 719.359 942.465 644.049 681.934 732.388 151.201 664.213 912.417 875.409 866.202 671.226 434.107 966.302 983.349 659.015 829.171 827.477 228.148 3.288 411.172 984.06 366.326 139.551 398.413 273.612 649.048 350.373 615.482 627.669 606.624 37.938
795.105 260.576 361.621 352.455 372.687 1000000000.0 729.052 320.061 786.389 208.345 586.414 465.807 417.159 233.253 669.979 911.224 314.704 235.442 214.542 228.682 901.786 382.346 532.685 645.958 126.942 119.31 146.041 612.639 430.082 752.447 446.511 674.039 931.286 878.931 858.461 890.412 133.305 376.913 997.04 890.008 879.423 233.851 110.71 717.39 191.641 840.466 494.943 304.752 812.694 608.538
527.762 140.036 677.004 407.765 198.272 729.052 1000000000.0 692.733 309.805 226.838 845.774 675.328 976.171 963.848 843.875 934.814 95.786 845.067 23.757 981.704 113.416 693.581 194.312 968.856 776.984 657.917 999.814 78.667 415.731 393.298 386.576 663.702 750.978 849.828 340.852 570.961 184.202 296.377 77.04 937.535 864.018 549.531 519.747 499.302 96.977 792.343 203.656 776.418 153.614 122.082
493.089 689.148 204.416 906.689 925.1 320.061 692.733 1000000000.0 414.895 274.139 150.505 705.146 693.495 39.543 637.981 344.918 506.773 145.617 773.141 557.119 966.596 666.385 79.515 352.13 521.376 126.444 602.288 861.107 26.854 128.206 281.749 477.323 352.189 647.453 743.238 262.965 355.568 225.395 664.059 825.557 498.726 623.226 131.229 674.184 336.676 255.501 334.161 276.28 689.609 531.567
366.264 73.93 399.663 407.895 523.762 786.389 309.805 414.895 1000000000.0 71.09 256.797 348.448 532.822 291.129 956.932 155.025 387.62 223.268 110.815 507.922 354.631 38.084 927.92 604.402 734.582 71.485 852.213 135.44 742.796 859.399 809.856 778.677 100.701 553.853 495.473 217.737 427.411 848.022 709.231 50.706 659.932 491.021 312.219 808.016 389.804 143.615 449.015 192.894 314.949 125.439
375.879 194.56 18.892 198.713 438.358 208.345 226.838 274.139 71.09 1000000000.0 416.269 675.23 331.961 55.216 270.037 906.488 678.809 664.768 308.785 682.102 117.623 918.927 104.379 768.786 676.253 657.894 6.591 337.548 428.745 920.075 160.765 990.621 354.584 700.64 193.467 394.434 212.733 665.35 489.372 405.332 640.641 325.081 724.058 295.718 212.321 485.334 405.775 275.001 58.982 734.841
921.638 523.356 71.089 811.265 873.382 586.414 845.774 150.505 256.797 416.269 1000000000.0 485.362 120.912 147.221 233.087 492.439 850.06 392.834 535.917 418.151 183.922 271.813 792.112 278.821 820.135 479.322 558.562 987.913 19.808 727.532 352.856 245.824 782.267 765.011 654.593 4.689 253.345 103.103 310.124 755.303 717.424 398.502 803.277 873.295 953.974 276.614 681.797 876.106 649.33 495.426
626.131 49.381 972.648 718.487 676.995 465.807 675.328 705.146 348.448 675.23 485.362 1000000000.0 336.552 141.596 343.085 419.743 837.278 766.587 407.386 849.48 67.709 165.63 25.907 928.508 30.604 529.996 61.311 391.662 496.018 385.291 134.422 953.473 868.956 623.532 804.907 216.454 310.722 779.792 372.654 319.258 831.2 997.07 229.72 68.559 182.336 250.596 888.334 238.972 5.913 185.123
952.522 269.149 825.352 72.307 729.093 417.159 976.171 693.495 532.822 331.961 120.912 336.552 1000000000.0 98.084 680.282 464.605 743.945 507.961 239.654 554.319 338.643 949.751 804.956 965.112 77.929 105.974 423.052 384.66 47.622 686.357 348.505 900.05 961.375 524.144 772.865 341.148 195.4 548.382 977.047 934.065 528.391 943.437 472.072 767.514 935.656 190.719 549.567 293.324 458.873 233.631
531.019 148.461 379.047 507.801 165.984 233.253 963.848 39.543 291.129 55.216 147.221 141.596 98.084 1000000000.0 233.201 513.95 394.581 97.495 62.502 670.941 52.243 930.835 365.392 565.144 743.052 708.783 363.265 361.651 256.911 569.888 414.989 972.06 356.852 119.936 610.694 66.064 960.744 585.364 397.662 865.984 797.128 446.91 363.5 74.487 173.439 350.444 118.861 167.847 929.631 914.178
186.985 56.382 63.173 647.559 685.334 669.979 843.875 637.981 956.932 270.037 233.087 343.085 680.282 233.201 1000000000.0 807.565 810.926 112.293 618.851 754.169 899.438 689.35 451.307 122.857 883.268 889.021 334.455 873.748 205.709 814.283 627.304 27.885 770.351 574.996 243.118 80.454 796.547 998.248 404.258 710.625 646.286 858.969 267.573 552.484 26.599 629.129 598.99 962.445 115.613 728.022
575.404 331.691 742.245 59.925 143.252 911.224 934.814 344.918 155.025 906.488 492.439 419.743 464.605 513.95 807.565 1000000000.0 182.495 204.647 659.401 673.102 710.581 869.924 325.539 370.422 720.52 545.068 514.028 34.72 853.63 520.677 148.739 796.079 598.293 262.114 908.762 160.795 930.496 1.915 277.72 930.129 318.701 874.344 92.178 852.36 160.396 392.677 579.095 76.931 541.867 129.258
681.821 282.002 21.971 142.064 759.221 314.704 95.786 506.773 387.62 678.809 850.06 837.278 743.945 394.581 810.926 182.495 1000000000.0 679.892 261.136 907.604 51.32 729.025 318.68 827.394 850.504 817.875 788.926 616.867 464.955 534.965 201.321 871.7 624.95 809.787 262.065 734.517 87.262 386.636 550.548 436.511 786.583 592.818 962.922 110.876 51.054 780.514 520.476 821.434 392.26 754.543
654.448 101.212 436.353 448.356 181.113 235.442 845.067 145.617 223.268 664.768 392.834 766.587 507.961 97.495 112.293 204.647 679.892 1000000000.0 467.744 755.106 587.685 741.35 27.702 448.274 548.015 229.8 370.898 378.514 723.966 147.525 602.257 308.532 45.707 637.112 960.937 622.115 186.199 593.2 739.76 468.628 706.543 298.448 801.002 271.601 461.72 33.795 17.569 599.039 148.375 533.029
946.503 184.622 44.606 199.55 905.345 214.542 23.757 773.141 110.815 308.785 535.917 407.386 239.654 62.502 618.851 659.401 261.136 467.744 1000000000.0 91.19 940.507 897.429 532.151 953.057 191.276 289.725 719.062 861.982 162.918 286.489 550.079 462.718 142.244 414.687 824.371 916.711 317.139 451.43 592.662 336.669 259.268 462.191 569.138 624.149 871.122 918.263 323.995 681.767 297.869 336.77
358.049 760.376 603.403 997.355 719.359 228.682 981.704 557.119 507.922 682.102 418.151 849.48 554.319 670.941 754.169 673.102 907.604 755.106 91.19 1000000000.0 60.102 578.315 386.043 54.629 232.232 978.169 597.068 478.024 798.208 368.527 277.857 711.652 666.744 235.673 590.172 532.61 7.028 114.395 180.439 539.262 116.562 851.032 579.497 246.609 27.879 312.257 102.991 183.478 776.814 314.724
700.524 47.509 956.275 430.039 942.465 901.786 113.416 966.596 354.631 117.623 183.922 67.709 338.643 52.243 899.438 710.581 51.32 587.685 940.507 60.102 1000000000.0 222.175 958.125 916.975 716.283 916.112 696.298 598.173 778.487 788.857 964.019 913.822 260.448 174.729 892.637 683.331 652.082 296.036 55.092 83.757 306.816 348.661 184.052 471.865 580.072 575.327 544.814 593.384 857.408 30.281
624.403 628.124 609.543 205.745 644.049 382.346 693.581 666.385 38.084 918.927 271.813 165.63 949.751 930.835 689.35 869.924 729.025 741.35 897.429 578.315 222.175 1000000000.0 850.169 971.41 847.796 459.671 778.619 410.263 526.839 311.738 18.083 945.659 734.366 550.841 971.005 779.9 509.302 302.8 597.49 252.823 80.146 794.182 145.178 347.723 815.662 998.155 905.096 779.21 332.033 761.007
929.922 841.87 287.75 916.33 681.934 532.685 194.312 79.515 927.92 104.379 792.112 25.907 804.956 365.392 451.307 325.539 318.68 27.702 532.151 386.043 958.125 850.169 1000000000.0 312.961 404.461 806.555 830.611 659.346 609.636 515.761 284.679 630.161 398.534 131.59 836.093 473.59 933.429 643.179 988.298 841.264 197.761 433.075 72.292 560.257 328.63 894.413 145.774 989.583 11.699 759.643
524.412 131.206 591.041 64.499 732.388 645.958 968.856 352.13 604.402 768.786 278.821 928.508 965.112 565.144 122.857 370.422 827.394 448.274 953.057 54.629 916.975 971.41 312.961 1000000000.0 135.676 607.558 955.904 636.136 864.177 243.213 884.748 660.394 894.304 61.246 974.59 251.143 878.425 848.453 166.144 859.146 992.537 465.735 196.856 936.604 463.855 184.897 698.882 674.578 647.749 192.041
762.626 918.69 628.596 570.317 151.201 126.942 776.984 521.376 734.582 676.253 820.135 30.604 77.929 743.052 883.268 720.52 850.504 548.015 191.276 232.232 716.283 847.796 404.461 135.676 1000000000.0 575.996 973.991 983.551 863.786 379.614 147.079 384.994 69.885 334.902 149.814 301.959 957.527 430.068 489.564 755.331 666.306 674.606 290.112 124.155 882.474 468.06 532.601 70.995 311.617 369.599
254.06 959.827 378.549 938.967 664.213 119.31 657.917 126.444 71.485 657.894 479.322 529.996 105.974 708.783 889.021 545.068 817.875 229.8 289.725 978.169 916.112 459.671 806.555 607.558 575.996 1000000000.0 399.61 156.751 881.994 792.411 354.875 703.35 801.381 342.447 857.77 391.334 574.271 836.749 326.688 878.34 353.923 571.225 983.184 508.519 539.733 224.576 857.413 481.438 873.258 205.496
837.997 839.593 999.875 583.271 912.417 146.041 999.814 602.288 852.213 6.591 558.562 61.311 423.052 363.265 334.455 514.028 788.926 370.898 719.062 597.068 696.298 778.619 830.611 955.904 973.991 399.61 1000000000.0 255.807 789.098 287.095 971.857 306.431 4.317 803.729 347.491 490.815 281.703 716.188 18.906 727.115 622.939 595.261 572.949 941.998 512.81 36.582 797.566 877.474 496.057 369.108
400.876 432.212 708.04 583.499 875.409 612.639 78.667 861.107 135.44 337.548 987.913 391.662 384.66 361.651 873.748 34.72 616.867 378.514 861.982 478.024 598.173 410.263 659.346 636.136 983.551 156.751 255.807 1000000000.0 821.716 208.471 493.817 173.982 221.85 254.648 267.57 827.455 217.612 172.539 16.372 321.659 434.476 78.448 474.972 662.148 754.444 122.722 733.983 92.558 538.878 640.833
112.467 80.103 136.778 491.646 866.202 430.082 415.731 26.854 742.796 428.745 19.808 496.018 47.622 256.911 205.709 853.63 464.955 723.966 162.918 798.208 778.487 526.839 609.636 864.177 863.786 881.994 789.098 821.716 1000000000.0 370.014 812.138 127.592 319.787 720.141 344.773 996.91 277.899 351.358 426.6 978.056 265.165 458.295 416.997 398.582 224.597 530.763 737.917 682.372 145.098 470.255
825.135 401.756 863.793 988.1 671.226 752.447 393.298 128.206 859.399 920.075 727.532 385.291 686.357 569.888 814.283 520.677 534.965 147.525 286.489 368.527 788.857 311.738 515.761 243.213 379.614 792.411 287.095 208.471 370.014 1000000000.0 31.847 49.953 639.474 925.452 307.377 202.494 145.236 953.17 719.347 141.191 65.433 205.485 678.154 12.939 727.606 379.464 666.72 2.222 208.096 209.274
791.128 815.449 73.801 444.335 434.107 446.511 386.576 281.749 809.856 160.765 352.856 134.422 348.505 414.989 627.304 148.739 201.321 602.257 550.079 277.857 964.019 18.083 284.679 884.748 147.079 354.875 971.857 493.817 812.138 31.847 1000000000.0 346.829 263.631 512.611 199.823 278.627 177.345 628.541 60.725 492.39 372.964 310.222 209.62 570.401 517.467 58.083 425.804 119.508 621.847 979.44
83.853 778.773 35.608 839.11 966.302 674.039 663.702 477.323 778.677 990.621 245.824 953.473 900.05 972.06 27.885 796.079 871.7 308.532 462.718 711.652 913.822 945.659 630.161 660.394 384.994 703.35 306.431 173.982 127.592 49.953 346.829 1000000000.0 566.696 28.363 260.523 538.899 788.43 624.968 230.014 164.391 752.48 992.428 91.077 875.419 279.876 431.87 890.622 514.916 178.631 350.907
277.158 831.267 160.111 690.587 983.349 931.286 750.978 352.189 100.701 354.584 782.267 868.956 961.375 356.852 770.351 598.293 624.95 45.707 142.244 666.744 260.448 734.366 398.534 894.304 69.885 801.381 4.317 221.85 319.787 639.474 263.631 566.696 1000000000.0 325.969 656.838 731.42 910.06 979.281 309.1 237.34 459.275 998.303 729.587 51.066 346.387 988.191 935.266 105.126 792.952 326.281
878.44 385.239 610.015 778.606 659.015 878.931 849.828 647.453 553.853 700.64 765.011 623.532 524.144 119.936 574.996 262.114 809.787 637.112 414.687 235.673 174.729 550.841 131.59 61.246 334.902 342.447 803.729 254.648 720.141 925.452 512.611 28.363 325.969 1000000000.0 918.548 36.629 530.732 3.142 176.366 633.899 902.224 961.427 872.136 542.187 650.985 747.629 386.719 650.101 753.215 853.341
261.294 3.539 570.579 571.116 829.171 858.461 340.852 743.238 495.473 193.467 654.593 804.907 772.865 610.694 243.118 908.762 262.065 960.937 824.371 590.172 892.637 971.005 836.093 974.59 149.814 857.77 347.491 267.57 344.773 307.377 199.823 260.523 656.838 918.548 1000000000.0 424.555 468.178 268.182 864.506 319.545 86.836 315.194 645.86 774.328 875.878 602.392 837.566 16.364 640.677 239.774
59.521 763.763 549.819 663.357 827.477 890.412 570.961 262.965 217.737 394.434 4.689 216.454 341.148 66.064 80.454 160.795 734.517 622.115 916.711 532.61 683.331 779.9 473.59 251.143 301.959 391.334 490.815 827.455 996.91 202.494 278.627 538.899 731.42 36.629 424.555 1000000000.0 752.654 696.974 361.211 730.007 136.479 974.055 896.178 259.421 760.079 693.003 819.911 402.14 873.439 472.632
522.266 914.101 485.454 186.569 228.148 133.305 184.202 355.568 427.411 212.733 253.345 310.722 195.4 960.744 796.547 930.496 87.262 186.199 317.139 7.028 652.082 509.302 933.429 878.425 957.527 574.271 281.703 217.612 277.899 145.236 177.345 788.43 910.06 530.732 468.178 752.654 1000000000.0 452.81 413.186 293.253 345.897 615.819 305.514 497.592 1.413 805.444 257.652 687.014 801.642 379.287
434.646 179.091 637.966 250.772 3.288 376.913 296.377 225.395 848.022 665.35 103.103 779.792 548.382 585.364 998.248 1.915 386.636 593.2 451.43 114.395 296.036 302.8 643.179 848.453 430.068 836.749 716.188 172.539 351.358 953.17 628.541 624.968 979.281 3.142 268.182 696.974 452.81 1000000000.0 712.583 978.144 766.053 757.914 574.323 842.538 868.858 918.434 709.399 824.308 894.103 82.362
993.296 765.034 761.603 165.67 411.172 997.04 77.04 664.059 709.231 489.372 310.124 372.654 977.047 397.662 404.258 277.72 550.548 739.76 592.662 180.439 55.092 597.49 988.298 166.144 489.564 326.688 18.906 16.372 426.6 719.347 60.725 230.014 309.1 176.366 864.506 361.211 413.186 712.583 1000000000.0 80.561 789.441 707.237 740.846 962.821 580.99 47.342 809.578 704.211 379.353 651.855
851.369 812.71 845.672 691.965 984.06 890.008 937.535 825.557 50.706 405.332 755.303 319.258 934.065 865.984 710.625 930.129 436.511 468.628 336.669 539.262 83.757 252.823 841.264 859.146 755.331 878.34 727.115 321.659 978.056 141.191 492.39 164.391 237.34 633.899 319.545 730.007 293.253 978.144 80.561 1000000000.0 129.451 582.692 923.343 250.366 516.293 321.533 408.887 557.164 607.66 429.468
621.244 204.063 885.518 968.844 366.326 879.423 864.018 498.726 659.932 640.641 717.424 831.2 528.391 797.128 646.286 318.701 786.583 706.543 259.268 116.562 306.816 80.146 197.761 992.537 666.306 353.923 622.939 434.476 265.165 65.433 372.964 752.48 459.275 902.224 86.836 136.479 345.897 766.053 789.441 129.451 1000000000.0 395.21 623.372 508.147 718.376 125.159 74.803 290.034 146.442 610.069
959.25 905.589 965.712 280.823 139.551 233.851 549.531 623.226 491.021 325.081 398.502 997.07 943.437 446.91 858.969 874.344 592.818 298.448 462.191 851.032 348.661 794.182 433.075 465.735 674.606 571.225 595.261 78.448 458.295 205.485 310.222 992.428 998.303 961.427 315.194 974.055 615.819 757.914 707.237 582.692 395.21 1000000000.0 706.349 992.318 196.076 400.356 931.934 270.264 199.579 604.968
922.499 295.189 846.246 923.363 398.413 110.71 519.747 131.229 312.219 724.058 803.277 229.72 472.072 363.5 267.573 92.178 962.922 801.002 569.138 579.497 184.052 145.178 72.292 196.856 290.112 983.184 572.949 474.972 416.997 678.154 209.62 91.077 729.587 872.136 645.86 896.178 305.514 574.323 740.846 923.343 623.372 706.349 1000000000.0 116.597 930.829 285.824 945.018 427.977 466.557 738.803
461.797 701.853 305.908 514.768 273.612 717.39 499.302 674.184 808.016 295.718 873.295 68.559 767.514 74.487 552.484 852.36 110.876 271.601 624.149 246.609 471.865 347.723 560.257 936.604 124.155 508.519 941.998 662.148 398.582 12.939 570.401 875.419 51.066 542.187 774.328 259.421 497.592 842.538 962.821 250.366 508.147 992.318 116.597 1000000000.0 916.011 275.84 776.422 278.65 801.797 839.657
31.134 31.786 539.361 309.21 649.048 191.641 96.977 336.676 389.804 212.321 953.974 182.336 935.656 173.439 26.599 160.396 51.054 461.72 871.122 27.879 580.072 815.662 328.63 463.855 882.474 539.733 512.81 754.444 224.597 727.606 517.467 279.876 346.387 650.985 875.878 760.079 1.413 868.858 580.99 516.293 718.376 196.076 930.829 916.011 1000000000.0 27.471 289.762 592.926 61.342 115.648
676.446 86.324 146.05 11.637 350.373 840.466 792.343 255.501 143.615 485.334 276.614 250.596 190.719 350.444 629.129 392.677 780.514 33.795 918.263 312.257 575.327 998.155 894.413 184.897 468.06 224.576 36.582 122.722 530.763 379.464 58.083 431.87 988.191 747.629 602.392 693.003 805.444 918.434 47.342 321.533 125.159 400.356 285.824 275.84 27.471 1000000000.0 188.351 198.9 570.132 698.469
20.265 757.626 458.065 194.124 615.482 494.943 203.656 334.161 449.015 405.775 681.797 888.334 549.567 118.861 598.99 579.095 520.476 17.569 323.995 102.991 544.814 905.096 145.774 698.882 532.601 857.413 797.566 733.983 737.917 666.72 425.804 890.622 935.266 386.719 837.566 819.911 257.652 709.399 809.578 408.887 74.803 931.934 945.018 776.422 289.762 188.351 1000000000.0 250.724 549.933 526.166
735.751 815.106 950.617 344.025 627.669 304.752 776.418 276.28 192.894 275.001 876.106 238.972 293.324 167.847 962.445 76.931 821.434 599.039 681.767 183.478 593.384 779.21 989.583 674.578 70.995 481.438 877.474 92.558 682.372 2.222 119.508 514.916 105.126 650.101 16.364 402.14 687.014 824.308 704.211 557.164 290.034 270.264 427.977 278.65 592.926 198.9 250.724 1000000000.0 68.385 59.844
27.345 590.586 112.751 595.073 606.624 812.694 153.614 689.609 314.949 58.982 649.33 5.913 458.873 929.631 115.613 541.867 392.26 148.375 297.869 776.814 857.408 332.033 11.699 647.749 311.617 873.258 496.057 538.878 145.098 208.096 621.847 178.631 792.952 753.215 640.677 873.439 801.642 894.103 379.353 607.66 146.442 199.579 466.557 801.797 61.342 570.132 549.933 68.385 1000000000.0 958.143
948.062 221.326 954.619 109.578 37.938 608.538 122.082 531.567 125.439 734.841 495.426 185.123 233.631 914.178 728.022 129.258 754.543 533.029 336.77 314.724 30.281 761.007 759.643 192.041 369.599 205.496 369.108 640.833 470.255 209.274 979.44 350.907 326.281 853.341 239.774 472.632 379.287 82.362 651.855 429.468 610.069 604.968 738.803 839.657 115.648 698.469 526.166 59.844 958.143 1000000000.0
