50
1000000000.0 424.93 725.312 116.523 101.445 259.752 771.314 61.784 894.219 296.672 243.808 588.245 598.428 810.541 949.58 543.896 963.12 270.717 452.711 171.105 603.081 499.677 648.597 633.245 294.967 124.394 922.371 814.2 314.235 902.151 323.148 12.604 215.43 187.634 669.907 626.308 241.309 35.221 556.773 13.997 402.049 923.921 717.245 373.545 458.227 438.389 501.193 436.807 193.008 288.82
424.93 1000000000.0 742.47 275.546 3.647 613.807 644.954 636.168 564.981 675.057 910.41 886.773 123.769 446.627 574.101 265.776 149.793 347.499 825.032 89.442 852.476 742.646 63.521 375.564 857.712 325.708 17.582 391.679 475.549 256.544 258.035 301.218 562.527 672.558 728.257 384.229 110.043 34.511 930.306 293.149 458.946 119.576 878.098 896.383 437.66 81.499 178.135 891.644 437.888 507.903
725.312 742.47 1000000000.0 917.188 860.995 366.86 532.42 858.22 220.245 209.909 161.047 333.53 862.599 800.114 734.245 664.001 712.14 504.439 408.191 679.213 987.584 963.355 765.903 12.073 782.969 639.089 148.178 982.813 986.054 431.135 278.998 123.647 545.582 505.122 614.842 3.974 303.606 103.192 182.409 307.768 294.618 825.159 765.187 884.642 77.527 141.297 342.25 717.999 783.542 762.546
116.523 275.546 917.188 1000000000.0 255.717 515.236 495.454 169.583 635.166 875.106 831.523 366.448 82.707 991.259 231.564 252.693 777.458 446.185 331.567 985.693 870.197 994.542 623.845 314.656 387.533 679.167 630.862 125.541 676.82 540.028 412.762 915.927 238.872 117.855 151.968 653.268 302.778 659.132 639.384 225.2 67.873 886.417 575.317 743.858 876.083 929.742 660.838 631.136 143.571 901.504
101.445 3.647 860.995 255.717 1000000000.0 735.245 227.654 558.924 301.823 669.302 104.555 868.397 878.768 168.747 69.592 332.439 151.854 600.456 236.637 201.458 390.143 235.538 886.338 912.547 186.339 439.066 234.221 117.56 767.399 596.681 490.311 803.404 329.781 753.28 616.124 761.701 16.876 544.668 646.888 986.71 671.871 169.338 650.017 58.627 51.944 495.076 998.591 287.958 183.912 109.902
259.752 613.807 366.86 515.236 735.245 1000000000.0 346.434 858.818 130.049 73.635 626.771 577.954 454.169 773.877 498.672 446.587 156.11 732.737 930.706 649.052 583.526 986.417 158.098 152.368 861.561 887.615 300.755 248.632 755.511 389.977 435.511 549.168 818.512 466.532 47.283 484.233 106.439 740.097 931.435 438.86 181.81 553.015 384.807 205.119 458.681 409.245 303.145 122.954 996.747 263.459
771.314 644.954 532.42 495.454 227.654 346.434 1000000000.0 201.463 171.911 607.882 224.744 749.821 202.607 20.223 475.969 898.386 502.812 738.52 387.154 403.46 422.609 67.127 309.938 737.926 404.447 980.952 908.634 11.011 358.425 511.002 980.789 597.182 428.576 369.252 585.658 659.203 248.159 869.576 815.662 200.821 662.281 81.868 769.502 29.812 663.607 871.451 185.592 926.21 627.165 524.578
61.784 636.168 858.22 169.583 558.924 858.818 201.463 1000000000.0 600.669 615.191 544.545 976.728 63.654 91.603 920.965 89.725 471.677 520.774 836.994 128.957 46.257 568.028 680.237 577.991 278.474 214.379 846.915 797.784 644.681 210.171 643.373 451.319 650.412 989.566 492.366 604.705 955.968 5.332 276.092 531.314 230.766 474.168 846.238 513.672 803.551 389.539 879.419 204.774 498.387 94.403
894.219 564.981 220.245 635.166 301.823 130.049 171.911 600.669 1000000000.0 755.618 856.231 872.479 602.922 436.632 672.868 962.184 960.496 51.177 357.728 73.85 940.925 122.523 396.469 898.594 491.668 760.158 750.562 748.577 833.196 659.345 421.162 480.942 310.286 475.169 478.703 567.436 916.939 86.132 686.968 550.343 146.543 575.219 421.654 212.277 340.487 289.761 470.786 834.478 984.927 887.93
296.672 675.057 209.909 875.106 669.302 73.635 607.882 615.191 755.618 1000000000.0 379.75 829.951 279.117 208.833 676.828 141.221 163.475 944.157 48.482 820.012 47.157 359.883 412.712 637.69 874.896 970.01 109.255 919.319 426.782 125.846 123.794 682.224 257.048 481.532 850.759 912.202 728.824 504.417 712.976 276.83 477.005 577.783 690.224 836.243 96.018 433.519 700.059 894.726 518.637 435.775
243.808 910.41 161.047 831.523 104.555 626.771 224.744 544.545 856.231 379.75 1000000000.0 148.546 54.705 865.788 274.371 64.609 41.073 940.249 305.901 795.867 946.294 546.263 808.697 444.904 942.885 777.099 439.159 597.169 116.11 685.527 56.127 771.8 493.015 224.513 326.413 589.018 14.971 231.293 624.774 606.454 333.587 381.044 727.966 155.079 823.427 767.272 606.063 400.452 167.343 546.675
588.245 886.773 333.53 366.448 868.397 577.954 749.821 976.728 872.479 829.951 148.546 1000000000.0 711.719 423.322 80.976 495.105 443.547 361.86 122.627 476.943 259.753 115.313 728.243 280.677 573.867 891.167 15.499 131.149 418.923 905.506 517.131 780.092 867.18 863.875 891.575 903.798 185.661 749.71 504.232 166.721 702.118 526.087 248.632 118.98 118.198 225.08 847.445 378.28 684.123 442.639
598.428 123.769 862.599 82.707 878.768 454.169 202.607 63.654 602.922 279.117 54.705 711.719 1000000000.0 381.829 210.708 806.651 208.533 598.468 417.606 504.732 466.09 834.214 544.942 942.263 228.411 913.957 862.011 546.232 646.938 68.14 384.751 120.495 890.429 430.951 760.888 423.799 625.454 63.803 765.359 991.444 633.749 751.519 756.857 423.594 567.441 885.943 166.286 585.654 770.229 862.92
810.541 446.627 800.114 991.259 168.747 773.877 20.223 91.603 436.632 208.833 865.788 423.322 381.829 1000000000.0 819.569 570.638 982.356 801.026 143.63 239.22 575.604 302.494 477.785 163.621 195.872 473.411 67.493 32.712 397.012 983.812 528.299 908.494 539.875 821.47 268.38 80.97 799.181 661.77 330.327 373.699 748.937 155.715 68.075 115.432 933.129 778.301 299.05 510.917 680.939 863.779
949.58 574.101 734.245 231.564 69.592 498.672 475.969 920.965 672.868 676.828 274.371 80.976 210.708 819.569 1000000000.0 579.498 140.503 64.139 6.917 199.504 635.943 496.971 443.427 91.376 41.315 835.663 229.763 359.678 807.606 636.718 889.41 3.591 367.705 360.374 463.471 435.252 814.319 921.443 280.213 445.451 378.662 979.426 331.926 414.821 452.343 69.323 11.994 100.933 527.618 672.262
543.896 265.776 664.001 252.693 332.439 446.587 898.386 89.725 962.184 141.221 64.609 495.105 806.651 570.638 579.498 1000000000.0 369.168 583.017 512.467 507.077 286.774 980.867 685.347 498.001 815.664 508.081 675.505 603.913 185.755 594.86 719.361 872.25 209.863 208.861 189.157 371.178 183.701 309.376 983.816 807.718 730.601 334.721 505.12 856.543 776.733 6.406 170.296 657.916 312.783 272.69
963.12 149.793 712.14 777.458 151.854 156.11 502.812 471.677 960.496 163.475 41.073 443.547 208.533 982.356 140.503 369.168 1000000000.0 536.966 311.644 653.173 680.203 338.648 948.744 637.074 855.634 663.997 645.671 377.643 905.017 80.373 429.201 122.499 165.239 312.414 579.528 930.057 900.83 183.919 747.976 981.031 452.754 125.594 792.514 947.648 725.179 823.464 89.835 727.996 357.958 614.0
270.717 347.499 504.439 446.185 600.456 732.737 738.52 520.774 51.177 944.157 940.249 361.86 598.468 801.026 64.139 583.017 536.966 1000000000.0 90.92 865.224 657.971 342.924 372.276 727.139 623.415 833.349 251.484 202.246 151.625 262.497 720.116 180.658 786.739 475.82 238.86 916.13 98.417 255.919 607.139 638.386 367.208 439.2 877.607 528.985 401.654 808.32 149.405 372.986 309.505 112.618
452.711 825.032 408.191 331.567 236.637 930.706 387.154 836.994 357.728 48.482 305.901 122.627 417.606 143.63 6.917 512.467 311.644 90.92 1000000000.0 427.237 278.692 635.403 393.122 284.709 630.231 887.655 880.955 158.027 85.378 685.703 700.012 978.532 308.035 132.756 839.615 130.422 446.809 890.494 204.598 509.066 443.308 21.158 413.438 959.628 71.581 206.582 378.697 971.076 93.476 694.566
171.105 89.442 679.213 985.693 201.458 649.052 403.46 128.957 73.85 820.012 795.867 476.943 504.732 239.22 199.504 507.077 653.173 865.224 427.237 1000000000.0 395.858 572.823 252.25 395.238 349.424 572.579 542.605 996.517 804.347 205.542 88.05 792.23 609.637 64.292 235.296 310.007 958.941 323.154 917.592 20.29 83.421 381.184 155.067 488.339 931.657 809.135 473.532 550.186 92.028 564.502
603.081 852.476 987.584 870.197 390.143 583.526 422.609 46.257 940.925 47.157 946.294 259.753 466.09 575.604 635.943 286.774 680.203 657.971 278.692 395.858 1000000000.0 709.305 666.75 344.556 453.807 237.4 529.995 379.676 195.695 550.809 543.993 604.26 292.286 6.536 285.008 37.281 435.952 630.547 729.667 865.24 710.663 391.595 308.185 266.58 728.793 358.887 459.683 296.089 509.38 796.682
499.677 742.646 963.355 994.542 235.538 986.417 67.127 568.028 122.523 359.883 546.263 115.313 834.214 302.494 496.971 980.867 338.648 342.924 635.403 572.823 709.305 1000000000.0 809.729 904.794 605.386 585.709 324.216 471.877 333.8 575.843 314.857 380.783 707.995 955.406 565.277 46.531 964.772 19.136 502.629 360.873 311.648 943.235 78.15 183.3 30.919 218.527 248.642 296.942 685.229 447.615
648.597 63.521 765.903 623.845 886.338 158.098 309.938 680.237 396.469 412.712 808.697 728.243 544.942 477.785 443.427 685.347 948.744 372.276 393.122 252.25 666.75 809.729 1000000000.0 941.844 747.439 956.866 103.36 100.766 290.517 215.842 634.988 197.035 702.519 591.905 598.495 943.181 999.608 325.052 727.025 300.975 42.004 790.672 11.898 605.969 82.129 243.489 140.246 530.05 506.327 921.466
633.245 375.564 12.073 314.656 912.547 152.368 737.926 577.991 898.594 637.69 444.904 280.677 942.263 163.621 91.376 498.001 637.074 727.139 284.709 395.238 344.556 904.794 941.844 1000000000.0 849.977 450.269 31.967 389.122 28.757 882.264 81.659 112.739 128.134 671.227 446.975 382.885 653.77 265.393 370.24 228.561 910.639 618.547 535.158 332.534 445.585 595.854 144.495 409.553 879.386 120.137
294.967 857.712 782.969 387.533 186.339 861.561 404.447 278.474 491.668 874.896 942.885 573.867 228.411 195.872 41.315 815.664 855.634 623.415 630.231 349.424 453.807 605.386 747.439 849.977 1000000000.0 90.425 947.92 83.338 475.951 176.536 714.699 51.847 330.912 842.462 155.622 705.505 882.466 346.733 609.64 370.779 214.312 425.863 996.309 926.564 263.412 252.152 229.652 645.503 858.847 853.909
124.394 325.708 639.089 679.167 439.066 887.615 980.952 214.379 760.158 970.01 777.099 891.167 913.957 473.411 835.663 508.081 663.997 833.349 887.655 572.579 237.4 585.709 956.866 450.269 90.425 1000000000.0 251.565 847.222 635.772 646.735 242.242 873.348 704.791 974.371 576.535 124.245 800.011 59.217 141.462 433.958 717.695 353.984 238.453 862.135 248.087 17.623 859.037 241.851 595.955 691.224
922.371 17.582 148.178 630.862 234.221 300.755 908.634 846.915 750.562 109.255 439.159 15.499 862.011 67.493 229.763 675.505 645.671 251.484 880.955 542.605 529.995 324.216 103.36 31.967 947.92 251.565 1000000000.0 821.981 958.073 416.426 726.614 793.335 83.735 567.82 736.652 807.638 653.971 265.621 244.875 630.176 294.926 722.971 155.195 910.565 230.271 955.521 13.979 154.256 997.261 7.144
814.2 391.679 982.813 125.541 117.56 248.632 11.011 797.784 748.577 919.319 597.169 131.149 546.232 32.712 359.678 603.913 377.643 202.246 158.027 996.517 379.676 471.877 100.766 389.122 83.338 847.222 821.981 1000000000.0 466.57 291.504 639.794 589.487 55.741 17.252 393.123 794.925 502.666 91.642 888.166 37.626 452.644 226.605 62.083 630.927 260.726 673.48 89.802 685.158 313.783 765.389
314.235 475.549 986.054 676.82 767.399 755.511 358.425 644.681 833.196 426.782 116.11 418.923 646.938 397.012 807.606 185.755 905.017 151.625 85.378 804.347 195.695 333.8 290.517 28.757 475.951 635.772 958.073 466.57 1000000000.0 506.818 401.216 856.055 641.482 765.987 996.982 834.26 186.316 103.238 322.753 548.116 246.121 737.744 708.516 371.409 399.066 87.802 951.108 379.935 822.579 554.797
902.151 256.544 431.135 540.028 596.681 389.977 511.002 210.171 659.345 125.846 685.527 905.506 68.14 983.812 636.718 594.86 80.373 262.497 685.703 205.542 550.809 575.843 215.842 882.264 176.536 646.735 416.426 291.504 506.818 1000000000.0 965.174 623.496 897.077 210.157 987.405 826.669 886.102 457.184 979.328 234.369 454.49 713.721 998.083 517.639 847.721 468.239 150.879 963.758 958.29 532.809
323.148 258.035 278.998 412.762 490.311 435.511 980.789 643.373 421.162 123.794 56.127 517.131 384.751 528.299 889.41 719.361 429.201 720.116 700.012 88.05 543.993 314.857 634.988 81.659 714.699 242.242 726.614 639.794 401.216 965.174 1000000000.0 234.826 802.5 901.777 972.638 917.942 549.072 177.723 330.322 579.44 635.755 939.746 547.449 213.558 975.7 10.785 189.219 685.847 523.052 881.722
12.604 301.218 123.647 915.927 803.404 549.168 597.182 451.319 480.942 682.224 771.8 780.092 120.495 908.494 3.591 872.25 122.499 180.658 978.532 792.23 604.26 380.783 197.035 112.739 51.847 873.348 793.335 589.487 856.055 623.496 234.826 1000000000.0 937.259 107.476 204.784 383.751 802.338 834.943 107.21 918.046 561.324 93.674 922.51 826.526 240.363 303.006 538.564 610.282 659.476 459.528
215.43 562.527 545.582 238.872 329.781 818.512 428.576 650.412 310.286 257.048 493.015 867.18 890.429 539.875 367.705 209.863 165.239 786.739 308.035 609.637 292.286 707.995 702.519 128.134 330.912 704.791 83.735 55.741 641.482 897.077 802.5 937.259 1000000000.0 553.436 773.446 340.549 525.622 499.742 454.095 295.124 428.3 547.495 962.189 323.862 703.223 1.527 446.848 330.861 337.458 348.126
187.634 672.558 505.122 117.855 753.28 466.532 369.252 989.566 475.169 481.532 224.513 863.875 430.951 821.47 360.374 208.861 312.414 475.82 132.756 64.292 6.536 955.406 591.905 671.227 842.462 974.371 567.82 17.252 765.987 210.157 901.777 107.476 553.436 1000000000.0 31.852 74.553 313.973 160.821 223.304 761.028 641.17 245.965 30.783 884.499 716.231 24.58 479.141 294.613 294.138 618.522
669.907 728.257 614.842 151.968 616.124 47.283 585.658 492.366 478.703 850.759 326.413 891.575 760.888 268.38 463.471 189.157 579.528 238.86 839.615 235.296 285.008 565.277 598.495 446.975 155.622 576.535 736.652 393.123 996.982 987.405 972.638 204.784 773.446 31.852 1000000000.0 404.553 419.205 947.576 700.127 729.792 319.941 828.239 606.895 417.518 919.136 113.133 136.612 586.8 394.484 200.76
626.308 384.229 3.974 653.268 761.701 484.233 659.203 604.705 567.436 912.202 589.018 903.798 423.799 80.97 435.252 371.178 930.057 916.13 130.422 310.007 37.281 46.531 943.181 382.885 705.505 124.245 807.638 794.925 834.26 826.669 917.942 383.751 340.549 74.553 404.553 1000000000.0 601.257 552.608 183.405 986.982 574.452 433.299 690.718 124.199 169.586 863.343 844.434 427.527 617.661 871.767
241.309 110.043 303.606 302.778 16.876 106.439 248.159 955.968 916.939 728.824 14.971 185.661 625.454 799.181 814.319 183.701 900.83 98.417 446.809 958.941 435.952 964.772 999.608 653.77 882.466 800.011 653.971 502.666 186.316 886.102 549.072 802.338 525.622 313.973 419.205 601.257 1000000000.0 633.914 236.359 946.734 883.371 370.164 175.1 354.867 955.454 215.116 364.41 473.973 682.416 674.044
35.221 34.511 103.192 659.132 544.668 740.097 869.576 5.332 86.132 504.417 231.293 749.71 63.803 661.77 921.443 309.376 183.919 255.919 890.494 323.154 630.547 19.136 325.052 265.393 346.733 59.217 265.621 91.642 103.238 457.184 177.723 834.943 499.742 160.821 947.576 552.608 633.914 1000000000.0 440.444 121.692 849.048 617.242 551.59 456.214 167.249 697.215 664.72 740.506 764.56 764.216
556.773 930.306 182.409 639.384 646.888 931.435 815.662 276.092 686.968 712.976 624.774 504.232 765.359 330.327 280.213 983.816 747.976 607.139 204.598 917.592 729.667 502.629 727.025 370.24 609.64 141.462 244.875 888.166 322.753 979.328 330.322 107.21 454.095 223.304 700.127 183.405 236.359 440.444 1000000000.0 254.151 843.087 278.663 679.301 37.597 994.591 882.849 286.761 862.064 236.319 943.412
13.997 293.149 307.768 225.2 986.71 438.86 200.821 531.314 550.343 276.83 606.454 166.721 991.444 373.699 445.451 807.718 981.031 638.386 509.066 20.29 865.24 360.873 300.975 228.561 370.779 433.958 630.176 37.626 548.116 234.369 579.44 918.046 295.124 761.028 729.792 986.982 946.734 121.692 254.151 1000000000.0 118.464 283.589 414.93 317.775 698.222 690.761 59.033 526.778 652.691 505.396
402.049 458.946 294.618 67.873 671.871 181.81 662.281 230.766 146.543 477.005 333.587 702.118 633.749 748.937 378.662 730.601 452.754 367.208 443.308 83.421 710.663 311.648 42.004 910.639 214.312 717.695 294.926 452.644 246.121 454.49 635.755 561.324 428.3 641.17 319.941 574.452 883.371 849.048 843.087 118.464 1000000000.0 768.139 578.881 543.232 313.519 640.263 39.767 965.188 326.718 403.737
923.921 119.576 825.159 886.417 169.338 553.015 81.868 474.168 575.219 577.783 381.044 526.087 751.519 155.715 979.426 334.721 125.594 439.2 21.158 381.184 391.595 943.235 790.672 618.547 425.863 353.984 722.971 226.605 737.744 713.721 939.746 93.674 547.495 245.965 828.239 433.299 370.164 617.242 278.663 283.589 768.139 1000000000.0 125.373 56.092 695.53 749.507 324.128 688.208 471.962 906.846
717.245 878.098 765.187 575.317 650.017 384.807 769.502 846.238 421.654 690.224 727.966 248.632 756.857 68.075 331.926 505.12 792.514 877.607 413.438 155.067 308.185 78.15 11.898 535.158 996.309 238.453 155.195 62.083 708.516 998.083 547.449 922.51 962.189 30.783 606.895 690.718 175.1 551.59 679.301 414.93 578.881 125.373 1000000000.0 77.149 864.402 712.611 911.019 868.394 619.0 358.226
373.545 896.383 884.642 743.858 58.627 205.119 29.812 513.672 212.277 836.243 155.079 118.98 423.594 115.432 414.821 856.543 947.648 528.985 959.628 488.339 266.58 183.3 605.969 332.534 926.564 862.135 910.565 630.927 371.409 517.639 213.558 826.526 323.862 884.499 417.518 124.199 354.867 456.214 37.597 317.775 543.232 56.092 77.149 1000000000.0 209.863 168.111 448.42 250.782 732.637 315.737
458.227 437.66 77.527 876.083 51.944 458.681 663.607 803.551 340.487 96.018 823.427 118.198 567.441 933.129 452.343 776.733 725.179 401.654 71.581 931.657 728.793 30.919 82.129 445.585 263.412 248.087 230.271 260.726 399.066 847.721 975.7 240.363 703.223 716.231 919.136 169.586 955.454 167.249 994.591 698.222 313.519 695.53 864.402 209.863 1000000000.0 767.641 891.19 473.222 534.227 16.642
438.389 81.499 141.297 929.742 495.076 409.245 871.451 389.539 289.761 433.519 767.272 225.08 885.943 778.301 69.323 6.406 823.464 808.32 206.582 809.135 358.887 218.527 243.489 595.854 252.152 17.623 955.521 673.48 87.802 468.239 10.785 303.006 1.527 24.58 113.133 863.343 215.116 697.215 882.849 690.761 640.263 749.507 712.611 168.111 767.641 1000000000.0 287.63 547.912 181.871 691.464
501.193 178.135 342.25 660.838 998.591 303.145 185.592 879.419 470.786 700.059 606.063 847.445 166.286 299.05 11.994 170.296 89.835 149.405 378.697 473.532 459.683 248.642 140.246 144.495 229.652 859.037 13.979 89.802 951.108 150.879 189.219 538.564 446.848 479.141 136.612 844.434 364.41 664.72 286.761 59.033 39.767 324.128 911.019 448.42 891.19 287.63 1000000000.0 931.814 371.633 331.62
436.807 891.644 717.999 631.136 287.958 122.954 926.21 204.774 834.478 894.726 400.452 378.28 585.654 510.917 100.933 657.916 727.996 372.986 971.076 550.186 296.089 296.942 530.05 409.553 645.503 241.851 154.256 685.158 379.935 963.758 685.847 610.282 330.861 294.613 586.8 427.527 473.973 740.506 862.064 526.778 965.188 688.208 868.394 250.782 473.222 547.912 931.814 1000000000.0 809.37 646.19
193.008 437.888 783.542 143.571 183.912 996.747 627.165 498.387 984.927 518.637 167.343 684.123 770.229 680.939 527.618 312.783 357.958 309.505 93.476 92.028 509.38 685.229 506.327 879.386 858.847 595.955 997.261 313.783 822.579 958.29 523.052 659.476 337.458 294.138 394.484 617.661 682.416 764.56 236.319 652.691 326.718 471.962 619.0 732.637 534.227 181.871 371.633 809.37 1000000000.0 646.137
288.82 507.903 762.546 901.504 109.902 263.459 524.578 94.403 887.93 435.775 546.675 442.639 862.92 863.779 672.262 272.69 614.0 112.618 694.566 564.502 796.682 447.615 921.466 120.137 853.909 691.224 7.144 765.389 554.797 532.809 881.722 459.528 348.126 618.522 200.76 871.767 674.044 764.216 943.412 505.396 403.737 906.846 358.226 315.737 16.642 691.464 331.62 646.19 646.137 1000000000.0
