50
1000000000.0 801.972 128.633 782.671 980.293 539.438 730.103 186.368 56.668 297.854 573.642 773.734 900.887 324.09 478.186 295.584 844.694 747.548 171.728 776.941 176.005 656.966 223.718 977.407 885.22 553.044 649.399 361.926 584.591 79.783 463.114 849.244 783.662 705.026 873.252 871.756 524.257 286.685 866.493 152.766 961.238 389.927 129.304 233.642 988.311 426.771 435.496 559.974 542.948 855.235
801.972 1000000000.0 359.176 226.112 874.351 809.11 279.73 160.872 308.685 697.345 643.185 593.665 653.183 707.67 862.557 944.968 324.574 571.327 401.243 141.554 620.425 975.298 346.953 365.466 98.049 706.881 151.819 26.655 192.082 858.556 287.329 770.028 956.328 923.826 951.741 658.752 712.138 724.308 343.338 951.647 651.039 458.479 858.889 229.813 543.451 420.188 631.912 131.714 153.76 498.823
128.633 359.176 1000000000.0 461.919 678.316 848.292 119.535 288.938 344.927 304.591 195.601 303.715 875.329 981.51 787.786 268.283 213.133 906.052 578.968 497.583 266.653 998.169 700.156 682.919 188.957 863.327 313.087 703.748 911.731 297.657 464.359 437.052 752.757 520.83 436.518 749.183 424.034 373.925 598.873 563.078 883.891 348.402 920.024 955.108 889.065 581.753 597.796 783.653 112.321 835.281
782.671 226.112 461.919 1000000000.0 430.652 301.46 981.731 619.517 207.978 385.298 761.604 636.93 486.398 124.611 203.992 905.973 123.34 347.727 787.045 331.554 835.638 609.13 240.353 952.034 881.949 707.496 110.608 72.682 521.439 395.706 317.245 787.414 803.835 714.019 163.337 17.395 226.801 555.336 534.14 746.246 850.944 990.647 392.477 155.166 996.711 164.846 414.138 866.819 44.571 810.834
980.293 874.351 678.316 430.652 1000000000.0 933.31 3.249 328.85 259.359 790.604 691.323 839.543 590.509 104.049 669.557 200.858 691.655 466.598 274.015 555.152 361.027 727.381 51.547 698.401 746.45 905.357 619.957 627.199 912.966 742.143 57.0 964.643 221.152 453.781 743.77 820.718 406.164 972.758 438.936 379.54 478.999 175.266 113.386 653.42 843.31 867.605 649.032 538.622 11.237 967.24
539.438 809.11 848.292 301.46 933.31 1000000000.0 483.274 385.001 586.031 933.974 608.746 649.622 364.835 750.531 618.805 942.0 417.863 543.062 818.177 736.444 882.53 170.331 471.86 40.08 788.95 864.212 739.215 660.833 421.296 965.251 181.711 945.207 849.264 258.303 622.988 746.066 409.588 252.157 916.309 208.318 271.638 856.822 36.125 473.802 560.043 868.976 875.153 995.73 96.393 192.587
730.103 279.73 119.535 981.731 3.249 483.274 1000000000.0 77.995 658.634 389.028 913.894 516.496 315.472 166.652 791.387 879.571 431.127 326.133 275.883 598.847 790.735 583.572 406.961 805.565 602.113 432.746 624.913 960.132 863.774 6.167 413.594 927.026 867.276 399.68 82.612 455.623 905.84 448.896 417.258 173.753 602.739 98.491 360.509 833.964 491.128 91.506 229.095 289.323 787.516 470.824
186.368 160.872 288.938 619.517 328.85 385.001 77.995 1000000000.0 565.206 130.805 31.093 505.971 30.729 467.097 881.893 753.496 965.25 916.114 735.61 257.531 328.41 851.536 918.279 188.883 686.025 106.706 527.179 547.932 844.706 424.973 689.347 457.681 522.449 965.841 114.665 558.721 271.598 148.07 437.883 868.661 438.959 826.73 982.11 195.586 828.514 197.317 997.359 424.674 418.923 696.403
56.668 308.685 344.927 207.978 259.359 586.031 658.634 565.206 1000000000.0 272.621 673.599 728.783 27.138 832.321 929.564 707.254 830.394 788.767 20.637 31.009 348.28 932.817 307.822 505.796 54.06 617.723 239.033 457.665 427.47 167.829 37.955 988.603 828.056 503.268 741.351 720.445 101.601 191.463 194.888 433.619 230.609 36.705 417.463 862.76 659.471 373.668 901.868 329.922 885.745 283.616
297.854 697.345 304.591 385.298 790.604 933.974 389.028 130.805 272.621 1000000000.0 145.83 634.557 281.597 770.672 976.28 878.77 251.31 924.402 287.626 838.193 622.7 931.812 174.24 804.232 222.574 497.63 303.627 405.505 65.186 288.016 240.067 626.594 203.724 135.885 532.757 50.955 753.709 620.876 367.41 42.816 487.644 603.124 613.526 574.525 204.805 399.179 37.176 56.12 453.513 957.171
573.642 643.185 195.601 761.604 691.323 608.746 913.894 31.093 673.599 145.83 1000000000.0 298.794 492.932 689.179 286.477 117.71 757.505 111.568 147.848 612.645 275.143 33.435 842.234 899.324 485.998 11.37 356.79 548.034 103.463 777.348 794.903 550.62 691.348 937.123 802.714 596.692 306.795 760.568 355.021 802.547 755.617 323.877 775.811 303.892 731.652 798.142 619.964 693.092 449.174 237.67
773.734 593.665 303.715 636.93 839.543 649.622 516.496 505.971 728.783 634.557 298.794 1000000000.0 513.771 236.842 878.42 365.543 362.011 794.891 14.408 626.961 464.953 431.207 506.207 306.44 948.605 7.337 661.32 807.657 447.275 89.335 919.698 666.144 267.98 249.097 748.713 964.08 211.316 70.966 688.439 98.988 809.836 835.668 362.599 623.705 374.895 739.195 757.194 117.457 236.31 44.777
900.887 653.183 875.329 486.398 590.509 364.835 315.472 30.729 27.138 281.597 492.932 513.771 1000000000.0 997.802 561.682 962.808 597.216 45.022 923.871 561.921 917.354 950.533 658.267 336.595 848.374 309.166 13.437 749.405 912.518 747.9 666.144 837.127 865.251 668.767 671.736 734.813 799.865 256.286 15.965 189.665 627.684 159.667 331.856 518.059 500.53 946.851 550.931 980.263 140.246 660.016
324.09 707.67 981.51 124.611 104.049 750.531 166.652 467.097 832.321 770.672 689.179 236.842 997.802 1000000000.0 81.629 492.589 135.714 395.66 150.837 427.866 88.957 18.973 923.799 600.433 178.012 261.353 152.711 742.503 967.639 187.279 57.308 145.121 573.888 184.244 57.965 99.337 575.516 162.168 817.999 166.187 166.099 649.485 54.007 319.529 602.319 929.308 412.761 901.152 230.928 443.897
478.186 862.557 787.786 203.992 669.557 618.805 791.387 881.893 929.564 976.28 286.477 878.42 561.682 81.629 1000000000.0 221.206 898.072 309.634 664.878 411.525 443.926 380.381 904.633 931.352 638.076 591.236 299.147 314.365 210.904 403.472 81.927 242.368 614.902 875.606 751.182 844.188 568.959 161.642 290.94 732.371 195.172 243.856 50.031 269.242 830.578 576.335 769.55 447.532 151.438 920.214
295.584 944.968 268.283 905.973 200.858 942.0 879.571 753.496 707.254 878.77 117.71 365.543 962.808 492.589 221.206 1000000000.0 531.579 187.501 142.72 854.702 784.898 922.196 127.945 260.021 602.882 902.625 824.752 625.421 608.047 71.957 794.004 12.705 152.254 63.823 817.138 139.136 680.131 811.278 194.284 222.78 790.748 290.062 254.941 935.765 23.459 128.548 383.756 544.117 686.089 425.814
844.694 324.574 213.133 123.34 691.655 417.863 431.127 965.25 830.394 251.31 757.505 362.011 597.216 135.714 898.072 531.579 1000000000.0 267.684 207.466 747.08 169.467 165.775 158.517 915.705 39.356 301.973 829.88 398.808 528.714 741.696 738.537 448.539 115.361 630.057 505.019 431.718 397.263 258.55 972.615 320.66 251.2 284.34 793.957 481.478 123.028 218.084 929.584 737.636 847.527 746.622
747.548 571.327 906.052 347.727 466.598 543.062 326.133 916.114 788.767 924.402 111.568 794.891 45.022 395.66 309.634 187.501 267.684 1000000000.0 19.171 984.541 77.634 470.867 404.587 147.564 425.937 267.304 467.158 183.424 265.334 786.989 765.58 150.951 158.59 801.522 583.436 861.528 615.502 742.013 895.063 523.819 722.113 189.774 921.393 265.239 424.069 806.987 242.339 496.526 449.874 326.095
171.728 401.243 578.968 787.045 274.015 818.177 275.883 735.61 20.637 287.626 147.848 14.408 923.871 150.837 664.878 142.72 207.466 19.171 1000000000.0 668.767 250.277 491.176 111.501 318.978 191.027 354.527 397.532 791.518 898.046 662.293 431.34 584.587 533.067 745.241 356.902 89.168 197.116 277.741 853.228 785.913 171.295 267.994 55.119 512.842 2.103 380.143 903.448 822.637 717.547 21.998
776.941 141.554 497.583 331.554 555.152 736.444 598.847 257.531 31.009 838.193 612.645 626.961 561.921 427.866 411.525 854.702 747.08 984.541 668.767 1000000000.0 430.716 347.449 692.333 128.712 707.051 149.561 145.591 628.574 876.122 534.743 297.189 65.106 291.318 780.675 55.11 517.701 399.521 168.765 699.767 699.426 500.453 922.372 221.528 701.179 949.93 863.835 494.734 880.318 683.469 886.362
176.005 620.425 266.653 835.638 361.027 882.53 790.735 328.41 348.28 622.7 275.143 464.953 917.354 88.957 443.926 784.898 169.467 77.634 250.277 430.716 1000000000.0 200.58 973.722 675.34 679.736 166.315 950.276 506.257 408.218 799.517 408.571 889.74 289.108 96.953 814.19 109.396 310.793 670.347 589.754 269.342 78.3 98.278 719.484 585.688 415.804 173.186 99.817 507.869 824.318 385.427
656.966 975.298 998.169 609.13 727.381 170.331 583.572 851.536 932.817 931.812 33.435 431.207 950.533 18.973 380.381 922.196 165.775 470.867 491.176 347.449 200.58 1000000000.0 784.332 242.489 434.286 251.957 889.212 111.946 172.92 275.355 590.983 185.986 517.053 384.704 933.757 480.213 155.733 364.201 679.73 910.897 378.201 925.692 167.401 171.616 848.684 424.505 731.027 434.598 923.751 926.63
223.718 346.953 700.156 240.353 51.547 471.86 406.961 918.279 307.822 174.24 842.234 506.207 658.267 923.799 904.633 127.945 158.517 404.587 111.501 692.333 973.722 784.332 1000000000.0 395.606 734.336 120.21 723.156 904.542 818.642 181.587 439.398 826.357 224.595 665.725 659.914 258.148 305.572 82.026 306.573 329.763 607.75 989.077 566.374 65.485 874.857 929.818 670.635 875.93 488.284 633.914
977.407 365.466 682.919 952.034 698.401 40.08 805.565 188.883 505.796 804.232 899.324 306.44 336.595 600.433 931.352 260.021 915.705 147.564 318.978 128.712 675.34 242.489 395.606 1000000000.0 98.997 948.925 28.836 393.574 348.574 135.607 550.361 660.889 370.413 370.581 998.073 862.847 493.042 582.517 125.813 680.594 103.548 530.782 860.832 183.815 293.701 504.846 732.079 499.254 453.486 606.688
885.22 98.049 188.957 881.949 746.45 788.95 602.113 686.025 54.06 222.574 485.998 948.605 848.374 178.012 638.076 602.882 39.356 425.937 191.027 707.051 679.736 434.286 734.336 98.997 1000000000.0 526.458 304.392 957.025 630.758 524.391 191.687 681.197 461.388 768.697 380.068 735.148 80.236 48.293 412.099 709.63 153.381 588.91 688.531 275.529 708.464 799.694 117.243 415.473 770.387 539.333
553.044 706.881 863.327 707.496 905.357 864.212 432.746 106.706 617.723 497.63 11.37 7.337 309.166 261.353 591.236 902.625 301.973 267.304 354.527 149.561 166.315 251.957 120.21 948.925 526.458 1000000000.0 130.944 259.83 918.202 587.149 540.474 45.266 235.915 515.346 907.394 949.821 897.483 775.215 323.932 886.343 634.74 917.555 602.386 581.569 908.3 314.706 907.937 144.046 495.683 324.961
649.399 151.819 313.087 110.608 619.957 739.215 624.913 527.179 239.033 303.627 356.79 661.32 13.437 152.711 299.147 824.752 829.88 467.158 397.532 145.591 950.276 889.212 723.156 28.836 304.392 130.944 1000000000.0 747.899 13.354 741.237 659.42 604.596 169.958 757.557 22.605 186.98 695.268 633.017 510.892 912.613 995.021 326.229 297.944 97.112 892.675 449.457 851.793 625.888 846.57 784.235
361.926 26.655 703.748 72.682 627.199 660.833 960.132 547.932 457.665 405.505 548.034 807.657 749.405 742.503 314.365 625.421 398.808 183.424 791.518 628.574 506.257 111.946 904.542 393.574 957.025 259.83 747.899 1000000000.0 392.628 693.331 863.976 257.145 329.161 149.35 201.161 462.397 584.663 330.878 868.452 308.532 692.6 655.208 42.027 526.369 286.268 960.786 557.664 590.342 404.017 90.155
584.591 192.082 911.731 521.439 912.966 421.296 863.774 844.706 427.47 65.186 103.463 447.275 912.518 967.639 210.904 608.047 528.714 265.334 898.046 876.122 408.218 172.92 818.642 348.574 630.758 918.202 13.354 392.628 1000000000.0 710.176 930.997 544.973 126.123 903.491 926.26 197.114 603.211 833.888 350.396 749.821 168.621 649.895 315.45 124.871 949.414 808.245 593.793 688.129 419.386 980.169
79.783 858.556 297.657 395.706 742.143 965.251 6.167 424.973 167.829 288.016 777.348 89.335 747.9 187.279 403.472 71.957 741.696 786.989 662.293 534.743 799.517 275.355 181.587 135.607 524.391 587.149 741.237 693.331 710.176 1000000000.0 751.785 405.777 329.059 890.977 857.776 982.841 916.987 264.676 583.868 804.404 385.905 23.818 154.02 802.508 777.43 958.072 779.936 527.99 216.244 875.556
463.114 287.329 464.359 317.245 57.0 181.711 413.594 689.347 37.955 240.067 794.903 919.698 666.144 57.308 81.927 794.004 738.537 765.58 431.34 297.189 408.571 590.983 439.398 550.361 191.687 540.474 659.42 863.976 930.997 751.785 1000000000.0 47.426 674.015 390.66 325.458 758.127 794.628 763.933 165.068 20.305 973.305 468.728 245.333 537.767 513.33 508.612 444.554 444.513 900.795 252.755
849.244 770.028 437.052 787.414 964.643 945.207 927.026 457.681 988.603 626.594 550.62 666.144 837.127 145.121 242.368 12.705 448.539 150.951 584.587 65.106 889.74 185.986 826.357 660.889 681.197 45.266 604.596 257.145 544.973 405.777 47.426 1000000000.0 170.635 734.175 937.254 269.561 784.193 58.788 89.828 559.824 326.505 525.449 808.249 972.522 496.873 255.44 725.354 588.513 143.751 873.444
783.662 956.328 752.757 803.835 221.152 849.264 867.276 522.449 828.056 203.724 691.348 267.98 865.251 573.888 614.902 152.254 115.361 158.59 533.067 291.318 289.108 517.053 224.595 370.413 461.388 235.915 169.958 329.161 126.123 329.059 674.015 170.635 1000000000.0 762.986 116.996 94.699 132.722 136.473 208.292 194.681 136.186 1.065 606.692 286.136 652.983 146.496 313.058 236.493 598.258 338.787
705.026 923.826 520.83 714.019 453.781 258.303 399.68 965.841 503.268 135.885 937.123 249.097 668.767 184.244 875.606 63.823 630.057 801.522 745.241 780.675 96.953 384.704 665.725 370.581 768.697 515.346 757.557 149.35 903.491 890.977 390.66 734.175 762.986 1000000000.0 646.389 162.245 745.786 86.415 54.55 833.859 984.44 3.823 965.487 362.077 466.062 670.418 307.47 708.055 81.128 33.636
873.252 951.741 436.518 163.337 743.77 622.988 82.612 114.665 741.351 532.757 802.714 748.713 671.736 57.965 751.182 817.138 505.019 583.436 356.902 55.11 814.19 933.757 659.914 998.073 380.068 907.394 22.605 201.161 926.26 857.776 325.458 937.254 116.996 646.389 1000000000.0 494.289 475.893 266.19 59.623 428.753 757.708 31.617 698.768 245.814 413.883 214.047 310.667 745.608 234.043 718.456
871.756 658.752 749.183 17.395 820.718 746.066 455.623 558.721 720.445 50.955 596.692 964.08 734.813 99.337 844.188 139.136 431.718 861.528 89.168 517.701 109.396 480.213 258.148 862.847 735.148 949.821 186.98 462.397 197.114 982.841 758.127 269.561 94.699 162.245 494.289 1000000000.0 907.779 411.183 860.173 761.293 32.824 950.881 10.586 20.559 70.231 173.48 131.553 848.743 938.897 51.135
524.257 712.138 424.034 226.801 406.164 409.588 905.84 271.598 101.601 753.709 306.795 211.316 799.865 575.516 568.959 680.131 397.263 615.502 197.116 399.521 310.793 155.733 305.572 493.042 80.236 897.483 695.268 584.663 603.211 916.987 794.628 784.193 132.722 745.786 475.893 907.779 1000000000.0 443.728 982.939 194.86 307.07 730.987 760.126 458.85 622.039 442.458 626.749 74.315 188.311 76.735
286.685 724.308 373.925 555.336 972.758 252.157 448.896 148.07 191.463 620.876 760.568 70.966 256.286 162.168 161.642 811.278 258.55 742.013 277.741 168.765 670.347 364.201 82.026 582.517 48.293 775.215 633.017 330.878 833.888 264.676 763.933 58.788 136.473 86.415 266.19 411.183 443.728 1000000000.0 746.741 775.003 334.227 425.585 155.253 851.265 377.287 893.273 722.143 571.959 534.597 309.212
866.493 343.338 598.873 534.14 438.936 916.309 417.258 437.883 194.888 367.41 355.021 688.439 15.965 817.999 290.94 194.284 972.615 895.063 853.228 699.767 589.754 679.73 306.573 125.813 412.099 323.932 510.892 868.452 350.396 583.868 165.068 89.828 208.292 54.55 59.623 860.173 982.939 746.741 1000000000.0 32.838 774.293 986.426 856.06 180.82 374.99 517.138 825.679 276.517 516.768 294.943
152.766 951.647 563.078 746.246 379.54 208.318 173.753 868.661 433.619 42.816 802.547 98.988 189.665 166.187 732.371 222.78 320.66 523.819 785.913 699.426 269.342 910.897 329.763 680.594 709.63 886.343 912.613 308.532 749.821 804.404 20.305 559.824 194.681 833.859 428.753 761.293 194.86 775.003 32.838 1000000000.0 855.745 334.97 698.193 98.181 411.347 547.162 552.868 565.816 414.507 206.121
961.238 651.039 883.891 850.944 478.999 271.638 602.739 438.959 230.609 487.644 755.617 809.836 627.684 166.099 195.172 790.748 251.2 722.113 171.295 500.453 78.3 378.201 607.75 103.548 153.381 634.74 995.021 692.6 168.621 385.905 973.305 326.505 136.186 984.44 757.708 32.824 307.07 334.227 774.293 855.745 1000000000.0 44.828 48.76 801.659 461.94 886.546 653.931 183.424 489.944 920.346
389.927 458.479 348.402 990.647 175.266 856.822 98.491 826.73 36.705 603.124 323.877 835.668 159.667 649.485 243.856 290.062 284.34 189.774 267.994 922.372 98.278 925.692 989.077 530.782 588.91 917.555 326.229 655.208 649.895 23.818 468.728 525.449 1.065 3.823 31.617 950.881 730.987 425.585 986.426 334.97 44.828 1000000000.0 351.49 771.338 929.727 632.802 78.454 923.093 579.27 103.661
129.304 858.889 920.024 392.477 113.386 36.125 360.509 982.11 417.463 613.526 775.811 362.599 331.856 54.007 50.031 254.941 793.957 921.393 55.119 221.528 719.484 167.401 566.374 860.832 688.531 602.386 297.944 42.027 315.45 154.02 245.333 808.249 606.692 965.487 698.768 10.586 760.126 155.253 856.06 698.193 48.76 351.49 1000000000.0 21.066 593.357 911.175 155.332 269.812 192.876 136.417
233.642 229.813 955.108 155.166 653.42 473.802 833.964 195.586 862.76 574.525 303.892 623.705 518.059 319.529 269.242 935.765 481.478 265.239 512.842 701.179 585.688 171.616 65.485 183.815 275.529 581.569 97.112 526.369 124.871 802.508 537.767 972.522 286.136 362.077 245.814 20.559 458.85 851.265 180.82 98.181 801.659 771.338 21.066 1000000000.0 382.131 181.0 880.463 402.182 136.438 282.749
988.311 543.451 889.065 996.711 843.31 560.043 491.128 828.514 659.471 204.805 731.652 374.895 500.53 602.319 830.578 23.459 123.028 424.069 2.103 949.93 415.804 848.684 874.857 293.701 708.464 908.3 892.675 286.268 949.414 777.43 513.33 496.873 652.983 466.062 413.883 70.231 622.039 377.287 374.99 411.347 461.94 929.727 593.357 382.131 1000000000.0 743.611 96.817 937.404 461.067 275.412
426.771 420.188 581.753 164.846 867.605 868.976 91.506 197.317 373.668 399.179 798.142 739.195 946.851 929.308 576.335 128.548 218.084 806.987 380.143 863.835 173.186 424.505 929.818 504.846 799.694 314.706 449.457 960.786 808.245 958.072 508.612 255.44 146.496 670.418 214.047 173.48 442.458 893.273 517.138 547.162 886.546 632.802 911.175 181.0 743.611 1000000000.0 135.098 151.437 746.808 877.848
435.496 631.912 597.796 414.138 649.032 875.153 229.095 997.359 901.868 37.176 619.964 757.194 550.931 412.761 769.55 383.756 929.584 242.339 903.448 494.734 99.817 731.027 670.635 732.079 117.243 907.937 851.793 557.664 593.793 779.936 444.554 725.354 313.058 307.47 310.667 131.553 626.749 722.143 825.679 552.868 653.931 78.454 155.332 880.463 96.817 135.098 1000000000.0 90.729 258.902 343.525
559.974 131.714 783.653 866.819 538.622 995.73 289.323 424.674 329.922 56.12 693.092 117.457 980.263 901.152 447.532 544.117 737.636 496.526 822.637 880.318 507.869 434.598 875.93 499.254 415.473 144.046 625.888 590.342 688.129 527.99 444.513 588.513 236.493 708.055 745.608 848.743 74.315 571.959 276.517 565.816 183.424 923.093 269.812 402.182 937.404 151.437 90.729 1000000000.0 943.374 372.201
542.948 153.76 112.321 44.571 11.237 96.393 787.516 418.923 885.745 453.513 449.174 236.31 140.246 230.928 151.438 686.089 847.527 449.874 717.547 683.469 824.318 923.751 488.284 453.486 770.387 495.683 846.57 404.017 419.386 216.244 900.795 143.751 598.258 81.128 234.043 938.897 188.311 534.597 516.768 414.507 489.944 579.27 192.876 136.438 461.067 746.808 258.902 943.374 1000000000.0 534.036
855.235 498.823 835.281 810.834 967.24 192.587 470.824 696.403 283.616 957.171 237.67 44.777 660.016 443.897 920.214 425.814 746.622 326.095 21.998 886.362 385.427 926.63 633.914 606.688 539.333 324.961 784.235 90.155 980.169 875.556 252.755 873.444 338.787 33.636 718.456 51.135 76.735 309.212 294.943 206.121 920.346 103.661 136.417 282.749 275.412 877.848 343.525 372.201 534.036 1000000000.0
