50
1000000000.0 528.63 654.158 646.724 342.074 655.017 278.05 286.993 198.173 895.134 385.277 332.196 692.717 78.719 959.959 853.845 180.012 742.611 395.538 548.271 478.789 680.222 470.859 834.16 862.477 621.471 79.182 558.211 911.087 749.074 326.975 931.901 85.463 265.249 574.08 144.886 248.127 571.199 24.546 620.888 886.872 2.35 845.267 969.208 270.676 547.059 525.114 488.09 63.429 794.377
528.63 1000000000.0 615.67 334.319 46.201 440.897 707.27 722.313 396.778 554.2 461.879 453.935 109.786 214.955 921.058 125.025 657.918 290.761 36.215 339.865 594.014 587.538 987.282 478.943 571.812 279.496 700.183 224.418 169.343 121.883 144.965 567.454 322.666 443.589 75.169 437.73 99.887 167.741 398.214 282.072 763.937 889.072 318.112 873.212 637.823 260.602 647.109 917.541 554.349 796.28
654.158 615.67 1000000000.0 347.648 284.554 330.97 838.515 917.583 563.371 882.859 483.012 929.657 683.729 268.056 166.436 203.503 503.014 149.575 92.442 697.872 339.935 585.075 583.761 779.56 213.453 690.584 285.98 778.431 610.191 399.065 801.062 855.499 610.209 626.039 861.264 175.657 207.768 210.224 125.918 750.602 117.245 275.483 693.182 878.219 815.863 79.827 738.401 224.642 570.813 251.463
646.724 334.319 347.648 1000000000.0 961.252 689.996 138.354 191.738 199.862 752.221 80.388 556.818 665.029 904.296 315.98 780.078 602.408 876.017 383.531 956.303 705.378 474.362 69.667 702.724 954.668 892.281 633.16 140.948 485.866 966.773 650.565 216.066 455.695 80.606 764.864 293.8 52.857 312.12 554.009 940.675 755.26 680.57 489.738 816.955 336.765 827.258 52.932 269.835 136.793 880.116
342.074 46.201 284.554 961.252 1000000000.0 763.188 638.883 919.779 474.021 759.255 109.502 682.045 220.727 419.537 559.011 614.676 200.936 560.185 940.134 454.271 33.074 734.05 136.294 66.921 441.836 589.117 893.09 606.132 653.906 943.393 194.876 374.581 823.646 401.966 797.412 889.535 327.687 545.37 984.457 885.978 473.163 627.658 42.192 612.371 677.418 609.164 190.585 489.323 794.982 90.637
655.017 440.897 330.97 689.996 763.188 1000000000.0 520.831 403.08 940.056 598.094 836.768 822.721 996.162 105.445 47.393 28.198 668.146 938.374 911.283 292.881 754.481 340.32 159.953 739.646 184.312 690.558 204.905 107.686 141.006 348.699 881.288 753.551 146.455 671.86 278.311 420.996 858.786 146.755 757.168 299.124 94.611 252.614 610.632 529.085 159.611 273.86 163.983 461.244 101.897 256.06
278.05 707.27 838.515 138.354 638.883 520.831 1000000000.0 42.037 615.794 529.129 78.462 379.378 186.843 706.707 545.244 872.127 304.81 193.47 341.372 179.822 529.972 114.675 971.808 393.645 509.395 132.024 449.912 326.273 737.161 21.096 129.145 181.968 736.929 17.47 905.841 968.646 268.283 749.542 225.507 156.227 550.292 197.556 987.991 333.418 995.71 182.722 959.167 537.71 491.542 454.446
286.993 722.313 917.583 191.738 919.779 403.08 42.037 1000000000.0 398.15 968.944 112.996 92.842 502.648 558.11 134.003 362.455 930.346 9.473 738.218 776.376 909.722 668.703 867.065 692.789 839.729 770.422 178.81 433.892 687.297 67.003 541.024 614.138 87.541 165.965 933.54 351.489 37.913 900.652 260.415 98.537 831.455 758.377 290.884 684.739 159.358 604.002 667.032 521.801 11.621 381.368
198.173 396.778 563.371 199.862 474.021 940.056 615.794 398.15 1000000000.0 509.473 99.294 787.069 906.223 571.876 252.553 236.992 809.912 39.76 725.047 395.623 670.446 38.304 962.689 685.404 173.179 147.237 370.204 398.566 841.369 170.069 93.266 254.137 524.204 798.151 918.913 763.154 337.84 224.681 628.135 926.632 538.572 359.031 552.053 850.587 298.571 184.046 942.258 760.634 58.256 983.361
895.134 554.2 882.859 752.221 759.255 598.094 529.129 968.944 509.473 1000000000.0 884.539 330.53 214.745 544.752 299.164 601.78 969.097 938.988 903.498 446.279 344.13 486.855 522.254 156.892 432.865 814.181 249.534 23.902 880.997 62.74 980.546 789.396 502.862 341.031 217.981 844.755 115.965 858.707 100.664 379.34 232.363 713.549 727.644 363.704 584.508 281.018 743.861 293.269 760.887 479.614
385.277 461.879 483.012 80.388 109.502 836.768 78.462 112.996 99.294 884.539 1000000000.0 427.201 775.793 156.133 470.279 427.344 1.445 522.444 317.221 750.77 888.381 412.202 720.589 359.638 223.058 443.719 356.619 179.069 600.968 464.093 712.728 886.239 945.583 773.324 592.375 47.761 816.155 521.349 61.423 607.767 604.204 937.938 731.002 460.346 461.001 43.722 939.12 549.732 918.352 434.753
332.196 453.935 929.657 556.818 682.045 822.721 379.378 92.842 787.069 330.53 427.201 1000000000.0 249.867 591.434 402.853 141.313 160.885 736.637 177.467 916.984 428.61 777.112 205.521 860.747 383.961 955.51 417.867 288.783 293.279 71.59 295.34 774.468 351.013 627.835 894.19 845.826 91.725 28.327 71.715 226.956 95.65 479.399 607.647 896.24 712.666 688.264 322.881 616.956 295.344 678.836
692.717 109.786 683.729 665.029 220.727 996.162 186.843 502.648 906.223 214.745 775.793 249.867 1000000000.0 366.197 288.276 316.24 393.488 799.825 357.717 832.001 976.003 59.093 698.001 175.051 151.546 644.471 890.296 900.116 862.832 745.386 241.194 849.223 800.878 433.405 370.38 666.908 212.527 943.88 646.841 515.009 655.529 834.547 187.011 78.029 438.217 744.463 160.221 724.96 517.316 32.236
78.719 214.955 268.056 904.296 419.537 105.445 706.707 558.11 571.876 544.752 156.133 591.434 366.197 1000000000.0 279.184 644.11 250.703 717.91 446.054 713.67 679.619 310.824 182.386 186.999 352.143 254.2 325.002 789.069 124.101 926.243 58.534 669.652 367.224 824.661 785.012 938.779 392.542 509.526 314.444 876.343 67.054 951.963 17.081 293.352 2.66 58.378 543.364 615.943 615.054 593.424
959.959 921.058 166.436 315.98 559.011 47.393 545.244 134.003 252.553 299.164 470.279 402.853 288.276 279.184 1000000000.0 444.687 541.114 146.38 575.44 281.472 263.798 704.965 545.97 90.511 635.538 107.756 532.392 763.881 877.915 377.954 970.984 733.169 47.342 130.582 899.727 645.115 449.985 57.644 890.316 171.015 230.715 181.721 641.988 636.181 359.178 437.777 16.872 204.982 351.403 175.927
853.845 125.025 203.503 780.078 614.676 28.198 872.127 362.455 236.992 601.78 427.344 141.313 316.24 644.11 444.687 1000000000.0 966.015 717.394 56.345 716.509 310.28 72.727 456.633 470.154 887.667 364.295 152.65 546.032 881.864 607.116 834.882 125.115 247.829 758.28 238.377 335.478 808.96 751.491 208.747 650.365 277.886 714.328 713.075 117.789 493.851 6.655 120.05 619.068 118.45 989.952
180.012 657.918 503.014 602.408 200.936 668.146 304.81 930.346 809.912 969.097 1.445 160.885 393.488 250.703 541.114 966.015 1000000000.0 769.829 410.346 509.879 158.456 635.716 534.543 810.333 835.885 854.528 32.655 792.952 913.996 360.485 291.011 509.912 516.697 908.99 511.152 63.456 653.698 519.079 969.978 88.405 779.367 603.495 773.188 454.299 129.784 459.217 113.915 552.567 121.327 572.62
742.611 290.761 149.575 876.017 560.185 938.374 193.47 9.473 39.76 938.988 522.444 736.637 799.825 717.91 146.38 717.394 769.829 1000000000.0 975.661 819.231 519.18 495.834 520.701 497.314 685.026 467.321 310.327 580.625 561.096 214.058 950.853 238.114 758.067 356.05 732.868 279.646 980.821 833.252 326.661 523.993 26.461 905.949 803.796 673.585 756.678 610.049 709.852 580.881 162.282 57.562
395.538 36.215 92.442 383.531 940.134 911.283 341.372 738.218 725.047 903.498 317.221 177.467 357.717 446.054 575.44 56.345 410.346 975.661 1000000000.0 553.011 18.421 948.254 165.603 59.854 653.938 695.013 580.489 331.532 508.578 594.332 209.911 946.823 160.565 426.014 674.195 230.835 398.489 529.147 758.234 670.538 420.04 425.703 30.907 479.724 308.758 822.47 199.089 992.259 984.439 841.279
548.271 339.865 697.872 956.303 454.271 292.881 179.822 776.376 395.623 446.279 750.77 916.984 832.001 713.67 281.472 716.509 509.879 819.231 553.011 1000000000.0 638.239 260.151 156.294 447.307 904.831 263.241 228.318 801.191 591.619 491.039 265.949 360.287 810.96 313.93 439.547 461.147 278.723 427.066 577.04 655.966 577.528 688.022 372.476 295.56 890.699 557.277 665.868 984.433 20.016 784.747
478.789 594.014 339.935 705.378 33.074 754.481 529.972 909.722 670.446 344.13 888.381 428.61 976.003 679.619 263.798 310.28 158.456 519.18 18.421 638.239 1000000000.0 34.88 331.162 559.414 419.45 954.54 514.857 951.795 582.686 189.517 957.233 935.314 751.231 648.217 145.032 266.124 736.9 955.437 222.352 502.898 482.578 658.68 26.699 295.205 341.322 598.819 763.638 992.305 833.301 671.016
680.222 587.538 585.075 474.362 734.05 340.32 114.675 668.703 38.304 486.855 412.202 777.112 59.093 310.824 704.965 72.727 635.716 495.834 948.254 260.151 34.88 1000000000.0 51.969 490.844 550.778 616.198 227.366 36.238 881.309 639.104 848.263 356.895 535.095 792.104 764.816 270.595 294.287 275.229 431.471 274.296 950.113 253.976 291.804 500.161 114.195 607.319 269.597 864.029 446.936 292.916
470.859 987.282 583.761 69.667 136.294 159.953 971.808 867.065 962.689 522.254 720.589 205.521 698.001 182.386 545.97 456.633 534.543 520.701 165.603 156.294 331.162 51.969 1000000000.0 159.196 778.738 105.99 330.412 496.322 193.226 735.635 216.488 385.076 488.228 357.519 965.179 80.608 799.471 971.874 733.451 980.357 253.134 807.54 236.883 381.389 5.908 836.651 236.832 127.996 517.919 72.189
834.16 478.943 779.56 702.724 66.921 739.646 393.645 692.789 685.404 156.892 359.638 860.747 175.051 186.999 90.511 470.154 810.333 497.314 59.854 447.307 559.414 490.844 159.196 1000000000.0 835.385 900.909 298.511 144.958 392.309 561.712 770.703 632.005 763.214 419.073 213.71 353.474 666.454 191.477 6.646 3.287 916.183 925.324 333.461 544.75 566.416 162.246 303.102 364.028 941.604 343.904
862.477 571.812 213.453 954.668 441.836 184.312 509.395 839.729 173.179 432.865 223.058 383.961 151.546 352.143 635.538 887.667 835.885 685.026 653.938 904.831 419.45 550.778 778.738 835.385 1000000000.0 472.571 41.367 639.056 882.002 61.444 283.809 820.352 704.082 412.683 453.819 816.755 58.845 873.637 894.308 440.191 998.735 786.183 362.084 358.255 641.631 482.431 338.801 713.884 994.005 547.39
621.471 279.496 690.584 892.281 589.117 690.558 132.024 770.422 147.237 814.181 443.719 955.51 644.471 254.2 107.756 364.295 854.528 467.321 695.013 263.241 954.54 616.198 105.99 900.909 472.571 1000000000.0 28.606 395.562 416.878 926.205 373.46 811.494 54.816 955.302 958.458 481.774 95.684 180.261 376.175 121.834 297.783 306.173 94.416 536.975 383.748 586.929 179.155 724.993 403.531 426.692
79.182 700.183 285.98 633.16 893.09 204.905 449.912 178.81 370.204 249.534 356.619 417.867 890.296 325.002 532.392 152.65 32.655 310.327 580.489 228.318 514.857 227.366 330.412 298.511 41.367 28.606 1000000000.0 192.724 778.084 847.071 325.995 955.227 310.653 572.119 399.7 887.012 982.754 628.265 343.884 545.038 431.418 855.419 212.298 580.574 600.618 261.126 651.589 710.104 31.849 451.245
558.211 224.418 778.431 140.948 606.132 107.686 326.273 433.892 398.566 23.902 179.069 288.783 900.116 789.069 763.881 546.032 792.952 580.625 331.532 801.191 951.795 36.238 496.322 144.958 639.056 395.562 192.724 1000000000.0 605.902 692.594 850.636 47.244 570.422 934.705 808.591 160.33 780.141 903.804 510.366 351.263 767.314 475.21 451.787 889.457 328.51 414.999 355.933 14.086 89.29 294.098
911.087 169.343 610.191 485.866 653.906 141.006 737.161 687.297 841.369 880.997 600.968 293.279 862.832 124.101 877.915 881.864 913.996 561.096 508.578 591.619 582.686 881.309 193.226 392.309 882.002 416.878 778.084 605.902 1000000000.0 732.261 684.957 119.693 805.607 512.093 360.615 290.729 3.849 952.448 562.053 412.246 431.03 684.1 497.022 379.171 769.48 776.595 666.391 354.413 267.703 124.636
749.074 121.883 399.065 966.773 943.393 348.699 21.096 67.003 170.069 62.74 464.093 71.59 745.386 926.243 377.954 607.116 360.485 214.058 594.332 491.039 189.517 639.104 735.635 561.712 61.444 926.205 847.071 692.594 732.261 1000000000.0 480.807 319.444 419.418 690.045 821.644 827.836 860.048 999.86 480.65 931.775 857.934 697.743 697.115 400.376 154.933 219.581 985.378 467.022 693.481 47.027
326.975 144.965 801.062 650.565 194.876 881.288 129.145 541.024 93.266 980.546 712.728 295.34 241.194 58.534 970.984 834.882 291.011 950.853 209.911 265.949 957.233 848.263 216.488 770.703 283.809 373.46 325.995 850.636 684.957 480.807 1000000000.0 202.2 963.648 733.146 510.161 964.602 383.242 367.52 422.207 495.678 694.536 263.477 86.511 183.928 172.59 49.347 246.448 287.408 760.207 642.971
931.901 567.454 855.499 216.066 374.581 753.551 181.968 614.138 254.137 789.396 886.239 774.468 849.223 669.652 733.169 125.115 509.912 238.114 946.823 360.287 935.314 356.895 385.076 632.005 820.352 811.494 955.227 47.244 119.693 319.444 202.2 1000000000.0 92.313 750.872 465.41 340.937 90.869 48.124 661.297 848.28 607.855 687.93 470.163 924.572 436.166 157.418 862.712 468.314 821.112 93.875
85.463 322.666 610.209 455.695 823.646 146.455 736.929 87.541 524.204 502.862 945.583 351.013 800.878 367.224 47.342 247.829 516.697 758.067 160.565 810.96 751.231 535.095 488.228 763.214 704.082 54.816 310.653 570.422 805.607 419.418 963.648 92.313 1000000000.0 12.699 105.612 967.793 728.717 83.388 462.74 156.321 950.583 191.717 656.185 467.714 757.137 222.47 22.809 796.799 469.381 313.367
265.249 443.589 626.039 80.606 401.966 671.86 17.47 165.965 798.151 341.031 773.324 627.835 433.405 824.661 130.582 758.28 908.99 356.05 426.014 313.93 648.217 792.104 357.519 419.073 412.683 955.302 572.119 934.705 512.093 690.045 733.146 750.872 12.699 1000000000.0 639.025 820.691 557.604 698.917 341.721 50.001 97.028 309.226 197.922 408.403 263.052 178.425 70.422 784.131 728.045 719.95
574.08 75.169 861.264 764.864 797.412 278.311 905.841 933.54 918.913 217.981 592.375 894.19 370.38 785.012 899.727 238.377 511.152 732.868 674.195 439.547 145.032 764.816 965.179 213.71 453.819 958.458 399.7 808.591 360.615 821.644 510.161 465.41 105.612 639.025 1000000000.0 485.996 220.82 706.993 294.671 760.654 938.771 405.628 691.708 466.424 32.879 528.53 637.341 206.554 230.72 791.209
144.886 437.73 175.657 293.8 889.535 420.996 968.646 351.489 763.154 844.755 47.761 845.826 666.908 938.779 645.115 335.478 63.456 279.646 230.835 461.147 266.124 270.595 80.608 353.474 816.755 481.774 887.012 160.33 290.729 827.836 964.602 340.937 967.793 820.691 485.996 1000000000.0 262.926 38.802 416.375 663.079 852.312 249.599 300.995 158.437 855.636 727.512 238.018 670.026 865.825 613.89
248.127 99.887 207.768 52.857 327.687 858.786 268.283 37.913 337.84 115.965 816.155 91.725 212.527 392.542 449.985 808.96 653.698 980.821 398.489 278.723 736.9 294.287 799.471 666.454 58.845 95.684 982.754 780.141 3.849 860.048 383.242 90.869 728.717 557.604 220.82 262.926 1000000000.0 2.858 87.889 762.3 180.508 970.901 843.304 671.275 560.011 888.244 715.339 486.243 697.974 719.36
571.199 167.741 210.224 312.12 545.37 146.755 749.542 900.652 224.681 858.707 521.349 28.327 943.88 509.526 57.644 751.491 519.079 833.252 529.147 427.066 955.437 275.229 971.874 191.477 873.637 180.261 628.265 903.804 952.448 999.86 367.52 48.124 83.388 698.917 706.993 38.802 2.858 1000000000.0 472.116 55.006 934.969 121.786 280.357 698.247 503.818 267.791 986.874 124.121 256.961 511.831
24.546 398.214 125.918 554.009 984.457 757.168 225.507 260.415 628.135 100.664 61.423 71.715 646.841 314.444 890.316 208.747 969.978 326.661 758.234 577.04 222.352 431.471 733.451 6.646 894.308 376.175 343.884 510.366 562.053 480.65 422.207 661.297 462.74 341.721 294.671 416.375 87.889 472.116 1000000000.0 661.159 609.449 130.215 885.491 834.044 704.577 16.978 243.945 944.278 224.811 369.017
620.888 282.072 750.602 940.675 885.978 299.124 156.227 98.537 926.632 379.34 607.767 226.956 515.009 876.343 171.015 650.365 88.405 523.993 670.538 655.966 502.898 274.296 980.357 3.287 440.191 121.834 545.038 351.263 412.246 931.775 495.678 848.28 156.321 50.001 760.654 663.079 762.3 55.006 661.159 1000000000.0 136.232 459.052 486.841 500.14 1.884 259.128 854.841 615.149 607.172 982.106
886.872 763.937 117.245 755.26 473.163 94.611 550.292 831.455 538.572 232.363 604.204 95.65 655.529 67.054 230.715 277.886 779.367 26.461 420.04 577.528 482.578 950.113 253.134 916.183 998.735 297.783 431.418 767.314 431.03 857.934 694.536 607.855 950.583 97.028 938.771 852.312 180.508 934.969 609.449 136.232 1000000000.0 746.283 701.513 665.012 987.965 959.33 513.613 476.985 10.493 735.458
2.35 889.072 275.483 680.57 627.658 252.614 197.556 758.377 359.031 713.549 937.938 479.399 834.547 951.963 181.721 714.328 603.495 905.949 425.703 688.022 658.68 253.976 807.54 925.324 786.183 306.173 855.419 475.21 684.1 697.743 263.477 687.93 191.717 309.226 405.628 249.599 970.901 121.786 130.215 459.052 746.283 1000000000.0 410.855 201.779 390.653 378.22 419.615 250.887 197.504 929.377
845.267 318.112 693.182 489.738 42.192 610.632 987.991 290.884 552.053 727.644 731.002 607.647 187.011 17.081 641.988 713.075 773.188 803.796 30.907 372.476 26.699 291.804 236.883 333.461 362.084 94.416 212.298 451.787 497.022 697.115 86.511 470.163 656.185 197.922 691.708 300.995 843.304 280.357 885.491 486.841 701.513 410.855 1000000000.0 758.444 334.857 622.409 559.749 795.431 722.23 950.09
969.208 873.212 878.219 816.955 612.371 529.085 333.418 684.739 850.587 363.704 460.346 896.24 78.029 293.352 636.181 117.789 454.299 673.585 479.724 295.56 295.205 500.161 381.389 544.75 358.255 536.975 580.574 889.457 379.171 400.376 183.928 924.572 467.714 408.403 466.424 158.437 671.275 698.247 834.044 500.14 665.012 201.779 758.444 1000000000.0 281.134 563.467 893.687 314.646 563.886 730.952
270.676 637.823 815.863 336.765 677.418 159.611 995.71 159.358 298.571 584.508 461.001 712.666 438.217 2.66 359.178 493.851 129.784 756.678 308.758 890.699 341.322 114.195 5.908 566.416 641.631 383.748 600.618 328.51 769.48 154.933 172.59 436.166 757.137 263.052 32.879 855.636 560.011 503.818 704.577 1.884 987.965 390.653 334.857 281.134 1000000000.0 74.611 882.912 425.038 501.537 458.572
547.059 260.602 79.827 827.258 609.164 273.86 182.722 604.002 184.046 281.018 43.722 688.264 744.463 58.378 437.777 6.655 459.217 610.049 822.47 557.277 598.819 607.319 836.651 162.246 482.431 586.929 261.126 414.999 776.595 219.581 49.347 157.418 222.47 178.425 528.53 727.512 888.244 267.791 16.978 259.128 959.33 378.22 622.409 563.467 74.611 1000000000.0 572.743 70.826 341.008 264.938
525.114 647.109 738.401 52.932 190.585 163.983 959.167 667.032 942.258 743.861 939.12 322.881 160.221 543.364 16.872 120.05 113.915 709.852 199.089 665.868 763.638 269.597 236.832 303.102 338.801 179.155 651.589 355.933 666.391 985.378 246.448 862.712 22.809 70.422 637.341 238.018 715.339 986.874 243.945 854.841 513.613 419.615 559.749 893.687 882.912 572.743 1000000000.0 371.818 160.713 272.106
488.09 917.541 224.642 269.835 489.323 461.244 537.71 521.801 760.634 293.269 549.732 616.956 724.96 615.943 204.982 619.068 552.567 580.881 992.259 984.433 992.305 864.029 127.996 364.028 713.884 724.993 710.104 14.086 354.413 467.022 287.408 468.314 796.799 784.131 206.554 670.026 486.243 124.121 944.278 615.149 476.985 250.887 795.431 314.646 425.038 70.826 371.818 1000000000.0 256.453 32.376
63.429 554.349 570.813 136.793 794.982 101.897 491.542 11.621 58.256 760.887 918.352 295.344 517.316 615.054 351.403 118.45 121.327 162.282 984.439 20.016 833.301 446.936 517.919 941.604 994.005 403.531 31.849 89.29 267.703 693.481 760.207 821.112 469.381 728.045 230.72 865.825 697.974 256.961 224.811 607.172 10.493 197.504 722.23 563.886 501.537 341.008 160.713 256.453 1000000000.0 122.352
794.377 796.28 251.463 880.116 90.637 256.06 454.446 381.368 983.361 479.614 434.753 678.836 32.236 593.424 175.927 989.952 572.62 57.562 841.279 784.747 671.016 292.916 72.189 343.904 547.39 426.692 451.245 294.098 124.636 47.027 642.971 93.875 313.367 719.95 791.209 613.89 719.36 511.831 369.017 982.106 735.458 929.377 950.09 730.952 458.572 264.938 272.106 32.376 122.352 1000000000.0
