50
1000000000.0 979.303 177.142 962.768 44.508 751.679 955.853 223.32 364.298 430.34 240.041 942.149 307.928 978.173 434.548 417.209 147.769 288.836 643.522 592.908 545.769 43.621 712.415 512.465 339.894 5.82 299.275 947.181 669.59 245.66 92.905 805.279 234.114 337.63 430.775 217.347 720.733 948.961 40.179 850.49 992.142 333.236 372.522 680.004 255.983 520.851 847.937 260.536 482.483 667.761
979.303 1000000000.0 509.67 916.232 310.768 131.524 721.64 383.225 884.757 893.533 220.281 906.656 68.685 515.746 159.902 21.806 841.342 568.411 400.601 286.943 345.586 125.457 549.889 749.126 312.997 126.658 443.251 423.015 836.953 197.407 899.178 13.407 554.69 316.981 117.387 605.687 840.49 14.272 319.71 300.96 601.439 149.505 105.934 774.195 768.032 904.942 141.022 520.328 184.545 598.45
177.142 509.67 1000000000.0 979.335 487.821 928.303 734.936 755.967 637.231 151.282 462.053 283.951 500.136 175.558 76.186 96.43 260.276 146.799 280.178 94.977 116.248 681.992 437.231 500.037 595.628 142.796 542.929 207.977 815.611 914.609 140.755 746.007 722.96 54.128 452.257 731.381 632.777 950.824 70.094 539.99 309.051 912.45 5.07 926.815 135.67 749.539 490.44 223.847 577.643 305.335
962.768 916.232 979.335 1000000000.0 529.55 623.136 774.681 800.263 419.955 348.193 880.91 718.181 45.945 821.745 20.484 883.97 189.223 956.535 394.958 54.944 506.746 522.734 380.262 452.065 36.169 560.524 636.535 694.132 871.442 532.469 953.636 647.545 128.018 463.809 623.892 954.069 939.14 492.551 193.17 231.413 69.272 83.791 439.269 841.15 824.901 174.797 4.805 482.763 129.904 602.76
44.508 310.768 487.821 529.55 1000000000.0 1.014 604.061 967.6 171.098 345.544 792.468 398.698 945.16 876.417 343.706 597.488 968.295 667.791 969.921 498.283 263.554 366.275 73.06 450.863 623.444 499.803 55.286 281.216 978.222 532.963 263.691 269.882 812.686 541.124 334.195 580.546 944.799 156.726 171.96 675.696 17.853 677.056 218.613 276.302 622.185 586.699 73.283 559.198 482.129 946.377
751.679 131.524 928.303 623.136 1.014 1000000000.0 244.214 264.493 231.44 723.439 874.761 892.744 81.653 172.633 865.01 147.328 346.809 216.889 840.199 346.715 742.786 815.026 999.09 904.241 646.862 595.455 465.335 50.709 156.298 409.749 379.93 496.479 89.453 170.676 740.679 192.193 384.3 398.549 960.515 629.174 995.181 133.075 482.677 239.032 894.97 669.729 947.698 944.723 333.868 810.384
955.853 721.64 734.936 774.681 604.061 244.214 1000000000.0 724.71 582.624 203.211 725.394 896.552 999.945 966.184 468.196 297.12 65.073 695.851 960.114 306.472 708.029 300.747 732.052 21.877 397.824 625.791 437.653 544.771 775.427 548.712 260.935 633.56 304.348 511.212 801.814 158.398 723.537 265.8 344.271 873.8 295.628 997.023 784.417 276.975 696.736 885.234 393.576 892.886 179.646 777.626
223.32 383.225 755.967 800.263 967.6 264.493 724.71 1000000000.0 395.686 947.976 515.239 925.66 22.145 81.692 873.345 526.114 856.378 556.658 482.607 652.807 968.482 603.812 12.513 275.629 198.554 1.691 965.37 674.664 959.267 645.323 578.536 291.222 22.819 302.599 178.808 691.339 304.334 13.001 151.254 924.599 103.184 347.133 684.483 382.499 506.219 59.35 377.027 217.056 496.148 439.723
364.298 884.757 637.231 419.955 171.098 231.44 582.624 395.686 1000000000.0 491.206 505.389 317.588 420.5 931.627 493.5 72.323 714.978 524.184 253.403 35.819 309.105 883.278 877.052 491.786 976.506 162.826 428.833 219.943 795.797 142.457 695.239 643.918 381.001 935.36 642.938 842.207 767.568 83.099 960.515 899.91 852.238 542.866 540.894 979.649 86.268 233.186 790.238 909.902 192.118 767.972
430.34 893.533 151.282 348.193 345.544 723.439 203.211 947.976 491.206 1000000000.0 484.601 602.893 8.043 768.695 803.271 836.318 530.405 406.757 808.083 934.252 600.494 448.528 149.839 66.785 978.92 285.885 665.14 459.196 560.475 96.886 114.462 454.677 247.329 586.292 424.326 12.843 641.988 970.829 736.019 913.2 350.506 94.039 4.663 676.952 818.308 27.397 433.572 603.555 844.528 614.009
240.041 220.281 462.053 880.91 792.468 874.761 725.394 515.239 505.389 484.601 1000000000.0 713.234 795.23 640.323 884.865 730.346 234.79 82.205 547.127 564.825 554.975 84.037 567.734 682.673 448.726 470.061 814.051 822.865 28.542 874.925 373.799 288.319 705.81 900.935 337.353 582.559 851.614 628.665 579.93 425.044 171.841 452.521 664.582 598.545 31.771 562.557 838.538 74.736 126.534 721.779
942.149 906.656 283.951 718.181 398.698 892.744 896.552 925.66 317.588 602.893 713.234 1000000000.0 216.291 584.84 911.492 390.262 589.019 600.127 135.329 72.092 407.255 320.296 942.809 57.656 569.543 231.782 554.027 461.776 396.331 16.174 530.911 688.414 288.749 197.731 445.327 768.167 342.074 218.314 760.63 788.019 981.325 421.541 485.817 186.324 822.453 963.846 523.272 909.204 5.359 19.075
307.928 68.685 500.136 45.945 945.16 81.653 999.945 22.145 420.5 8.043 795.23 216.291 1000000000.0 175.267 986.081 899.196 335.89 825.463 448.827 101.96 803.727 799.326 766.852 149.172 671.626 935.625 693.944 526.523 762.741 893.646 760.906 843.789 145.582 688.686 708.302 195.296 179.878 84.603 99.957 963.024 699.057 462.109 820.16 636.902 975.668 85.945 201.407 998.998 260.261 720.597
978.173 515.746 175.558 821.745 876.417 172.633 966.184 81.692 931.627 768.695 640.323 584.84 175.267 1000000000.0 724.106 629.498 265.401 672.945 727.117 397.466 808.93 681.416 44.1 455.817 266.415 70.078 70.992 921.045 848.913 73.071 889.676 100.891 823.933 650.833 202.023 732.414 371.348 976.493 161.474 960.012 878.272 456.06 174.151 147.193 460.163 107.381 166.035 138.338 573.936 478.594
434.548 159.902 76.186 20.484 343.706 865.01 468.196 873.345 493.5 803.271 884.865 911.492 986.081 724.106 1000000000.0 693.85 425.243 912.967 822.665 49.497 904.127 421.535 560.966 289.273 28.696 77.635 67.35 56.061 337.737 750.653 828.844 950.657 810.473 916.09 478.393 706.095 536.7 752.409 55.996 628.799 732.796 259.409 889.228 306.971 709.594 841.698 73.54 269.002 80.409 385.383
417.209 21.806 96.43 883.97 597.488 147.328 297.12 526.114 72.323 836.318 730.346 390.262 899.196 629.498 693.85 1000000000.0 280.403 578.507 503.614 314.526 564.951 230.547 113.318 509.712 31.539 117.262 827.145 512.006 124.297 142.182 489.367 773.998 77.776 864.913 948.843 471.726 928.46 224.494 608.552 197.173 928.016 945.156 489.356 937.84 809.459 222.26 686.618 803.483 698.937 479.061
147.769 841.342 260.276 189.223 968.295 346.809 65.073 856.378 714.978 530.405 234.79 589.019 335.89 265.401 425.243 280.403 1000000000.0 380.938 739.099 709.629 985.211 208.319 742.983 358.509 454.09 5.496 717.66 167.337 34.005 896.733 924.788 763.869 915.771 420.929 479.185 484.658 139.432 706.419 709.645 857.418 795.335 572.921 489.728 72.728 880.738 938.994 990.148 541.535 272.824 907.017
288.836 568.411 146.799 956.535 667.791 216.889 695.851 556.658 524.184 406.757 82.205 600.127 825.463 672.945 912.967 578.507 380.938 1000000000.0 864.026 845.932 961.21 88.556 547.922 562.587 785.001 472.086 940.072 515.041 801.053 461.054 637.688 148.005 415.76 252.13 810.008 762.124 518.803 874.024 862.853 972.928 330.01 431.173 196.308 938.178 618.055 637.948 293.831 891.365 92.06 26.891
643.522 400.601 280.178 394.958 969.921 840.199 960.114 482.607 253.403 808.083 547.127 135.329 448.827 727.117 822.665 503.614 739.099 864.026 1000000000.0 209.243 359.086 502.004 131.461 465.222 498.985 506.473 681.605 811.62 581.206 657.735 198.732 472.48 100.575 705.954 952.92 635.926 954.456 580.027 721.522 136.79 417.751 271.662 317.617 422.507 470.963 194.348 179.021 143.53 108.001 141.458
592.908 286.943 94.977 54.944 498.283 346.715 306.472 652.807 35.819 934.252 564.825 72.092 101.96 397.466 49.497 314.526 709.629 845.932 209.243 1000000000.0 927.922 268.501 384.119 33.195 913.043 260.351 903.382 215.039 423.396 244.154 896.692 909.433 274.239 215.938 638.939 869.593 683.79 621.78 190.733 918.405 298.398 782.66 531.593 126.023 725.824 292.559 791.492 910.517 808.729 877.06
545.769 345.586 116.248 506.746 263.554 742.786 708.029 968.482 309.105 600.494 554.975 407.255 803.727 808.93 904.127 564.951 985.211 961.21 359.086 927.922 1000000000.0 760.434 226.533 123.484 339.921 381.607 211.605 682.109 215.05 623.054 278.188 341.234 635.671 895.236 682.906 745.25 453.514 649.861 798.781 77.251 430.717 419.238 362.543 632.897 394.467 683.375 584.939 980.031 452.975 70.201
43.621 125.457 681.992 522.734 366.275 815.026 300.747 603.812 883.278 448.528 84.037 320.296 799.326 681.416 421.535 230.547 208.319 88.556 502.004 268.501 760.434 1000000000.0 577.705 76.317 203.484 563.137 532.679 139.788 891.561 217.589 450.719 59.065 707.401 675.443 171.089 105.783 725.118 116.57 912.549 96.501 957.646 845.401 715.944 383.995 276.336 113.084 711.007 641.258 967.685 993.223
712.415 549.889 437.231 380.262 73.06 999.09 732.052 12.513 877.052 149.839 567.734 942.809 766.852 44.1 560.966 113.318 742.983 547.922 131.461 384.119 226.533 577.705 1000000000.0 685.339 684.574 837.614 315.746 699.286 816.685 69.563 789.117 344.405 10.571 464.904 562.927 259.622 507.569 305.592 254.663 937.5 615.716 596.467 880.865 741.827 496.643 1.845 500.611 177.675 701.684 931.478
512.465 749.126 500.037 452.065 450.863 904.241 21.877 275.629 491.786 66.785 682.673 57.656 149.172 455.817 289.273 509.712 358.509 562.587 465.222 33.195 123.484 76.317 685.339 1000000000.0 359.512 181.511 241.353 212.095 545.689 720.393 755.986 325.883 706.503 761.694 593.162 283.4 28.77 915.623 201.991 889.441 298.881 225.763 237.987 379.051 150.548 88.732 55.482 646.833 175.535 260.015
339.894 312.997 595.628 36.169 623.444 646.862 397.824 198.554 976.506 978.92 448.726 569.543 671.626 266.415 28.696 31.539 454.09 785.001 498.985 913.043 339.921 203.484 684.574 359.512 1000000000.0 274.204 209.762 195.055 218.741 216.876 491.496 494.42 756.387 525.044 297.818 958.317 769.301 925.346 214.937 666.535 533.71 215.307 966.172 273.97 618.453 72.173 347.292 794.052 942.433 467.191
5.82 126.658 142.796 560.524 499.803 595.455 625.791 1.691 162.826 285.885 470.061 231.782 935.625 70.078 77.635 117.262 5.496 472.086 506.473 260.351 381.607 563.137 837.614 181.511 274.204 1000000000.0 952.6 113.872 182.402 743.175 415.287 310.032 525.367 878.739 911.892 958.296 452.937 629.732 528.039 275.588 856.04 748.929 706.224 812.835 552.855 981.887 339.028 378.836 271.799 447.164
299.275 443.251 542.929 636.535 55.286 465.335 437.653 965.37 428.833 665.14 814.051 554.027 693.944 70.992 67.35 827.145 717.66 940.072 681.605 903.382 211.605 532.679 315.746 241.353 209.762 952.6 1000000000.0 124.793 223.292 106.542 351.337 953.336 655.597 681.575 811.693 99.829 670.678 944.06 136.582 939.89 70.007 115.418 224.117 987.036 672.495 166.825 267.016 351.807 166.17 500.087
947.181 423.015 207.977 694.132 281.216 50.709 544.771 674.664 219.943 459.196 822.865 461.776 526.523 921.045 56.061 512.006 167.337 515.041 811.62 215.039 682.109 139.788 699.286 212.095 195.055 113.872 124.793 1000000000.0 989.221 85.728 86.934 800.763 426.396 556.659 789.851 927.426 681.827 762.71 984.873 823.237 410.946 441.127 197.602 685.131 296.501 332.782 102.747 760.827 151.888 405.329
669.59 836.953 815.611 871.442 978.222 156.298 775.427 959.267 795.797 560.475 28.542 396.331 762.741 848.913 337.737 124.297 34.005 801.053 581.206 423.396 215.05 891.561 816.685 545.689 218.741 182.402 223.292 989.221 1000000000.0 26.007 108.66 598.093 842.95 939.973 890.017 552.166 614.089 922.959 968.156 31.232 180.27 29.91 108.844 219.929 366.825 161.636 422.205 702.789 510.45 825.447
245.66 197.407 914.609 532.469 532.963 409.749 548.712 645.323 142.457 96.886 874.925 16.174 893.646 73.071 750.653 142.182 896.733 461.054 657.735 244.154 623.054 217.589 69.563 720.393 216.876 743.175 106.542 85.728 26.007 1000000000.0 93.27 77.195 933.072 665.909 182.606 59.749 422.527 513.514 385.477 41.003 167.322 391.674 137.251 89.766 117.578 864.244 887.976 817.822 929.542 678.74
92.905 899.178 140.755 953.636 263.691 379.93 260.935 578.536 695.239 114.462 373.799 530.911 760.906 889.676 828.844 489.367 924.788 637.688 198.732 896.692 278.188 450.719 789.117 755.986 491.496 415.287 351.337 86.934 108.66 93.27 1000000000.0 321.88 287.293 985.675 344.332 571.021 664.173 827.937 997.764 792.219 759.183 184.711 886.578 11.262 592.715 959.352 805.435 671.32 534.48 354.977
805.279 13.407 746.007 647.545 269.882 496.479 633.56 291.222 643.918 454.677 288.319 688.414 843.789 100.891 950.657 773.998 763.869 148.005 472.48 909.433 341.234 59.065 344.405 325.883 494.42 310.032 953.336 800.763 598.093 77.195 321.88 1000000000.0 572.714 148.393 504.723 543.497 730.546 620.331 919.603 689.045 325.487 904.443 713.484 794.386 708.259 253.296 375.89 289.241 657.869 385.899
234.114 554.69 722.96 128.018 812.686 89.453 304.348 22.819 381.001 247.329 705.81 288.749 145.582 823.933 810.473 77.776 915.771 415.76 100.575 274.239 635.671 707.401 10.571 706.503 756.387 525.367 655.597 426.396 842.95 933.072 287.293 572.714 1000000000.0 228.155 830.477 450.833 983.026 385.585 357.443 181.099 654.791 892.271 910.423 317.618 220.234 322.61 584.475 325.542 946.532 91.19
337.63 316.981 54.128 463.809 541.124 170.676 511.212 302.599 935.36 586.292 900.935 197.731 688.686 650.833 916.09 864.913 420.929 252.13 705.954 215.938 895.236 675.443 464.904 761.694 525.044 878.739 681.575 556.659 939.973 665.909 985.675 148.393 228.155 1000000000.0 104.592 226.917 42.116 370.152 894.518 136.915 284.456 993.623 828.222 853.983 583.343 516.616 19.685 842.339 722.702 208.689
430.775 117.387 452.257 623.892 334.195 740.679 801.814 178.808 642.938 424.326 337.353 445.327 708.302 202.023 478.393 948.843 479.185 810.008 952.92 638.939 682.906 171.089 562.927 593.162 297.818 911.892 811.693 789.851 890.017 182.606 344.332 504.723 830.477 104.592 1000000000.0 404.307 172.913 68.814 891.863 98.141 911.386 408.533 617.433 360.752 342.242 946.253 92.737 731.737 967.959 430.508
217.347 605.687 731.381 954.069 580.546 192.193 158.398 691.339 842.207 12.843 582.559 768.167 195.296 732.414 706.095 471.726 484.658 762.124 635.926 869.593 745.25 105.783 259.622 283.4 958.317 958.296 99.829 927.426 552.166 59.749 571.021 543.497 450.833 226.917 404.307 1000000000.0 585.269 290.335 304.732 394.996 919.753 948.95 588.32 933.547 534.629 163.347 992.535 458.478 574.026 962.645
720.733 840.49 632.777 939.14 944.799 384.3 723.537 304.334 767.568 641.988 851.614 342.074 179.878 371.348 536.7 928.46 139.432 518.803 954.456 683.79 453.514 725.118 507.569 28.77 769.301 452.937 670.678 681.827 614.089 422.527 664.173 730.546 983.026 42.116 172.913 585.269 1000000000.0 209.257 747.942 69.366 818.624 249.833 735.604 596.107 170.942 633.273 296.92 235.245 950.479 422.209
948.961 14.272 950.824 492.551 156.726 398.549 265.8 13.001 83.099 970.829 628.665 218.314 84.603 976.493 752.409 224.494 706.419 874.024 580.027 621.78 649.861 116.57 305.592 915.623 925.346 629.732 944.06 762.71 922.959 513.514 827.937 620.331 385.585 370.152 68.814 290.335 209.257 1000000000.0 689.386 81.582 757.151 338.247 983.013 621.644 668.921 427.088 280.747 491.669 465.335 445.089
40.179 319.71 70.094 193.17 171.96 960.515 344.271 151.254 960.515 736.019 579.93 760.63 99.957 161.474 55.996 608.552 709.645 862.853 721.522 190.733 798.781 912.549 254.663 201.991 214.937 528.039 136.582 984.873 968.156 385.477 997.764 919.603 357.443 894.518 891.863 304.732 747.942 689.386 1000000000.0 885.987 6.267 82.215 74.734 665.447 572.942 879.157 153.638 609.232 184.662 31.766
850.49 300.96 539.99 231.413 675.696 629.174 873.8 924.599 899.91 913.2 425.044 788.019 963.024 960.012 628.799 197.173 857.418 972.928 136.79 918.405 77.251 96.501 937.5 889.441 666.535 275.588 939.89 823.237 31.232 41.003 792.219 689.045 181.099 136.915 98.141 394.996 69.366 81.582 885.987 1000000000.0 748.84 548.472 772.725 860.946 120.439 554.439 936.165 857.845 912.069 591.802
992.142 601.439 309.051 69.272 17.853 995.181 295.628 103.184 852.238 350.506 171.841 981.325 699.057 878.272 732.796 928.016 795.335 330.01 417.751 298.398 430.717 957.646 615.716 298.881 533.71 856.04 70.007 410.946 180.27 167.322 759.183 325.487 654.791 284.456 911.386 919.753 818.624 757.151 6.267 748.84 1000000000.0 932.989 674.053 514.866 499.133 246.635 171.254 470.862 129.524 782.178
333.236 149.505 912.45 83.791 677.056 133.075 997.023 347.133 542.866 94.039 452.521 421.541 462.109 456.06 259.409 945.156 572.921 431.173 271.662 782.66 419.238 845.401 596.467 225.763 215.307 748.929 115.418 441.127 29.91 391.674 184.711 904.443 892.271 993.623 408.533 948.95 249.833 338.247 82.215 548.472 932.989 1000000000.0 685.953 379.237 82.575 228.428 384.971 605.811 310.463 933.735
372.522 105.934 5.07 439.269 218.613 482.677 784.417 684.483 540.894 4.663 664.582 485.817 820.16 174.151 889.228 489.356 489.728 196.308 317.617 531.593 362.543 715.944 880.865 237.987 966.172 706.224 224.117 197.602 108.844 137.251 886.578 713.484 910.423 828.222 617.433 588.32 735.604 983.013 74.734 772.725 674.053 685.953 1000000000.0 537.487 694.83 881.559 394.583 1.898 194.646 87.913
680.004 774.195 926.815 841.15 276.302 239.032 276.975 382.499 979.649 676.952 598.545 186.324 636.902 147.193 306.971 937.84 72.728 938.178 422.507 126.023 632.897 383.995 741.827 379.051 273.97 812.835 987.036 685.131 219.929 89.766 11.262 794.386 317.618 853.983 360.752 933.547 596.107 621.644 665.447 860.946 514.866 379.237 537.487 1000000000.0 539.679 254.876 554.516 855.152 841.203 476.322
255.983 768.032 135.67 824.901 622.185 894.97 696.736 506.219 86.268 818.308 31.771 822.453 975.668 460.163 709.594 809.459 880.738 618.055 470.963 725.824 394.467 276.336 496.643 150.548 618.453 552.855 672.495 296.501 366.825 117.578 592.715 708.259 220.234 583.343 342.242 534.629 170.942 668.921 572.942 120.439 499.133 82.575 694.83 539.679 1000000000.0 403.007 246.335 353.251 366.819 945.252
520.851 904.942 749.539 174.797 586.699 669.729 885.234 59.35 233.186 27.397 562.557 963.846 85.945 107.381 841.698 222.26 938.994 637.948 194.348 292.559 683.375 113.084 1.845 88.732 72.173 981.887 166.825 332.782 161.636 864.244 959.352 253.296 322.61 516.616 946.253 163.347 633.273 427.088 879.157 554.439 246.635 228.428 881.559 254.876 403.007 1000000000.0 681.57 823.616 821.799 291.542
847.937 141.022 490.44 4.805 73.283 947.698 393.576 377.027 790.238 433.572 838.538 523.272 201.407 166.035 73.54 686.618 990.148 293.831 179.021 791.492 584.939 711.007 500.611 55.482 347.292 339.028 267.016 102.747 422.205 887.976 805.435 375.89 584.475 19.685 92.737 992.535 296.92 280.747 153.638 936.165 171.254 384.971 394.583 554.516 246.335 681.57 1000000000.0 437.208 708.887 152.942
260.536 520.328 223.847 482.763 559.198 944.723 892.886 217.056 909.902 603.555 74.736 909.204 998.998 138.338 269.002 803.483 541.535 891.365 143.53 910.517 980.031 641.258 177.675 646.833 794.052 378.836 351.807 760.827 702.789 817.822 671.32 289.241 325.542 842.339 731.737 458.478 235.245 491.669 609.232 857.845 470.862 605.811 1.898 855.152 353.251 823.616 437.208 1000000000.0 481.864 759.683
482.483 184.545 577.643 129.904 482.129 333.868 179.646 496.148 192.118 844.528 126.534 5.359 260.261 573.936 80.409 698.937 272.824 92.06 108.001 808.729 452.975 967.685 701.684 175.535 942.433 271.799 166.17 151.888 510.45 929.542 534.48 657.869 946.532 722.702 967.959 574.026 950.479 465.335 184.662 912.069 129.524 310.463 194.646 841.203 366.819 821.799 708.887 481.864 1000000000.0 805.08
667.761 598.45 305.335 602.76 946.377 810.384 777.626 439.723 767.972 614.009 721.779 19.075 720.597 478.594 385.383 479.061 907.017 26.891 141.458 877.06 70.201 993.223 931.478 260.015 467.191 447.164 500.087 405.329 825.447 678.74 354.977 385.899 91.19 208.689 430.508 962.645 422.209 445.089 31.766 591.802 782.178 933.735 87.913 476.322 945.252 291.542 152.942 759.683 805.08 1000000000.0
