50
1000000000.0 147.655 153.268 303.787 20.077 629.78 945.333 946.497 748.556 751.648 275.573 726.898 243.923 612.61 462.386 568.433 920.022 313.258 1.93 873.139 255.714 124.447 749.471 140.343 109.042 211.576 633.418 107.612 820.707 902.62 573.201 863.509 740.74 923.375 167.538 792.14 68.777 730.863 724.052 60.028 559.678 688.622 981.466 258.429 444.913 766.799 679.589 648.544 822.854 346.604
147.655 1000000000.0 504.41 465.658 318.339 807.419 298.094 912.153 946.184 887.768 80.518 879.817 95.397 455.465 984.779 912.174 474.244 810.326 991.285 667.779 436.275 85.224 422.389 858.77 830.528 506.7 928.379 405.353 274.904 203.895 800.898 583.135 571.142 68.744 357.67 300.449 907.175 492.614 600.478 858.552 469.893 384.646 792.073 662.706 786.57 565.615 828.297 790.038 109.714 338.242
153.268 504.41 1000000000.0 802.018 37.206 743.07 521.919 720.415 730.926 125.981 485.248 749.396 922.811 793.874 580.669 20.112 307.136 144.003 191.606 468.353 162.876 927.618 856.635 173.041 581.738 889.87 489.074 826.964 944.551 482.924 487.235 172.828 894.343 251.481 358.241 993.081 414.799 541.683 173.667 516.044 457.801 151.848 752.994 655.975 635.741 578.04 556.437 482.54 511.546 365.842
303.787 465.658 802.018 1000000000.0 440.121 407.29 763.788 834.494 53.605 699.312 952.211 921.524 798.966 183.12 677.229 929.077 130.934 823.37 375.687 568.378 908.958 206.381 818.2 958.107 282.917 860.811 897.095 610.981 809.243 775.707 470.919 816.988 678.956 112.668 508.835 99.397 960.754 435.252 960.805 360.95 631.478 596.09 653.969 791.527 665.074 595.312 801.757 354.048 905.489 677.026
20.077 318.339 37.206 440.121 1000000000.0 175.213 470.515 846.145 257.149 812.559 188.349 641.341 396.37 4.203 692.46 425.321 789.915 766.207 523.359 281.766 628.079 979.198 605.639 971.018 500.023 604.386 776.876 990.419 766.016 196.553 447.233 33.686 921.85 812.227 527.043 29.782 910.98 340.056 695.452 425.671 736.086 563.59 753.846 725.948 982.63 467.872 193.295 78.32 149.301 582.24
629.78 807.419 743.07 407.29 175.213 1000000000.0 406.064 488.164 810.418 944.853 517.042 997.916 737.711 884.188 940.553 211.421 281.792 220.061 109.854 169.57 66.678 734.222 4.062 694.303 776.004 408.928 248.19 538.189 996.22 780.839 684.008 111.694 52.011 233.195 259.339 438.187 996.989 115.374 275.861 586.414 751.885 446.409 195.638 726.464 826.736 425.641 682.841 488.63 129.728 908.205
945.333 298.094 521.919 763.788 470.515 406.064 1000000000.0 125.883 778.365 49.85 258.684 101.72 372.513 504.109 28.558 470.136 584.336 421.528 303.519 213.881 554.797 291.904 85.094 114.242 616.074 152.977 197.901 817.766 394.497 99.86 289.123 397.145 666.71 142.491 379.602 406.535 237.955 104.135 878.175 639.648 142.291 247.694 262.029 23.297 694.566 388.138 882.385 854.72 134.811 75.378
946.497 912.153 720.415 834.494 846.145 488.164 125.883 1000000000.0 431.224 597.969 639.865 484.077 227.449 118.008 173.605 205.926 799.229 536.798 215.767 535.379 437.891 141.125 788.617 52.296 179.035 646.639 834.01 752.722 55.089 56.877 961.397 622.13 486.7 349.316 662.406 113.418 231.523 101.075 767.195 77.929 307.609 178.024 78.386 818.216 386.397 451.924 147.589 679.172 997.028 60.441
748.556 946.184 730.926 53.605 257.149 810.418 778.365 431.224 1000000000.0 533.258 786.957 536.799 28.898 326.316 551.181 818.461 287.397 565.779 292.164 615.789 93.166 993.098 903.978 801.96 294.843 200.391 122.46 697.058 74.599 616.371 981.732 98.272 83.68 592.288 873.728 899.438 49.486 741.307 589.011 425.32 138.861 893.832 4.113 634.743 233.621 89.531 752.165 461.018 214.958 661.807
751.648 887.768 125.981 699.312 812.559 944.853 49.85 597.969 533.258 1000000000.0 860.719 943.614 732.685 684.919 478.251 130.118 712.35 703.271 116.086 792.895 696.136 239.356 79.489 773.772 621.468 879.142 80.084 938.68 237.288 526.969 593.559 918.442 551.289 580.737 243.443 148.197 366.98 328.731 838.856 367.517 830.365 747.216 323.339 244.879 376.282 223.382 47.935 851.745 474.241 961.53
275.573 80.518 485.248 952.211 188.349 517.042 258.684 639.865 786.957 860.719 1000000000.0 524.559 262.231 585.951 727.034 414.13 447.112 611.746 432.579 84.843 945.795 245.75 701.52 409.867 55.886 364.828 557.084 8.504 370.829 664.332 312.24 664.743 82.522 980.924 94.219 74.91 480.116 747.769 644.696 433.9 420.31 833.037 400.433 543.661 579.373 815.034 230.314 23.77 413.515 990.249
726.898 879.817 749.396 921.524 641.341 997.916 101.72 484.077 536.799 943.614 524.559 1000000000.0 830.052 135.222 754.476 816.377 41.257 38.142 293.35 170.562 540.182 274.035 227.352 472.347 589.693 74.896 913.69 977.82 528.329 724.073 927.846 393.368 647.44 381.271 404.272 572.7 675.474 566.185 424.484 509.248 268.102 315.778 1.623 94.763 984.832 965.294 218.358 143.111 354.011 45.967
243.923 95.397 922.811 798.966 396.37 737.711 372.513 227.449 28.898 732.685 262.231 830.052 1000000000.0 899.519 439.825 568.681 46.86 439.811 422.896 827.199 333.926 361.044 730.951 904.63 847.237 956.266 72.521 9.449 89.631 164.69 236.464 66.271 819.046 669.519 578.049 734.176 637.374 16.408 624.267 897.218 636.959 335.776 977.092 446.704 711.886 637.143 392.461 172.081 3.121 173.657
612.61 455.465 793.874 183.12 4.203 884.188 504.109 118.008 326.316 684.919 585.951 135.222 899.519 1000000000.0 358.633 427.33 921.267 208.897 268.227 611.658 418.955 632.523 475.937 16.118 343.151 254.026 735.392 352.215 809.794 404.495 318.45 844.856 316.638 437.121 957.31 641.198 141.932 603.485 773.078 779.217 491.683 9.724 928.964 299.149 696.419 708.199 606.38 733.607 81.281 793.234
462.386 984.779 580.669 677.229 692.46 940.553 28.558 173.605 551.181 478.251 727.034 754.476 439.825 358.633 1000000000.0 237.029 939.822 251.366 248.602 810.917 20.268 955.746 659.819 394.323 814.784 3.038 5.285 182.099 971.378 823.157 456.836 53.729 147.366 410.233 519.154 372.672 81.75 212.568 918.874 327.284 67.348 785.862 197.016 146.612 270.513 489.557 75.259 876.909 326.573 486.411
568.433 912.174 20.112 929.077 425.321 211.421 470.136 205.926 818.461 130.118 414.13 816.377 568.681 427.33 237.029 1000000000.0 972.099 203.505 902.689 18.974 497.772 365.872 270.453 603.01 296.702 952.566 976.88 698.508 321.518 744.663 663.679 892.187 877.8 910.466 611.862 70.458 932.699 942.326 351.345 936.938 327.829 121.204 384.939 401.322 892.62 637.726 116.912 34.285 83.507 150.144
920.022 474.244 307.136 130.934 789.915 281.792 584.336 799.229 287.397 712.35 447.112 41.257 46.86 921.267 939.822 972.099 1000000000.0 462.147 389.377 590.161 50.534 236.113 922.351 2.768 318.601 191.751 594.569 578.198 478.689 531.413 696.194 164.394 8.225 584.793 127.007 504.454 217.837 586.968 508.632 503.193 545.005 111.379 940.695 815.557 902.871 174.88 756.209 159.006 681.308 294.058
313.258 810.326 144.003 823.37 766.207 220.061 421.528 536.798 565.779 703.271 611.746 38.142 439.811 208.897 251.366 203.505 462.147 1000000000.0 334.679 614.934 431.639 558.252 892.696 620.145 827.086 697.018 746.358 868.266 373.939 830.733 882.601 115.421 377.815 437.838 200.712 874.316 69.97 267.196 838.47 893.811 210.704 695.021 867.536 679.791 658.236 581.832 47.143 253.524 87.2 96.072
1.93 991.285 191.606 375.687 523.359 109.854 303.519 215.767 292.164 116.086 432.579 293.35 422.896 268.227 248.602 902.689 389.377 334.679 1000000000.0 659.902 934.029 55.097 246.109 844.94 972.816 877.47 407.243 752.261 581.601 626.132 562.047 500.518 261.54 120.568 614.389 667.678 372.879 826.8 450.264 819.785 93.007 724.121 842.942 617.394 159.924 232.646 415.636 683.337 78.765 280.662
873.139 667.779 468.353 568.378 281.766 169.57 213.881 535.379 615.789 792.895 84.843 170.562 827.199 611.658 810.917 18.974 590.161 614.934 659.902 1000000000.0 279.369 132.536 155.528 90.894 670.046 845.23 106.251 966.398 589.089 933.339 521.272 743.084 618.393 917.038 91.654 740.862 658.543 472.421 377.624 309.657 815.315 59.179 442.396 879.92 925.395 805.367 388.417 187.175 371.496 982.06
255.714 436.275 162.876 908.958 628.079 66.678 554.797 437.891 93.166 696.136 945.795 540.182 333.926 418.955 20.268 497.772 50.534 431.639 934.029 279.369 1000000000.0 855.272 328.829 382.065 104.344 243.697 459.213 621.449 785.972 688.357 19.231 994.598 357.783 697.412 79.892 926.158 28.34 906.82 301.49 528.202 740.228 902.729 955.961 351.765 313.134 203.163 90.062 929.503 895.985 436.546
124.447 85.224 927.618 206.381 979.198 734.222 291.904 141.125 993.098 239.356 245.75 274.035 361.044 632.523 955.746 365.872 236.113 558.252 55.097 132.536 855.272 1000000000.0 562.636 305.248 196.928 149.651 455.746 123.283 444.449 633.923 307.382 763.805 958.935 271.262 5.735 977.232 56.75 359.719 808.699 446.876 700.39 393.687 571.813 792.206 470.542 810.014 247.474 807.259 291.03 509.387
749.471 422.389 856.635 818.2 605.639 4.062 85.094 788.617 903.978 79.489 701.52 227.352 730.951 475.937 659.819 270.453 922.351 892.696 246.109 155.528 328.829 562.636 1000000000.0 111.944 175.084 743.622 540.559 193.263 925.886 426.406 280.194 596.449 203.924 353.082 99.17 882.992 828.777 552.658 209.078 718.05 309.753 488.608 6.576 784.451 614.299 135.398 552.648 124.037 403.255 855.169
140.343 858.77 173.041 958.107 971.018 694.303 114.242 52.296 801.96 773.772 409.867 472.347 904.63 16.118 394.323 603.01 2.768 620.145 844.94 90.894 382.065 305.248 111.944 1000000000.0 250.345 441.657 491.078 745.647 607.224 978.69 66.245 669.676 61.793 917.837 326.615 610.168 164.868 833.935 874.026 845.143 259.414 80.597 764.045 868.736 511.537 632.045 621.955 447.399 33.779 614.78
109.042 830.528 581.738 282.917 500.023 776.004 616.074 179.035 294.843 621.468 55.886 589.693 847.237 343.151 814.784 296.702 318.601 827.086 972.816 670.046 104.344 196.928 175.084 250.345 1000000000.0 989.397 50.917 870.094 255.362 876.636 550.629 717.541 120.523 423.214 671.709 318.64 381.195 724.644 61.721 747.687 510.189 716.652 759.879 188.036 593.943 814.555 308.951 493.617 900.436 47.588
211.576 506.7 889.87 860.811 604.386 408.928 152.977 646.639 200.391 879.142 364.828 74.896 956.266 254.026 3.038 952.566 191.751 697.018 877.47 845.23 243.697 149.651 743.622 441.657 989.397 1000000000.0 694.882 557.204 506.991 517.866 139.238 425.269 994.064 403.371 582.916 360.221 896.222 230.446 906.8 674.606 558.641 377.828 3.463 304.766 573.834 216.914 696.071 972.878 571.921 232.686
633.418 928.379 489.074 897.095 776.876 248.19 197.901 834.01 122.46 80.084 557.084 913.69 72.521 735.392 5.285 976.88 594.569 746.358 407.243 106.251 459.213 455.746 540.559 491.078 50.917 694.882 1000000000.0 714.44 75.512 406.552 277.458 797.216 215.035 96.213 708.382 166.562 19.906 591.211 777.43 846.212 340.722 161.931 705.419 468.313 693.06 419.852 791.677 426.599 274.111 843.004
107.612 405.353 826.964 610.981 990.419 538.189 817.766 752.722 697.058 938.68 8.504 977.82 9.449 352.215 182.099 698.508 578.198 868.266 752.261 966.398 621.449 123.283 193.263 745.647 870.094 557.204 714.44 1000000000.0 690.461 739.833 464.776 685.852 129.574 275.891 126.586 527.536 919.839 933.23 942.389 792.485 783.518 395.895 67.969 783.435 5.772 938.85 310.644 776.108 138.791 868.16
820.707 274.904 944.551 809.243 766.016 996.22 394.497 55.089 74.599 237.288 370.829 528.329 89.631 809.794 971.378 321.518 478.689 373.939 581.601 589.089 785.972 444.449 925.886 607.224 255.362 506.991 75.512 690.461 1000000000.0 841.207 387.129 365.419 46.469 971.764 754.628 708.284 524.282 297.444 818.959 358.615 262.799 147.047 959.678 468.921 927.417 898.793 132.955 138.282 419.271 54.627
902.62 203.895 482.924 775.707 196.553 780.839 99.86 56.877 616.371 526.969 664.332 724.073 164.69 404.495 823.157 744.663 531.413 830.733 626.132 933.339 688.357 633.923 426.406 978.69 876.636 517.866 406.552 739.833 841.207 1000000000.0 362.463 931.346 180.331 58.718 947.708 999.001 106.58 452.075 495.994 827.665 187.015 407.47 114.283 541.126 837.602 989.561 193.441 773.489 485.095 507.439
573.201 800.898 487.235 470.919 447.233 684.008 289.123 961.397 981.732 593.559 312.24 927.846 236.464 318.45 456.836 663.679 696.194 882.601 562.047 521.272 19.231 307.382 280.194 66.245 550.629 139.238 277.458 464.776 387.129 362.463 1000000000.0 3.132 328.79 387.629 531.242 606.159 719.893 94.339 504.207 34.478 899.441 615.187 551.486 394.698 897.931 404.899 721.288 378.213 226.479 958.639
863.509 583.135 172.828 816.988 33.686 111.694 397.145 622.13 98.272 918.442 664.743 393.368 66.271 844.856 53.729 892.187 164.394 115.421 500.518 743.084 994.598 763.805 596.449 669.676 717.541 425.269 797.216 685.852 365.419 931.346 3.132 1000000000.0 454.125 807.811 792.801 337.597 363.436 39.303 173.914 252.715 722.52 519.523 533.208 151.955 891.98 333.37 771.431 21.557 936.805 300.153
740.74 571.142 894.343 678.956 921.85 52.011 666.71 486.7 83.68 551.289 82.522 647.44 819.046 316.638 147.366 877.8 8.225 377.815 261.54 618.393 357.783 958.935 203.924 61.793 120.523 994.064 215.035 129.574 46.469 180.331 328.79 454.125 1000000000.0 840.266 572.143 17.547 874.657 606.092 45.284 263.309 493.464 272.343 423.218 513.255 996.561 589.494 795.682 269.26 348.541 775.498
923.375 68.744 251.481 112.668 812.227 233.195 142.491 349.316 592.288 580.737 980.924 381.271 669.519 437.121 410.233 910.466 584.793 437.838 120.568 917.038 697.412 271.262 353.082 917.837 423.214 403.371 96.213 275.891 971.764 58.718 387.629 807.811 840.266 1000000000.0 846.082 108.581 64.122 891.824 560.176 828.368 987.781 919.428 88.073 234.223 81.239 107.515 373.43 284.312 363.044 263.014
167.538 357.67 358.241 508.835 527.043 259.339 379.602 662.406 873.728 243.443 94.219 404.272 578.049 957.31 519.154 611.862 127.007 200.712 614.389 91.654 79.892 5.735 99.17 326.615 671.709 582.916 708.382 126.586 754.628 947.708 531.242 792.801 572.143 846.082 1000000000.0 387.779 324.021 58.151 790.375 765.432 467.495 368.871 842.165 670.054 408.585 150.273 945.586 208.934 161.56 108.798
792.14 300.449 993.081 99.397 29.782 438.187 406.535 113.418 899.438 148.197 74.91 572.7 734.176 641.198 372.672 70.458 504.454 874.316 667.678 740.862 926.158 977.232 882.992 610.168 318.64 360.221 166.562 527.536 708.284 999.001 606.159 337.597 17.547 108.581 387.779 1000000000.0 989.638 477.05 473.589 738.044 801.002 891.863 499.988 403.182 772.216 492.231 370.595 707.61 408.756 702.605
68.777 907.175 414.799 960.754 910.98 996.989 237.955 231.523 49.486 366.98 480.116 675.474 637.374 141.932 81.75 932.699 217.837 69.97 372.879 658.543 28.34 56.75 828.777 164.868 381.195 896.222 19.906 919.839 524.282 106.58 719.893 363.436 874.657 64.122 324.021 989.638 1000000000.0 325.801 503.093 896.21 540.301 524.624 880.964 239.819 121.678 1.527 760.176 157.292 349.081 213.291
730.863 492.614 541.683 435.252 340.056 115.374 104.135 101.075 741.307 328.731 747.769 566.185 16.408 603.485 212.568 942.326 586.968 267.196 826.8 472.421 906.82 359.719 552.658 833.935 724.644 230.446 591.211 933.23 297.444 452.075 94.339 39.303 606.092 891.824 58.151 477.05 325.801 1000000000.0 51.732 196.981 366.378 713.858 228.714 776.116 892.461 320.449 998.804 339.617 855.694 912.509
724.052 600.478 173.667 960.805 695.452 275.861 878.175 767.195 589.011 838.856 644.696 424.484 624.267 773.078 918.874 351.345 508.632 838.47 450.264 377.624 301.49 808.699 209.078 874.026 61.721 906.8 777.43 942.389 818.959 495.994 504.207 173.914 45.284 560.176 790.375 473.589 503.093 51.732 1000000000.0 727.557 709.041 976.91 786.431 42.087 343.027 936.314 448.121 432.501 906.48 801.332
60.028 858.552 516.044 360.95 425.671 586.414 639.648 77.929 425.32 367.517 433.9 509.248 897.218 779.217 327.284 936.938 503.193 893.811 819.785 309.657 528.202 446.876 718.05 845.143 747.687 674.606 846.212 792.485 358.615 827.665 34.478 252.715 263.309 828.368 765.432 738.044 896.21 196.981 727.557 1000000000.0 390.312 304.294 366.339 829.74 207.202 567.269 124.19 633.755 511.032 956.791
559.678 469.893 457.801 631.478 736.086 751.885 142.291 307.609 138.861 830.365 420.31 268.102 636.959 491.683 67.348 327.829 545.005 210.704 93.007 815.315 740.228 700.39 309.753 259.414 510.189 558.641 340.722 783.518 262.799 187.015 899.441 722.52 493.464 987.781 467.495 801.002 540.301 366.378 709.041 390.312 1000000000.0 760.259 389.011 89.171 146.618 224.823 909.726 659.69 871.311 648.713
688.622 384.646 151.848 596.09 563.59 446.409 247.694 178.024 893.832 747.216 833.037 315.778 335.776 9.724 785.862 121.204 111.379 695.021 724.121 59.179 902.729 393.687 488.608 80.597 716.652 377.828 161.931 395.895 147.047 407.47 615.187 519.523 272.343 919.428 368.871 891.863 524.624 713.858 976.91 304.294 760.259 1000000000.0 180.571 981.564 620.844 866.176 397.409 472.811 173.475 985.46
981.466 792.073 752.994 653.969 753.846 195.638 262.029 78.386 4.113 323.339 400.433 1.623 977.092 928.964 197.016 384.939 940.695 867.536 842.942 442.396 955.961 571.813 6.576 764.045 759.879 3.463 705.419 67.969 959.678 114.283 551.486 533.208 423.218 88.073 842.165 499.988 880.964 228.714 786.431 366.339 389.011 180.571 1000000000.0 15.861 691.94 864.388 914.907 543.29 963.682 657.448
258.429 662.706 655.975 791.527 725.948 726.464 23.297 818.216 634.743 244.879 543.661 94.763 446.704 299.149 146.612 401.322 815.557 679.791 617.394 879.92 351.765 792.206 784.451 868.736 188.036 304.766 468.313 783.435 468.921 541.126 394.698 151.955 513.255 234.223 670.054 403.182 239.819 776.116 42.087 829.74 89.171 981.564 15.861 1000000000.0 561.462 620.282 447.434 57.553 365.762 609.326
444.913 786.57 635.741 665.074 982.63 826.736 694.566 386.397 233.621 376.282 579.373 984.832 711.886 696.419 270.513 892.62 902.871 658.236 159.924 925.395 313.134 470.542 614.299 511.537 593.943 573.834 693.06 5.772 927.417 837.602 897.931 891.98 996.561 81.239 408.585 772.216 121.678 892.461 343.027 207.202 146.618 620.844 691.94 561.462 1000000000.0 837.436 48.069 865.262 178.618 208.108
766.799 565.615 578.04 595.312 467.872 425.641 388.138 451.924 89.531 223.382 815.034 965.294 637.143 708.199 489.557 637.726 174.88 581.832 232.646 805.367 203.163 810.014 135.398 632.045 814.555 216.914 419.852 938.85 898.793 989.561 404.899 333.37 589.494 107.515 150.273 492.231 1.527 320.449 936.314 567.269 224.823 866.176 864.388 620.282 837.436 1000000000.0 463.584 217.866 284.378 765.249
679.589 828.297 556.437 801.757 193.295 682.841 882.385 147.589 752.165 47.935 230.314 218.358 392.461 606.38 75.259 116.912 756.209 47.143 415.636 388.417 90.062 247.474 552.648 621.955 308.951 696.071 791.677 310.644 132.955 193.441 721.288 771.431 795.682 373.43 945.586 370.595 760.176 998.804 448.121 124.19 909.726 397.409 914.907 447.434 48.069 463.584 1000000000.0 441.803 515.786 201.839
648.544 790.038 482.54 354.048 78.32 488.63 854.72 679.172 461.018 851.745 23.77 143.111 172.081 733.607 876.909 34.285 159.006 253.524 683.337 187.175 929.503 807.259 124.037 447.399 493.617 972.878 426.599 776.108 138.282 773.489 378.213 21.557 269.26 284.312 208.934 707.61 157.292 339.617 432.501 633.755 659.69 472.811 543.29 57.553 865.262 217.866 441.803 1000000000.0 9.125 404.868
822.854 109.714 511.546 905.489 149.301 129.728 134.811 997.028 214.958 474.241 413.515 354.011 3.121 81.281 326.573 83.507 681.308 87.2 78.765 371.496 895.985 291.03 403.255 33.779 900.436 571.921 274.111 138.791 419.271 485.095 226.479 936.805 348.541 363.044 161.56 408.756 349.081 855.694 906.48 511.032 871.311 173.475 963.682 365.762 178.618 284.378 515.786 9.125 1000000000.0 539.456
346.604 338.242 365.842 677.026 582.24 908.205 75.378 60.441 661.807 961.53 990.249 45.967 173.657 793.234 486.411 150.144 294.058 96.072 280.662 982.06 436.546 509.387 855.169 614.78 47.588 232.686 843.004 868.16 54.627 507.439 958.639 300.153 775.498 263.014 108.798 702.605 213.291 912.509 801.332 956.791 648.713 985.46 657.448 609.326 208.108 765.249 201.839 404.868 539.456 1000000000.0
