50
1000000000.0 879.392 166.991 75.323 107.011 236.108 616.672 893.077 638.983 554.453 832.473 631.515 382.153 578.993 905.414 880.82 952.916 363.783 401.118 758.749 632.803 707.293 825.22 856.214 526.998 305.153 415.39 963.762 233.251 975.931 930.663 925.525 825.222 415.823 624.218 931.296 352.171 560.345 233.257 306.627 368.448 800.633 460.676 207.821 664.312 135.045 522.203 72.515 120.528 752.174
879.392 1000000000.0 527.999 834.678 240.617 163.275 172.146 593.441 12.155 613.851 348.59 41.778 339.924 730.665 992.613 872.23 643.137 742.272 402.141 425.925 914.409 321.32 81.47 899.313 133.758 294.289 385.977 566.086 454.261 672.573 191.218 151.399 919.484 405.33 479.865 511.075 344.938 311.728 452.708 477.024 800.112 876.049 504.439 546.347 819.736 912.674 692.108 79.372 300.631 999.679
166.991 527.999 1000000000.0 494.892 701.535 409.888 157.015 868.19 872.069 895.647 332.578 928.972 861.829 574.585 34.759 500.695 718.364 978.744 768.273 145.442 238.358 509.259 411.61 960.857 875.903 12.897 734.215 32.515 511.19 815.099 346.054 71.058 236.892 377.755 665.781 136.143 187.489 168.074 674.981 440.035 951.249 236.049 721.038 603.308 28.289 553.955 85.191 842.02 993.104 352.184
75.323 834.678 494.892 1000000000.0 551.909 715.382 345.401 947.067 963.926 801.402 495.629 52.907 478.126 527.244 714.502 669.7 161.396 54.145 16.166 758.873 997.543 962.443 961.02 392.858 635.187 291.666 673.22 845.66 983.967 267.908 520.964 952.848 187.706 432.358 49.508 217.494 35.179 26.041 898.878 313.316 81.875 481.313 601.672 246.644 971.873 735.244 389.352 95.121 442.756 102.357
107.011 240.617 701.535 551.909 1000000000.0 219.41 210.191 798.571 374.721 825.637 183.3 721.603 9.291 321.184 156.38 156.312 500.466 13.597 488.139 641.382 580.744 515.164 456.992 749.975 633.596 10.424 37.101 124.578 883.012 581.992 663.156 256.187 923.342 597.264 565.24 252.229 888.684 64.298 890.833 288.454 350.051 150.814 943.142 558.758 771.421 46.257 129.073 783.946 412.504 623.834
236.108 163.275 409.888 715.382 219.41 1000000000.0 839.385 803.993 577.827 4.071 864.246 633.63 408.148 65.768 415.005 948.636 138.259 239.137 217.126 438.769 157.451 121.55 632.96 223.881 302.429 362.896 695.117 737.046 180.137 343.051 321.736 242.31 448.437 890.067 742.109 934.639 607.324 285.628 656.666 637.342 116.568 639.168 567.74 166.379 900.436 836.666 977.61 418.815 487.073 962.539
616.672 172.146 157.015 345.401 210.191 839.385 1000000000.0 397.575 352.586 88.982 158.666 728.378 475.704 663.903 199.835 446.901 916.26 696.51 824.732 351.537 196.109 65.844 639.17 648.447 708.745 833.268 570.567 911.695 398.783 849.812 7.139 436.41 811.288 511.871 841.918 401.743 36.226 760.708 603.883 433.685 390.168 953.934 498.461 364.692 311.643 772.817 433.041 306.924 932.243 563.713
893.077 593.441 868.19 947.067 798.571 803.993 397.575 1000000000.0 282.377 628.784 807.114 667.798 800.222 86.949 593.866 783.894 387.615 240.943 501.175 911.238 830.256 699.631 536.457 548.678 46.528 857.188 441.621 916.253 293.155 615.589 137.546 80.6 766.92 976.311 465.352 753.157 651.954 118.048 576.442 104.289 29.253 699.751 898.424 930.198 379.393 885.551 953.598 505.125 115.657 960.265
638.983 12.155 872.069 963.926 374.721 577.827 352.586 282.377 1000000000.0 641.734 954.582 798.762 136.187 654.033 28.753 469.395 586.562 588.907 279.152 479.777 910.534 657.978 846.293 785.855 862.362 136.802 301.1 313.797 971.295 821.873 48.946 669.989 188.368 711.613 320.932 72.024 194.603 809.841 840.513 653.887 109.069 863.686 706.839 298.395 824.951 750.5 559.765 791.887 702.48 578.91
554.453 613.851 895.647 801.402 825.637 4.071 88.982 628.784 641.734 1000000000.0 251.142 122.463 684.808 926.557 881.38 188.04 699.199 80.377 913.437 830.254 518.465 142.227 355.164 952.012 743.325 683.275 906.287 535.448 510.72 935.768 426.263 752.514 300.111 742.324 482.778 780.323 928.736 857.274 305.198 962.812 859.65 702.489 219.545 631.902 516.338 205.851 466.114 592.34 393.183 466.279
832.473 348.59 332.578 495.629 183.3 864.246 158.666 807.114 954.582 251.142 1000000000.0 121.644 735.033 400.149 85.139 772.411 700.164 315.291 244.852 669.105 427.655 336.919 383.631 648.943 803.802 352.064 672.929 907.281 390.646 40.029 705.219 643.725 455.294 897.742 172.527 996.431 110.649 836.593 756.26 715.118 934.866 629.035 81.922 489.84 500.992 361.048 138.864 380.678 778.772 998.256
631.515 41.778 928.972 52.907 721.603 633.63 728.378 667.798 798.762 122.463 121.644 1000000000.0 627.575 502.377 773.164 519.497 77.571 968.681 269.803 956.775 410.668 564.884 41.05 956.919 974.487 83.195 979.534 584.571 421.203 559.228 492.504 922.391 909.863 29.428 359.557 416.742 835.866 193.133 212.598 230.225 918.925 296.988 833.805 559.056 44.031 834.484 558.881 342.875 916.164 874.962
382.153 339.924 861.829 478.126 9.291 408.148 475.704 800.222 136.187 684.808 735.033 627.575 1000000000.0 63.969 945.938 265.48 831.423 842.954 851.075 300.821 617.323 662.693 162.113 119.788 956.189 239.566 20.823 589.046 41.068 768.044 430.104 545.085 243.068 13.475 257.603 934.489 640.003 81.977 197.733 826.465 68.006 423.824 4.571 817.267 390.132 546.224 524.596 862.366 947.595 27.218
578.993 730.665 574.585 527.244 321.184 65.768 663.903 86.949 654.033 926.557 400.149 502.377 63.969 1000000000.0 589.354 220.144 977.966 969.738 305.734 789.51 676.993 838.471 356.417 586.288 642.671 754.97 725.151 172.513 894.831 385.426 763.438 242.09 382.964 639.405 381.015 153.054 586.268 834.028 957.201 1.495 189.895 314.42 166.368 665.33 226.806 44.287 40.758 601.51 249.607 599.539
905.414 992.613 34.759 714.502 156.38 415.005 199.835 593.866 28.753 881.38 85.139 773.164 945.938 589.354 1000000000.0 342.556 958.155 709.169 157.907 882.87 875.908 88.445 480.181 509.656 68.848 780.972 769.488 363.212 192.445 198.191 305.364 818.902 309.836 86.535 318.656 986.209 870.963 385.405 948.185 735.186 294.276 341.735 606.565 493.725 647.617 866.6 735.029 542.743 73.568 312.596
880.82 872.23 500.695 669.7 156.312 948.636 446.901 783.894 469.395 188.04 772.411 519.497 265.48 220.144 342.556 1000000000.0 187.491 202.336 682.637 833.345 352.211 447.115 247.673 582.093 694.987 276.109 384.255 623.816 333.914 965.469 207.218 881.256 250.024 449.0 390.26 140.961 567.43 945.452 185.892 552.509 315.572 642.735 728.678 691.76 767.424 844.399 575.049 423.111 774.024 649.422
952.916 643.137 718.364 161.396 500.466 138.259 916.26 387.615 586.562 699.199 700.164 77.571 831.423 977.966 958.155 187.491 1000000000.0 372.6 877.375 312.268 710.741 188.789 695.16 463.258 99.173 870.898 445.623 128.265 986.954 254.647 88.931 354.582 206.498 993.595 429.665 740.057 998.115 531.549 187.245 77.511 93.882 400.981 342.993 728.187 69.565 520.491 560.688 363.671 523.973 323.917
363.783 742.272 978.744 54.145 13.597 239.137 696.51 240.943 588.907 80.377 315.291 968.681 842.954 969.738 709.169 202.336 372.6 1000000000.0 222.726 702.917 340.823 502.0 223.741 500.429 618.308 219.931 313.317 287.431 289.477 245.906 623.053 874.3 339.736 998.241 769.16 607.889 805.853 555.08 410.216 949.828 480.136 510.951 199.743 963.147 841.741 173.391 841.781 314.069 827.599 683.185
401.118 402.141 768.273 16.166 488.139 217.126 824.732 501.175 279.152 913.437 244.852 269.803 851.075 305.734 157.907 682.637 877.375 222.726 1000000000.0 418.517 126.429 885.129 665.797 462.2 444.152 397.922 765.065 500.509 896.737 4.67 736.224 630.163 904.275 302.745 249.37 835.245 155.616 154.519 884.137 501.785 652.06 784.637 920.543 294.723 66.147 428.045 807.196 94.578 890.763 492.338
758.749 425.925 145.442 758.873 641.382 438.769 351.537 911.238 479.777 830.254 669.105 956.775 300.821 789.51 882.87 833.345 312.268 702.917 418.517 1000000000.0 856.416 862.182 206.689 848.362 810.328 863.481 990.638 604.898 95.444 171.462 505.322 352.229 775.432 77.979 409.131 916.822 452.913 512.039 107.997 45.033 81.938 884.465 680.466 674.373 36.496 920.885 869.47 645.922 252.789 551.89
632.803 914.409 238.358 997.543 580.744 157.451 196.109 830.256 910.534 518.465 427.655 410.668 617.323 676.993 875.908 352.211 710.741 340.823 126.429 856.416 1000000000.0 252.413 960.586 20.549 228.412 573.642 75.242 970.463 851.452 899.453 31.853 934.953 172.912 926.62 365.541 476.812 101.993 170.454 574.689 637.741 938.661 408.657 147.796 90.02 395.232 660.444 53.084 855.567 367.265 678.63
707.293 321.32 509.259 962.443 515.164 121.55 65.844 699.631 657.978 142.227 336.919 564.884 662.693 838.471 88.445 447.115 188.789 502.0 885.129 862.182 252.413 1000000000.0 583.482 685.242 911.896 316.403 877.924 128.416 491.477 962.513 38.848 30.447 313.944 106.789 547.822 146.425 413.923 772.369 553.949 850.788 488.577 535.576 426.479 104.012 704.901 910.998 710.606 367.48 275.992 130.958
825.22 81.47 411.61 961.02 456.992 632.96 639.17 536.457 846.293 355.164 383.631 41.05 162.113 356.417 480.181 247.673 695.16 223.741 665.797 206.689 960.586 583.482 1000000000.0 937.104 500.045 796.432 368.702 977.726 885.464 141.099 977.247 548.921 500.83 653.986 603.055 138.858 679.338 121.056 783.483 183.924 604.042 122.681 957.771 766.408 633.152 28.258 96.288 715.712 457.579 469.675
856.214 899.313 960.857 392.858 749.975 223.881 648.447 548.678 785.855 952.012 648.943 956.919 119.788 586.288 509.656 582.093 463.258 500.429 462.2 848.362 20.549 685.242 937.104 1000000000.0 594.368 384.815 116.809 851.698 914.705 293.589 933.674 392.978 103.673 995.305 336.548 99.128 108.086 526.591 350.36 786.527 557.682 742.018 805.455 599.456 522.005 799.82 186.432 853.683 634.257 85.994
526.998 133.758 875.903 635.187 633.596 302.429 708.745 46.528 862.362 743.325 803.802 974.487 956.189 642.671 68.848 694.987 99.173 618.308 444.152 810.328 228.412 911.896 500.045 594.368 1000000000.0 432.79 181.803 196.829 384.295 420.434 518.468 314.549 732.335 665.954 39.023 995.563 469.545 835.453 297.739 408.171 84.518 951.351 19.926 244.699 409.588 918.575 408.336 551.73 958.177 501.521
305.153 294.289 12.897 291.666 10.424 362.896 833.268 857.188 136.802 683.275 352.064 83.195 239.566 754.97 780.972 276.109 870.898 219.931 397.922 863.481 573.642 316.403 796.432 384.815 432.79 1000000000.0 898.455 665.796 251.758 895.146 992.604 251.014 744.388 38.524 668.414 251.912 372.977 663.797 863.818 854.509 191.08 836.423 575.358 677.391 194.048 161.469 981.294 770.262 725.65 961.849
415.39 385.977 734.215 673.22 37.101 695.117 570.567 441.621 301.1 906.287 672.929 979.534 20.823 725.151 769.488 384.255 445.623 313.317 765.065 990.638 75.242 877.924 368.702 116.809 181.803 898.455 1000000000.0 738.451 964.238 570.594 193.186 506.885 597.332 713.707 439.881 927.588 414.094 939.515 281.585 109.661 435.345 766.111 866.983 91.829 549.413 975.436 924.518 497.094 406.148 789.728
963.762 566.086 32.515 845.66 124.578 737.046 911.695 916.253 313.797 535.448 907.281 584.571 589.046 172.513 363.212 623.816 128.265 287.431 500.509 604.898 970.463 128.416 977.726 851.698 196.829 665.796 738.451 1000000000.0 546.621 639.176 60.539 451.296 469.503 421.991 859.894 424.766 186.327 795.918 96.527 599.128 789.512 513.223 868.216 997.251 337.225 508.209 227.226 115.931 104.961 588.276
233.251 454.261 511.19 983.967 883.012 180.137 398.783 293.155 971.295 510.72 390.646 421.203 41.068 894.831 192.445 333.914 986.954 289.477 896.737 95.444 851.452 491.477 885.464 914.705 384.295 251.758 964.238 546.621 1000000000.0 735.14 488.752 628.267 568.485 512.724 890.347 126.673 102.906 192.99 38.138 577.91 29.24 836.739 164.164 472.477 579.865 346.679 724.133 705.924 835.504 444.255
975.931 672.573 815.099 267.908 581.992 343.051 849.812 615.589 821.873 935.768 40.029 559.228 768.044 385.426 198.191 965.469 254.647 245.906 4.67 171.462 899.453 962.513 141.099 293.589 420.434 895.146 570.594 639.176 735.14 1000000000.0 136.816 789.458 190.15 443.452 49.109 184.301 981.548 662.308 170.885 767.656 710.563 227.489 772.7 95.24 675.0 864.199 583.558 946.09 975.005 481.11
930.663 191.218 346.054 520.964 663.156 321.736 7.139 137.546 48.946 426.263 705.219 492.504 430.104 763.438 305.364 207.218 88.931 623.053 736.224 505.322 31.853 38.848 977.247 933.674 518.468 992.604 193.186 60.539 488.752 136.816 1000000000.0 817.146 926.512 311.494 460.454 969.316 512.911 55.687 914.782 137.442 861.099 599.056 743.689 297.779 724.276 793.391 508.606 356.691 932.806 262.994
925.525 151.399 71.058 952.848 256.187 242.31 436.41 80.6 669.989 752.514 643.725 922.391 545.085 242.09 818.902 881.256 354.582 874.3 630.163 352.229 934.953 30.447 548.921 392.978 314.549 251.014 506.885 451.296 628.267 789.458 817.146 1000000000.0 896.43 106.352 830.227 235.258 450.702 345.099 929.985 440.393 858.957 175.435 181.61 143.066 642.082 479.456 393.692 499.277 126.528 622.458
825.222 919.484 236.892 187.706 923.342 448.437 811.288 766.92 188.368 300.111 455.294 909.863 243.068 382.964 309.836 250.024 206.498 339.736 904.275 775.432 172.912 313.944 500.83 103.673 732.335 744.388 597.332 469.503 568.485 190.15 926.512 896.43 1000000000.0 813.011 225.402 843.259 443.0 926.422 352.323 420.678 725.475 113.884 438.4 562.533 987.232 552.959 758.151 62.606 362.045 352.5
415.823 405.33 377.755 432.358 597.264 890.067 511.871 976.311 711.613 742.324 897.742 29.428 13.475 639.405 86.535 449.0 993.595 998.241 302.745 77.979 926.62 106.789 653.986 995.305 665.954 38.524 713.707 421.991 512.724 443.452 311.494 106.352 813.011 1000000000.0 54.436 131.289 934.392 453.768 109.215 649.468 368.843 749.744 537.03 875.45 377.324 723.43 85.246 884.669 458.069 784.464
624.218 479.865 665.781 49.508 565.24 742.109 841.918 465.352 320.932 482.778 172.527 359.557 257.603 381.015 318.656 390.26 429.665 769.16 249.37 409.131 365.541 547.822 603.055 336.548 39.023 668.414 439.881 859.894 890.347 49.109 460.454 830.227 225.402 54.436 1000000000.0 96.202 278.024 691.29 399.343 301.6 619.599 58.784 137.635 670.523 562.619 729.66 526.117 808.456 747.804 581.024
931.296 511.075 136.143 217.494 252.229 934.639 401.743 753.157 72.024 780.323 996.431 416.742 934.489 153.054 986.209 140.961 740.057 607.889 835.245 916.822 476.812 146.425 138.858 99.128 995.563 251.912 927.588 424.766 126.673 184.301 969.316 235.258 843.259 131.289 96.202 1000000000.0 657.439 403.321 174.631 285.684 690.095 21.927 664.488 649.875 370.207 254.763 488.143 653.272 826.871 285.32
352.171 344.938 187.489 35.179 888.684 607.324 36.226 651.954 194.603 928.736 110.649 835.866 640.003 586.268 870.963 567.43 998.115 805.853 155.616 452.913 101.993 413.923 679.338 108.086 469.545 372.977 414.094 186.327 102.906 981.548 512.911 450.702 443.0 934.392 278.024 657.439 1000000000.0 4.914 754.787 918.881 629.39 170.651 221.185 887.081 220.787 346.259 29.203 653.624 932.979 517.968
560.345 311.728 168.074 26.041 64.298 285.628 760.708 118.048 809.841 857.274 836.593 193.133 81.977 834.028 385.405 945.452 531.549 555.08 154.519 512.039 170.454 772.369 121.056 526.591 835.453 663.797 939.515 795.918 192.99 662.308 55.687 345.099 926.422 453.768 691.29 403.321 4.914 1000000000.0 462.389 909.873 180.124 142.01 534.993 419.721 958.396 347.087 67.407 983.139 663.875 921.316
233.257 452.708 674.981 898.878 890.833 656.666 603.883 576.442 840.513 305.198 756.26 212.598 197.733 957.201 948.185 185.892 187.245 410.216 884.137 107.997 574.689 553.949 783.483 350.36 297.739 863.818 281.585 96.527 38.138 170.885 914.782 929.985 352.323 109.215 399.343 174.631 754.787 462.389 1000000000.0 49.626 600.579 995.942 281.343 544.88 160.515 113.553 817.372 270.432 973.884 714.879
306.627 477.024 440.035 313.316 288.454 637.342 433.685 104.289 653.887 962.812 715.118 230.225 826.465 1.495 735.186 552.509 77.511 949.828 501.785 45.033 637.741 850.788 183.924 786.527 408.171 854.509 109.661 599.128 577.91 767.656 137.442 440.393 420.678 649.468 301.6 285.684 918.881 909.873 49.626 1000000000.0 583.975 539.021 207.459 860.663 475.071 694.039 190.697 18.934 316.037 35.791
368.448 800.112 951.249 81.875 350.051 116.568 390.168 29.253 109.069 859.65 934.866 918.925 68.006 189.895 294.276 315.572 93.882 480.136 652.06 81.938 938.661 488.577 604.042 557.682 84.518 191.08 435.345 789.512 29.24 710.563 861.099 858.957 725.475 368.843 619.599 690.095 629.39 180.124 600.579 583.975 1000000000.0 203.425 653.869 903.094 690.315 141.838 116.609 97.871 243.324 231.837
800.633 876.049 236.049 481.313 150.814 639.168 953.934 699.751 863.686 702.489 629.035 296.988 423.824 314.42 341.735 642.735 400.981 510.951 784.637 884.465 408.657 535.576 122.681 742.018 951.351 836.423 766.111 513.223 836.739 227.489 599.056 175.435 113.884 749.744 58.784 21.927 170.651 142.01 995.942 539.021 203.425 1000000000.0 886.696 667.861 296.831 305.538 432.778 945.665 867.153 566.403
460.676 504.439 721.038 601.672 943.142 567.74 498.461 898.424 706.839 219.545 81.922 833.805 4.571 166.368 606.565 728.678 342.993 199.743 920.543 680.466 147.796 426.479 957.771 805.455 19.926 575.358 866.983 868.216 164.164 772.7 743.689 181.61 438.4 537.03 137.635 664.488 221.185 534.993 281.343 207.459 653.869 886.696 1000000000.0 668.629 742.278 91.198 919.747 131.395 634.611 533.99
207.821 546.347 603.308 246.644 558.758 166.379 364.692 930.198 298.395 631.902 489.84 559.056 817.267 665.33 493.725 691.76 728.187 963.147 294.723 674.373 90.02 104.012 766.408 599.456 244.699 677.391 91.829 997.251 472.477 95.24 297.779 143.066 562.533 875.45 670.523 649.875 887.081 419.721 544.88 860.663 903.094 667.861 668.629 1000000000.0 929.323 401.709 791.834 969.692 414.374 175.624
664.312 819.736 28.289 971.873 771.421 900.436 311.643 379.393 824.951 516.338 500.992 44.031 390.132 226.806 647.617 767.424 69.565 841.741 66.147 36.496 395.232 704.901 633.152 522.005 409.588 194.048 549.413 337.225 579.865 675.0 724.276 642.082 987.232 377.324 562.619 370.207 220.787 958.396 160.515 475.071 690.315 296.831 742.278 929.323 1000000000.0 526.98 650.362 583.725 217.152 646.704
135.045 912.674 553.955 735.244 46.257 836.666 772.817 885.551 750.5 205.851 361.048 834.484 546.224 44.287 866.6 844.399 520.491 173.391 428.045 920.885 660.444 910.998 28.258 799.82 918.575 161.469 975.436 508.209 346.679 864.199 793.391 479.456 552.959 723.43 729.66 254.763 346.259 347.087 113.553 694.039 141.838 305.538 91.198 401.709 526.98 1000000000.0 355.506 471.683 961.627 599.91
522.203 692.108 85.191 389.352 129.073 977.61 433.041 953.598 559.765 466.114 138.864 558.881 524.596 40.758 735.029 575.049 560.688 841.781 807.196 869.47 53.084 710.606 96.288 186.432 408.336 981.294 924.518 227.226 724.133 583.558 508.606 393.692 758.151 85.246 526.117 488.143 29.203 67.407 817.372 190.697 116.609 432.778 919.747 791.834 650.362 355.506 1000000000.0 397.77 11.455 464.493
72.515 79.372 842.02 95.121 783.946 418.815 306.924 505.125 791.887 592.34 380.678 342.875 862.366 601.51 542.743 423.111 363.671 314.069 94.578 645.922 855.567 367.48 715.712 853.683 551.73 770.262 497.094 115.931 705.924 946.09 356.691 499.277 62.606 884.669 808.456 653.272 653.624 983.139 270.432 18.934 97.871 945.665 131.395 969.692 583.725 471.683 397.77 1000000000.0 270.038 108.228
120.528 300.631 993.104 442.756 412.504 487.073 932.243 115.657 702.48 393.183 778.772 916.164 947.595 249.607 73.568 774.024 523.973 827.599 890.763 252.789 367.265 275.992 457.579 634.257 958.177 725.65 406.148 104.961 835.504 975.005 932.806 126.528 362.045 458.069 747.804 826.871 932.979 663.875 973.884 316.037 243.324 867.153 634.611 414.374 217.152 961.627 11.455 270.038 1000000000.0 94.389
752.174 999.679 352.184 102.357 623.834 962.539 563.713 960.265 578.91 466.279 998.256 874.962 27.218 599.539 312.596 649.422 323.917 683.185 492.338 551.89 678.63 130.958 469.675 85.994 501.521 961.849 789.728 588.276 444.255 481.11 262.994 622.458 352.5 784.464 581.024 285.32 517.968 921.316 714.879 35.791 231.837 566.403 533.99 175.624 646.704 599.91 464.493 108.228 94.389 1000000000.0
