50
1000000000.0 217.802 340.173 115.214 678.409 560.56 379.07 473.242 695.751 163.414 950.727 790.687 900.575 673.917 672.824 120.896 689.207 80.725 977.751 50.704 117.166 5.967 70.266 545.54 711.607 355.229 661.89 803.143 857.796 649.548 920.671 723.16 626.217 869.472 191.855 80.34 811.515 936.641 133.461 457.642 665.419 583.656 233.068 7.202 192.939 261.506 49.123 861.872 421.912 505.22
217.802 1000000000.0 661.605 133.555 538.437 730.389 745.526 707.032 181.363 708.128 611.037 702.698 583.907 32.606 20.325 939.696 290.41 981.988 60.236 340.494 904.423 150.55 28.399 913.84 161.895 974.146 180.237 945.883 321.16 132.495 83.646 130.098 14.917 468.481 949.834 67.984 93.737 762.799 995.964 175.796 317.15 660.428 621.279 143.27 252.04 205.733 285.168 865.022 232.963 63.303
340.173 661.605 1000000000.0 235.57 453.702 531.067 874.629 796.173 147.545 109.833 181.475 105.052 549.623 152.35 202.954 954.614 557.108 93.598 967.881 327.611 993.901 741.066 4.35 709.23 702.505 967.661 935.611 285.365 980.18 280.729 636.809 175.248 797.315 197.419 569.978 174.676 699.458 612.327 895.581 453.059 423.254 12.704 367.052 538.506 831.066 816.423 547.712 739.727 87.774 893.494
115.214 133.555 235.57 1000000000.0 838.147 927.544 554.928 973.243 643.888 641.074 284.465 259.041 702.276 428.54 515.758 458.676 113.789 398.95 919.712 755.764 640.671 622.67 789.594 301.499 378.292 363.094 316.398 856.393 975.738 512.156 143.524 577.672 274.519 394.789 667.308 437.665 61.19 641.983 60.682 7.347 117.638 28.072 832.545 295.433 313.806 165.694 711.893 788.188 468.945 396.907
678.409 538.437 453.702 838.147 1000000000.0 522.272 217.852 126.387 789.588 120.016 909.611 877.632 30.552 360.699 711.687 817.526 908.475 663.986 566.139 483.604 857.35 143.941 365.162 169.664 894.137 671.238 287.624 230.408 345.589 454.919 134.38 836.89 85.992 195.417 100.691 297.592 707.067 190.32 819.951 661.138 915.457 742.58 691.626 638.263 783.661 968.104 434.644 423.492 21.895 337.998
560.56 730.389 531.067 927.544 522.272 1000000000.0 381.691 927.871 134.383 666.424 822.294 558.716 917.853 356.076 744.951 277.586 509.82 678.712 326.418 31.884 667.392 143.234 739.765 878.248 386.537 505.838 832.793 825.589 964.068 405.409 893.237 470.352 256.311 303.891 726.827 331.071 530.006 812.769 774.105 170.62 965.162 97.067 989.771 693.013 508.788 820.078 453.013 576.292 372.447 154.025
379.07 745.526 874.629 554.928 217.852 381.691 1000000000.0 150.405 710.921 727.366 257.32 714.513 893.877 418.855 578.686 618.108 470.633 225.758 657.374 612.493 245.794 991.981 213.324 47.722 803.079 5.372 862.914 378.211 477.851 138.316 329.06 507.314 826.467 435.822 343.223 50.916 234.939 628.084 170.595 853.433 586.252 89.899 700.125 800.521 437.923 784.312 12.781 98.856 118.729 970.9
473.242 707.032 796.173 973.243 126.387 927.871 150.405 1000000000.0 956.833 929.071 645.56 166.088 680.599 732.725 174.895 691.743 432.048 215.238 123.214 695.753 263.902 756.422 162.138 956.449 798.201 491.03 460.316 648.007 707.084 659.706 662.177 815.022 700.322 847.935 272.015 322.277 31.441 217.457 256.854 121.693 167.096 87.977 765.056 770.085 831.515 349.596 829.71 386.85 770.73 979.427
695.751 181.363 147.545 643.888 789.588 134.383 710.921 956.833 1000000000.0 71.344 566.223 8.151 489.158 62.567 81.203 361.134 661.111 880.61 236.564 526.559 844.686 17.916 821.993 134.523 816.474 410.815 47.41 812.755 278.77 958.175 702.963 861.055 265.846 369.684 497.614 501.602 550.732 795.215 379.974 690.455 839.671 866.363 929.2 361.957 342.113 796.258 577.373 113.378 77.576 695.177
163.414 708.128 109.833 641.074 120.016 666.424 727.366 929.071 71.344 1000000000.0 228.359 523.414 267.528 447.214 616.061 429.998 806.929 589.692 166.96 503.132 666.772 229.249 557.54 704.598 720.727 630.995 702.596 610.962 253.764 373.276 801.132 532.876 724.876 107.603 483.799 316.023 295.763 179.556 120.874 915.465 740.604 829.942 265.755 935.685 962.032 845.584 471.691 579.375 739.715 391.003
950.727 611.037 181.475 284.465 909.611 822.294 257.32 645.56 566.223 228.359 1000000000.0 369.389 235.125 242.053 529.397 539.71 633.997 886.914 789.364 280.082 334.852 918.529 798.301 813.904 827.88 241.109 15.37 676.151 890.831 8.023 415.438 548.412 21.109 335.445 201.43 305.052 954.598 260.971 698.652 817.686 150.337 479.832 811.412 612.775 168.66 406.795 153.467 514.487 891.922 912.811
790.687 702.698 105.052 259.041 877.632 558.716 714.513 166.088 8.151 523.414 369.389 1000000000.0 451.281 887.97 890.33 439.646 899.51 17.399 804.734 83.706 464.092 886.21 444.604 983.484 839.343 225.955 622.324 441.161 202.159 727.713 445.772 189.631 771.906 334.156 849.13 915.383 384.927 223.958 388.941 847.754 503.383 277.411 523.846 140.006 932.333 441.009 988.808 986.4 31.709 495.366
900.575 583.907 549.623 702.276 30.552 917.853 893.877 680.599 489.158 267.528 235.125 451.281 1000000000.0 984.841 370.215 628.413 433.059 558.261 942.4 639.126 19.467 652.908 772.654 286.011 943.443 241.639 198.83 937.313 791.962 138.374 274.748 255.297 110.491 871.028 939.639 209.069 995.318 107.238 19.191 193.775 20.001 294.283 346.075 557.41 685.897 555.336 945.143 213.241 322.943 776.08
673.917 32.606 152.35 428.54 360.699 356.076 418.855 732.725 62.567 447.214 242.053 887.97 984.841 1000000000.0 967.355 69.39 964.917 634.555 107.349 912.104 544.054 388.236 339.324 67.32 286.0 539.744 224.382 540.413 276.547 526.167 546.896 93.57 805.156 478.406 276.077 677.38 821.085 751.643 423.644 705.909 648.271 847.905 454.153 963.251 692.308 372.643 903.198 945.435 697.953 340.609
672.824 20.325 202.954 515.758 711.687 744.951 578.686 174.895 81.203 616.061 529.397 890.33 370.215 967.355 1000000000.0 788.048 22.28 549.082 66.167 274.246 328.901 528.712 990.952 788.909 975.318 702.383 6.204 96.956 112.888 868.237 14.016 559.586 777.346 129.097 717.939 19.905 132.304 800.46 77.33 248.361 841.779 635.504 337.57 829.422 218.568 354.565 947.124 774.605 137.192 936.407
120.896 939.696 954.614 458.676 817.526 277.586 618.108 691.743 361.134 429.998 539.71 439.646 628.413 69.39 788.048 1000000000.0 803.802 668.494 629.385 917.79 845.044 348.196 977.28 804.454 708.339 907.018 406.509 456.601 999.894 431.039 685.257 102.388 830.269 911.259 163.499 81.835 855.585 349.704 50.69 316.72 488.333 80.545 746.486 829.071 105.596 236.862 640.748 745.037 856.518 676.454
689.207 290.41 557.108 113.789 908.475 509.82 470.633 432.048 661.111 806.929 633.997 899.51 433.059 964.917 22.28 803.802 1000000000.0 381.04 172.307 872.716 493.325 581.695 914.65 343.115 338.891 37.908 29.609 566.122 631.506 828.328 904.447 166.605 843.439 613.106 145.368 795.515 25.906 675.068 258.968 29.215 320.9 512.57 387.502 66.612 882.351 491.436 429.523 126.087 68.524 584.431
80.725 981.988 93.598 398.95 663.986 678.712 225.758 215.238 880.61 589.692 886.914 17.399 558.261 634.555 549.082 668.494 381.04 1000000000.0 784.353 973.807 417.689 284.388 448.645 323.493 65.881 574.373 123.223 366.378 154.926 269.327 224.581 768.176 608.899 730.989 960.964 632.283 732.64 263.901 885.025 95.406 612.989 104.713 817.464 209.56 964.774 562.487 62.551 883.437 361.699 423.396
977.751 60.236 967.881 919.712 566.139 326.418 657.374 123.214 236.564 166.96 789.364 804.734 942.4 107.349 66.167 629.385 172.307 784.353 1000000000.0 936.695 889.4 578.507 983.252 929.636 828.96 152.96 934.682 956.462 418.614 309.319 702.109 722.787 45.816 860.859 485.348 809.268 326.713 377.799 251.272 290.148 120.747 502.472 597.152 869.071 905.774 951.559 564.426 321.441 596.676 889.633
50.704 340.494 327.611 755.764 483.604 31.884 612.493 695.753 526.559 503.132 280.082 83.706 639.126 912.104 274.246 917.79 872.716 973.807 936.695 1000000000.0 649.949 489.291 507.25 131.201 678.554 961.831 547.865 663.273 387.868 603.387 892.129 661.39 599.4 451.467 890.441 772.651 542.798 34.778 785.196 39.822 184.844 859.77 696.024 793.671 461.268 438.801 656.182 628.611 102.791 333.111
117.166 904.423 993.901 640.671 857.35 667.392 245.794 263.902 844.686 666.772 334.852 464.092 19.467 544.054 328.901 845.044 493.325 417.689 889.4 649.949 1000000000.0 143.698 802.181 386.744 250.779 316.548 25.167 107.139 649.308 128.623 709.452 349.158 607.484 726.56 452.695 101.755 611.581 368.342 486.654 622.587 34.142 104.066 291.475 489.641 2.265 376.649 921.748 745.686 510.431 945.946
5.967 150.55 741.066 622.67 143.941 143.234 991.981 756.422 17.916 229.249 918.529 886.21 652.908 388.236 528.712 348.196 581.695 284.388 578.507 489.291 143.698 1000000000.0 352.901 125.413 315.818 571.334 108.503 655.599 867.318 441.211 399.777 26.764 323.622 447.213 241.319 772.29 259.545 776.146 695.775 945.375 165.72 896.799 965.336 500.197 336.212 595.791 299.463 209.24 583.793 828.212
70.266 28.399 4.35 789.594 365.162 739.765 213.324 162.138 821.993 557.54 798.301 444.604 772.654 339.324 990.952 977.28 914.65 448.645 983.252 507.25 802.181 352.901 1000000000.0 550.033 843.112 335.29 346.056 655.008 59.399 868.636 667.3 902.874 128.405 323.115 755.252 378.006 111.568 309.582 754.655 630.216 208.89 373.659 234.135 834.721 143.663 882.345 931.633 958.238 597.091 134.416
545.54 913.84 709.23 301.499 169.664 878.248 47.722 956.449 134.523 704.598 813.904 983.484 286.011 67.32 788.909 804.454 343.115 323.493 929.636 131.201 386.744 125.413 550.033 1000000000.0 250.16 469.679 45.734 544.683 565.049 579.127 242.21 784.357 814.001 739.001 672.831 103.456 144.737 599.038 410.434 993.945 208.548 533.347 135.84 402.706 959.675 507.152 110.981 405.933 512.85 965.559
711.607 161.895 702.505 378.292 894.137 386.537 803.079 798.201 816.474 720.727 827.88 839.343 943.443 286.0 975.318 708.339 338.891 65.881 828.96 678.554 250.779 315.818 843.112 250.16 1000000000.0 524.272 356.89 655.355 231.792 552.377 56.208 823.795 405.183 938.663 493.108 921.883 426.053 670.107 311.04 214.617 593.706 416.76 447.022 450.665 689.18 928.372 178.977 196.435 968.623 638.518
355.229 974.146 967.661 363.094 671.238 505.838 5.372 491.03 410.815 630.995 241.109 225.955 241.639 539.744 702.383 907.018 37.908 574.373 152.96 961.831 316.548 571.334 335.29 469.679 524.272 1000000000.0 293.788 271.494 375.642 285.796 599.3 287.738 6.186 813.954 214.802 634.56 962.064 838.021 399.176 403.752 872.749 227.572 543.877 476.399 324.806 614.84 883.205 247.026 727.959 191.305
661.89 180.237 935.611 316.398 287.624 832.793 862.914 460.316 47.41 702.596 15.37 622.324 198.83 224.382 6.204 406.509 29.609 123.223 934.682 547.865 25.167 108.503 346.056 45.734 356.89 293.788 1000000000.0 778.596 899.127 334.695 299.448 935.749 130.352 268.049 570.757 403.646 113.294 398.846 461.794 747.773 282.783 584.418 60.965 960.559 623.302 909.91 21.648 647.614 919.313 654.678
803.143 945.883 285.365 856.393 230.408 825.589 378.211 648.007 812.755 610.962 676.151 441.161 937.313 540.413 96.956 456.601 566.122 366.378 956.462 663.273 107.139 655.599 655.008 544.683 655.355 271.494 778.596 1000000000.0 103.688 22.81 716.983 319.591 717.1 258.08 136.659 522.21 289.278 181.715 757.55 942.964 783.809 894.899 709.984 510.8 913.244 947.78 855.403 417.171 915.727 643.347
857.796 321.16 980.18 975.738 345.589 964.068 477.851 707.084 278.77 253.764 890.831 202.159 791.962 276.547 112.888 999.894 631.506 154.926 418.614 387.868 649.308 867.318 59.399 565.049 231.792 375.642 899.127 103.688 1000000000.0 533.89 273.517 708.636 519.432 162.42 921.792 175.54 499.124 495.209 125.016 943.674 858.336 47.73 41.658 135.889 580.842 159.145 220.584 408.209 810.656 576.89
649.548 132.495 280.729 512.156 454.919 405.409 138.316 659.706 958.175 373.276 8.023 727.713 138.374 526.167 868.237 431.039 828.328 269.327 309.319 603.387 128.623 441.211 868.636 579.127 552.377 285.796 334.695 22.81 533.89 1000000000.0 441.699 903.583 280.195 716.889 305.469 262.352 197.865 118.19 524.502 566.523 739.612 164.767 34.387 750.08 351.336 891.469 50.99 500.994 767.839 669.697
920.671 83.646 636.809 143.524 134.38 893.237 329.06 662.177 702.963 801.132 415.438 445.772 274.748 546.896 14.016 685.257 904.447 224.581 702.109 892.129 709.452 399.777 667.3 242.21 56.208 599.3 299.448 716.983 273.517 441.699 1000000000.0 715.575 735.298 465.34 780.057 176.273 706.336 85.657 835.52 497.643 938.299 719.518 885.782 544.58 289.597 492.971 87.935 408.838 288.973 398.278
723.16 130.098 175.248 577.672 836.89 470.352 507.314 815.022 861.055 532.876 548.412 189.631 255.297 93.57 559.586 102.388 166.605 768.176 722.787 661.39 349.158 26.764 902.874 784.357 823.795 287.738 935.749 319.591 708.636 903.583 715.575 1000000000.0 581.888 185.703 720.899 879.731 897.867 686.824 320.233 99.123 681.038 335.63 249.327 521.696 840.211 293.041 313.173 889.885 482.0 194.049
626.217 14.917 797.315 274.519 85.992 256.311 826.467 700.322 265.846 724.876 21.109 771.906 110.491 805.156 777.346 830.269 843.439 608.899 45.816 599.4 607.484 323.622 128.405 814.001 405.183 6.186 130.352 717.1 519.432 280.195 735.298 581.888 1000000000.0 948.263 113.672 787.931 693.208 881.09 826.644 189.503 815.716 544.866 697.747 274.854 139.725 785.95 168.495 494.259 90.076 815.176
869.472 468.481 197.419 394.789 195.417 303.891 435.822 847.935 369.684 107.603 335.445 334.156 871.028 478.406 129.097 911.259 613.106 730.989 860.859 451.467 726.56 447.213 323.115 739.001 938.663 813.954 268.049 258.08 162.42 716.889 465.34 185.703 948.263 1000000000.0 273.411 527.189 766.153 946.833 928.331 523.641 693.439 280.374 908.953 450.57 595.262 72.951 749.37 353.295 939.338 777.217
191.855 949.834 569.978 667.308 100.691 726.827 343.223 272.015 497.614 483.799 201.43 849.13 939.639 276.077 717.939 163.499 145.368 960.964 485.348 890.441 452.695 241.319 755.252 672.831 493.108 214.802 570.757 136.659 921.792 305.469 780.057 720.899 113.672 273.411 1000000000.0 810.864 619.595 483.215 484.922 705.456 279.473 162.816 848.018 711.54 517.94 352.469 282.093 263.778 873.053 606.617
80.34 67.984 174.676 437.665 297.592 331.071 50.916 322.277 501.602 316.023 305.052 915.383 209.069 677.38 19.905 81.835 795.515 632.283 809.268 772.651 101.755 772.29 378.006 103.456 921.883 634.56 403.646 522.21 175.54 262.352 176.273 879.731 787.931 527.189 810.864 1000000000.0 733.077 47.208 557.459 408.18 208.667 337.535 924.129 249.823 925.718 768.914 472.653 961.981 408.623 474.086
811.515 93.737 699.458 61.19 707.067 530.006 234.939 31.441 550.732 295.763 954.598 384.927 995.318 821.085 132.304 855.585 25.906 732.64 326.713 542.798 611.581 259.545 111.568 144.737 426.053 962.064 113.294 289.278 499.124 197.865 706.336 897.867 693.208 766.153 619.595 733.077 1000000000.0 241.232 260.035 494.93 242.712 569.016 707.638 464.387 859.303 467.744 137.84 187.414 254.744 961.811
936.641 762.799 612.327 641.983 190.32 812.769 628.084 217.457 795.215 179.556 260.971 223.958 107.238 751.643 800.46 349.704 675.068 263.901 377.799 34.778 368.342 776.146 309.582 599.038 670.107 838.021 398.846 181.715 495.209 118.19 85.657 686.824 881.09 946.833 483.215 47.208 241.232 1000000000.0 183.277 78.875 523.844 333.367 747.239 847.412 922.208 408.092 562.384 761.44 577.499 107.801
133.461 995.964 895.581 60.682 819.951 774.105 170.595 256.854 379.974 120.874 698.652 388.941 19.191 423.644 77.33 50.69 258.968 885.025 251.272 785.196 486.654 695.775 754.655 410.434 311.04 399.176 461.794 757.55 125.016 524.502 835.52 320.233 826.644 928.331 484.922 557.459 260.035 183.277 1000000000.0 957.68 636.194 479.332 664.364 59.128 440.713 140.947 867.802 912.651 978.768 857.885
457.642 175.796 453.059 7.347 661.138 170.62 853.433 121.693 690.455 915.465 817.686 847.754 193.775 705.909 248.361 316.72 29.215 95.406 290.148 39.822 622.587 945.375 630.216 993.945 214.617 403.752 747.773 942.964 943.674 566.523 497.643 99.123 189.503 523.641 705.456 408.18 494.93 78.875 957.68 1000000000.0 43.967 581.631 517.825 917.596 112.386 709.957 137.551 313.061 750.655 21.897
665.419 317.15 423.254 117.638 915.457 965.162 586.252 167.096 839.671 740.604 150.337 503.383 20.001 648.271 841.779 488.333 320.9 612.989 120.747 184.844 34.142 165.72 208.89 208.548 593.706 872.749 282.783 783.809 858.336 739.612 938.299 681.038 815.716 693.439 279.473 208.667 242.712 523.844 636.194 43.967 1000000000.0 236.155 107.786 516.013 668.684 582.401 360.392 283.541 760.072 347.291
583.656 660.428 12.704 28.072 742.58 97.067 89.899 87.977 866.363 829.942 479.832 277.411 294.283 847.905 635.504 80.545 512.57 104.713 502.472 859.77 104.066 896.799 373.659 533.347 416.76 227.572 584.418 894.899 47.73 164.767 719.518 335.63 544.866 280.374 162.816 337.535 569.016 333.367 479.332 581.631 236.155 1000000000.0 27.607 594.962 393.218 958.623 572.922 64.444 489.057 744.471
233.068 621.279 367.052 832.545 691.626 989.771 700.125 765.056 929.2 265.755 811.412 523.846 346.075 454.153 337.57 746.486 387.502 817.464 597.152 696.024 291.475 965.336 234.135 135.84 447.022 543.877 60.965 709.984 41.658 34.387 885.782 249.327 697.747 908.953 848.018 924.129 707.638 747.239 664.364 517.825 107.786 27.607 1000000000.0 975.522 506.441 586.887 622.132 760.145 25.54 466.2
7.202 143.27 538.506 295.433 638.263 693.013 800.521 770.085 361.957 935.685 612.775 140.006 557.41 963.251 829.422 829.071 66.612 209.56 869.071 793.671 489.641 500.197 834.721 402.706 450.665 476.399 960.559 510.8 135.889 750.08 544.58 521.696 274.854 450.57 711.54 249.823 464.387 847.412 59.128 917.596 516.013 594.962 975.522 1000000000.0 828.882 74.803 324.511 469.245 876.262 502.263
192.939 252.04 831.066 313.806 783.661 508.788 437.923 831.515 342.113 962.032 168.66 932.333 685.897 692.308 218.568 105.596 882.351 964.774 905.774 461.268 2.265 336.212 143.663 959.675 689.18 324.806 623.302 913.244 580.842 351.336 289.597 840.211 139.725 595.262 517.94 925.718 859.303 922.208 440.713 112.386 668.684 393.218 506.441 828.882 1000000000.0 735.272 227.896 471.204 803.709 881.944
261.506 205.733 816.423 165.694 968.104 820.078 784.312 349.596 796.258 845.584 406.795 441.009 555.336 372.643 354.565 236.862 491.436 562.487 951.559 438.801 376.649 595.791 882.345 507.152 928.372 614.84 909.91 947.78 159.145 891.469 492.971 293.041 785.95 72.951 352.469 768.914 467.744 408.092 140.947 709.957 582.401 958.623 586.887 74.803 735.272 1000000000.0 299.401 228.235 713.819 504.238
49.123 285.168 547.712 711.893 434.644 453.013 12.781 829.71 577.373 471.691 153.467 988.808 945.143 903.198 947.124 640.748 429.523 62.551 564.426 656.182 921.748 299.463 931.633 110.981 178.977 883.205 21.648 855.403 220.584 50.99 87.935 313.173 168.495 749.37 282.093 472.653 137.84 562.384 867.802 137.551 360.392 572.922 622.132 324.511 227.896 299.401 1000000000.0 127.25 713.055 106.025
861.872 865.022 739.727 788.188 423.492 576.292 98.856 386.85 113.378 579.375 514.487 986.4 213.241 945.435 774.605 745.037 126.087 883.437 321.441 628.611 745.686 209.24 958.238 405.933 196.435 247.026 647.614 417.171 408.209 500.994 408.838 889.885 494.259 353.295 263.778 961.981 187.414 761.44 912.651 313.061 283.541 64.444 760.145 469.245 471.204 228.235 127.25 1000000000.0 938.038 215.939
421.912 232.963 87.774 468.945 21.895 372.447 118.729 770.73 77.576 739.715 891.922 31.709 322.943 697.953 137.192 856.518 68.524 361.699 596.676 102.791 510.431 583.793 597.091 512.85 968.623 727.959 919.313 915.727 810.656 767.839 288.973 482.0 90.076 939.338 873.053 408.623 254.744 577.499 978.768 750.655 760.072 489.057 25.54 876.262 803.709 713.819 713.055 938.038 1000000000.0 234.34
505.22 63.303 893.494 396.907 337.998 154.025 970.9 979.427 695.177 391.003 912.811 495.366 776.08 340.609 936.407 676.454 584.431 423.396 889.633 333.111 945.946 828.212 134.416 965.559 638.518 191.305 654.678 643.347 576.89 669.697 398.278 194.049 815.176 777.217 606.617 474.086 961.811 107.801 857.885 21.897 347.291 744.471 466.2 502.263 881.944 504.238 106.025 215.939 234.34 1000000000.0
