50
1000000000.0 401.906 364.948 636.59 152.949 764.343 36.607 242.342 550.536 467.365 608.372 257.397 621.254 533.331 993.452 553.49 214.674 724.656 838.433 7.662 794.436 327.012 463.919 371.074 724.752 896.937 142.129 711.085 554.75 978.437 868.244 485.406 343.413 85.177 228.62 845.606 328.919 715.41 419.828 78.293 935.252 852.278 487.52 560.953 424.486 129.147 385.947 171.196 528.323 145.77
401.906 1000000000.0 753.377 707.759 38.602 418.909 828.377 55.25 432.772 403.058 440.826 316.652 284.997 265.297 627.645 908.376 926.359 683.909 556.515 47.712 245.248 831.142 500.062 444.359 452.06 164.013 211.981 371.097 251.819 103.314 427.754 486.458 544.011 951.475 568.743 605.732 310.778 447.422 816.669 28.077 528.912 802.398 929.487 109.768 804.389 155.218 615.321 706.604 360.273 828.503
364.948 753.377 1000000000.0 756.279 14.35 2.294 949.474 211.836 907.109 414.912 326.659 579.883 347.917 89.215 167.588 129.509 137.076 735.598 225.608 994.334 743.352 208.429 919.323 274.285 755.604 803.671 330.924 571.003 710.182 237.533 280.18 526.218 267.78 88.089 904.617 260.662 275.94 819.365 827.177 267.936 442.065 72.596 97.509 95.982 93.707 295.25 157.821 953.524 346.671 109.214
636.59 707.759 756.279 1000000000.0 617.594 792.468 623.021 964.101 395.346 772.023 428.615 768.778 416.632 739.72 731.553 604.594 200.129 423.965 964.829 529.152 950.465 67.682 955.303 974.799 159.481 204.745 298.988 733.421 850.757 53.864 434.272 942.525 70.204 700.791 841.666 16.414 681.001 472.297 553.145 196.087 416.6 901.715 184.987 976.594 776.322 613.015 72.481 320.593 457.937 954.212
152.949 38.602 14.35 617.594 1000000000.0 668.961 386.133 461.94 44.352 139.896 872.187 297.424 809.823 774.984 776.692 928.799 723.355 551.038 468.624 459.586 714.088 213.535 419.5 727.784 737.652 946.82 855.261 671.774 626.404 483.04 467.111 862.262 832.583 979.506 673.928 950.349 291.628 552.8 805.463 94.394 355.101 24.022 892.767 64.611 373.301 382.659 319.997 838.307 654.1 944.747
764.343 418.909 2.294 792.468 668.961 1000000000.0 924.241 787.259 249.133 868.049 882.923 282.149 15.175 560.698 372.471 920.493 284.735 512.266 339.89 142.292 298.035 377.504 598.812 279.368 24.481 484.426 808.614 487.018 114.824 951.176 194.546 383.036 140.074 636.537 11.758 298.262 31.717 776.119 434.318 731.113 886.328 569.437 941.346 567.521 599.578 320.515 506.859 189.887 387.964 186.398
36.607 828.377 949.474 623.021 386.133 924.241 1000000000.0 366.637 325.147 572.959 241.404 183.415 101.958 907.119 781.011 352.022 115.935 621.538 65.34 908.813 75.524 60.657 773.24 104.79 991.177 625.411 503.892 496.703 650.88 953.421 968.78 403.218 420.279 898.953 370.77 152.69 576.242 87.489 408.779 684.084 866.177 121.774 204.737 760.796 49.104 279.469 796.284 105.433 837.086 902.957
242.342 55.25 211.836 964.101 461.94 787.259 366.637 1000000000.0 942.052 373.375 618.392 888.116 329.929 496.957 338.936 270.95 249.575 435.144 489.235 635.748 380.688 699.812 702.874 86.149 772.083 32.002 679.988 331.001 353.731 960.928 435.18 594.829 782.06 667.995 32.624 96.952 428.465 350.099 398.507 891.711 60.666 537.527 237.04 425.572 679.427 2.617 163.175 914.148 159.531 813.163
550.536 432.772 907.109 395.346 44.352 249.133 325.147 942.052 1000000000.0 262.164 397.99 896.451 978.178 823.425 313.387 524.245 394.756 100.375 659.559 571.629 839.211 700.053 690.231 656.03 222.505 389.899 394.101 172.676 42.077 950.254 539.465 141.006 673.953 76.74 519.003 113.654 635.768 146.989 475.685 783.336 850.935 293.15 203.714 814.958 674.309 572.966 885.527 852.237 164.706 206.807
467.365 403.058 414.912 772.023 139.896 868.049 572.959 373.375 262.164 1000000000.0 333.431 541.58 270.387 799.466 376.027 259.769 581.327 315.274 626.724 677.753 318.555 528.004 339.545 158.126 712.53 861.824 160.866 717.11 297.156 925.441 478.747 696.095 722.363 343.918 891.607 641.748 461.149 936.072 133.753 67.01 44.16 166.021 475.158 550.39 392.132 596.201 609.628 608.075 33.773 202.319
608.372 440.826 326.659 428.615 872.187 882.923 241.404 618.392 397.99 333.431 1000000000.0 924.291 53.527 961.811 427.041 321.91 515.354 315.897 426.168 9.959 898.667 37.85 515.55 158.894 413.23 572.282 208.919 982.323 330.523 279.141 197.224 502.11 213.041 119.872 917.532 504.719 883.393 266.002 18.689 238.388 139.838 270.712 108.249 66.333 240.196 447.148 99.796 955.666 706.858 821.685
257.397 316.652 579.883 768.778 297.424 282.149 183.415 888.116 896.451 541.58 924.291 1000000000.0 177.448 740.53 352.823 653.929 930.76 186.494 535.896 897.163 29.187 472.439 864.762 559.786 658.478 492.215 79.101 90.244 448.322 124.773 316.619 447.142 638.331 372.646 877.415 727.164 230.508 253.651 86.951 87.178 963.474 73.571 417.369 257.789 723.826 141.567 715.193 160.17 291.536 383.571
621.254 284.997 347.917 416.632 809.823 15.175 101.958 329.929 978.178 270.387 53.527 177.448 1000000000.0 45.311 62.571 972.931 663.296 304.915 315.53 718.448 14.139 977.647 653.033 439.424 838.508 564.7 412.59 606.546 740.716 850.299 881.003 119.759 729.693 251.036 305.667 427.153 424.25 931.964 154.47 748.77 404.797 325.698 780.031 995.737 194.408 437.562 733.51 809.388 506.619 90.496
533.331 265.297 89.215 739.72 774.984 560.698 907.119 496.957 823.425 799.466 961.811 740.53 45.311 1000000000.0 457.895 646.347 145.414 494.326 823.788 340.268 199.943 172.167 468.107 220.591 928.223 489.594 940.562 159.376 981.954 893.73 500.917 251.166 273.668 566.622 424.346 525.324 397.703 855.507 267.835 545.414 920.828 621.93 553.116 985.966 524.695 863.618 967.273 745.566 159.949 858.845
993.452 627.645 167.588 731.553 776.692 372.471 781.011 338.936 313.387 376.027 427.041 352.823 62.571 457.895 1000000000.0 576.648 362.889 653.106 872.687 998.629 772.486 188.202 460.006 608.774 429.854 129.234 110.775 785.835 553.938 849.654 841.022 943.415 96.3 603.584 185.525 646.205 689.652 12.959 26.853 810.802 901.455 265.748 32.474 46.489 469.941 738.821 440.086 417.577 743.772 669.038
553.49 908.376 129.509 604.594 928.799 920.493 352.022 270.95 524.245 259.769 321.91 653.929 972.931 646.347 576.648 1000000000.0 590.335 228.676 865.295 863.001 273.867 234.412 482.395 766.969 276.19 192.953 126.778 47.583 756.136 270.797 235.721 717.93 120.92 350.857 964.369 85.712 948.074 532.578 557.167 375.764 930.999 54.971 6.887 661.596 915.024 300.102 744.568 934.912 377.649 603.952
214.674 926.359 137.076 200.129 723.355 284.735 115.935 249.575 394.756 581.327 515.354 930.76 663.296 145.414 362.889 590.335 1000000000.0 263.926 492.791 481.396 997.894 725.862 137.36 381.421 498.939 578.17 632.519 110.941 552.194 997.128 59.389 443.163 406.857 194.597 226.731 75.809 832.612 169.813 374.496 234.355 154.963 960.987 562.058 240.094 280.185 589.047 661.291 447.714 403.768 248.27
724.656 683.909 735.598 423.965 551.038 512.266 621.538 435.144 100.375 315.274 315.897 186.494 304.915 494.326 653.106 228.676 263.926 1000000000.0 356.344 712.776 195.806 378.498 709.457 649.539 192.047 744.524 359.64 124.967 821.272 556.902 482.758 223.21 453.793 250.741 526.305 768.551 914.968 991.919 760.97 299.455 133.61 757.44 12.809 873.459 153.515 865.151 479.251 840.163 222.795 884.098
838.433 556.515 225.608 964.829 468.624 339.89 65.34 489.235 659.559 626.724 426.168 535.896 315.53 823.788 872.687 865.295 492.791 356.344 1000000000.0 995.494 502.428 805.255 995.751 824.44 900.744 240.197 580.676 234.671 291.512 691.564 120.707 53.094 520.221 963.995 457.616 898.799 427.677 955.296 718.075 298.052 48.883 472.319 304.748 97.795 602.057 993.902 445.172 428.725 994.754 256.994
7.662 47.712 994.334 529.152 459.586 142.292 908.813 635.748 571.629 677.753 9.959 897.163 718.448 340.268 998.629 863.001 481.396 712.776 995.494 1000000000.0 623.154 489.005 208.425 413.179 8.529 32.877 303.348 788.402 259.049 657.135 736.595 866.456 668.165 697.476 248.349 436.235 358.341 541.255 791.534 809.156 106.017 171.439 750.177 293.518 66.754 827.615 211.843 692.286 700.459 376.963
794.436 245.248 743.352 950.465 714.088 298.035 75.524 380.688 839.211 318.555 898.667 29.187 14.139 199.943 772.486 273.867 997.894 195.806 502.428 623.154 1000000000.0 620.47 378.381 306.904 300.117 402.494 848.45 636.099 496.4 539.795 143.298 702.993 874.56 783.295 850.032 123.789 226.214 738.564 85.634 882.987 974.952 371.172 167.192 519.469 103.64 139.961 203.639 230.751 39.529 605.056
327.012 831.142 208.429 67.682 213.535 377.504 60.657 699.812 700.053 528.004 37.85 472.439 977.647 172.167 188.202 234.412 725.862 378.498 805.255 489.005 620.47 1000000000.0 3.884 939.158 665.684 570.259 963.76 986.324 526.32 653.785 665.623 477.219 677.532 204.77 187.814 607.284 468.88 796.511 212.051 800.622 752.567 569.355 67.818 274.067 525.38 382.977 641.977 334.496 171.228 409.427
463.919 500.062 919.323 955.303 419.5 598.812 773.24 702.874 690.231 339.545 515.55 864.762 653.033 468.107 460.006 482.395 137.36 709.457 995.751 208.425 378.381 3.884 1000000000.0 209.647 524.344 129.438 197.621 535.324 89.36 811.916 601.162 518.301 795.314 454.521 399.849 418.957 871.635 206.025 843.27 397.632 913.046 670.615 851.315 319.748 152.562 839.666 514.311 600.811 132.644 318.05
371.074 444.359 274.285 974.799 727.784 279.368 104.79 86.149 656.03 158.126 158.894 559.786 439.424 220.591 608.774 766.969 381.421 649.539 824.44 413.179 306.904 939.158 209.647 1000000000.0 578.987 714.037 523.847 740.927 918.324 56.905 135.285 650.595 277.433 784.457 187.665 496.268 116.267 257.051 851.129 611.216 601.345 906.552 453.725 55.959 176.177 440.355 773.568 235.862 539.298 329.118
724.752 452.06 755.604 159.481 737.652 24.481 991.177 772.083 222.505 712.53 413.23 658.478 838.508 928.223 429.854 276.19 498.939 192.047 900.744 8.529 300.117 665.684 524.344 578.987 1000000000.0 54.558 47.814 908.657 628.613 282.822 695.987 329.481 893.643 565.266 985.657 495.181 263.856 735.408 97.24 392.811 637.308 645.655 530.092 931.015 388.021 520.257 111.351 638.163 695.921 41.841
896.937 164.013 803.671 204.745 946.82 484.426 625.411 32.002 389.899 861.824 572.282 492.215 564.7 489.594 129.234 192.953 578.17 744.524 240.197 32.877 402.494 570.259 129.438 714.037 54.558 1000000000.0 733.288 948.666 482.401 425.499 431.89 259.097 472.33 112.727 877.093 601.923 683.208 708.461 340.291 170.662 106.308 694.49 666.009 787.688 483.1 323.669 572.982 494.833 424.129 83.364
142.129 211.981 330.924 298.988 855.261 808.614 503.892 679.988 394.101 160.866 208.919 79.101 412.59 940.562 110.775 126.778 632.519 359.64 580.676 303.348 848.45 963.76 197.621 523.847 47.814 733.288 1000000000.0 149.984 575.715 296.04 739.22 283.927 7.229 233.762 73.164 846.705 563.835 700.17 769.943 359.259 812.983 461.962 911.35 505.04 46.247 34.06 111.724 637.613 715.401 377.23
711.085 371.097 571.003 733.421 671.774 487.018 496.703 331.001 172.676 717.11 982.323 90.244 606.546 159.376 785.835 47.583 110.941 124.967 234.671 788.402 636.099 986.324 535.324 740.927 908.657 948.666 149.984 1000000000.0 702.438 993.339 987.638 102.168 35.352 923.993 820.334 316.529 808.128 984.321 572.2 464.024 433.733 580.159 329.594 27.651 959.632 631.012 185.432 736.555 522.379 889.367
554.75 251.819 710.182 850.757 626.404 114.824 650.88 353.731 42.077 297.156 330.523 448.322 740.716 981.954 553.938 756.136 552.194 821.272 291.512 259.049 496.4 526.32 89.36 918.324 628.613 482.401 575.715 702.438 1000000000.0 718.209 765.571 52.665 600.538 92.032 662.963 742.366 322.987 14.175 313.585 325.716 51.814 336.188 948.485 389.631 420.658 129.691 487.573 824.782 811.69 344.455
978.437 103.314 237.533 53.864 483.04 951.176 953.421 960.928 950.254 925.441 279.141 124.773 850.299 893.73 849.654 270.797 997.128 556.902 691.564 657.135 539.795 653.785 811.916 56.905 282.822 425.499 296.04 993.339 718.209 1000000000.0 351.167 464.096 710.282 179.563 161.162 155.357 428.786 64.98 82.751 452.069 432.594 978.348 846.075 418.436 748.207 839.64 408.072 909.946 499.093 726.081
868.244 427.754 280.18 434.272 467.111 194.546 968.78 435.18 539.465 478.747 197.224 316.619 881.003 500.917 841.022 235.721 59.389 482.758 120.707 736.595 143.298 665.623 601.162 135.285 695.987 431.89 739.22 987.638 765.571 351.167 1000000000.0 547.18 112.803 588.563 396.812 220.207 303.498 536.91 431.414 541.684 200.836 226.835 243.185 2.745 400.895 649.178 832.831 89.325 171.704 715.565
485.406 486.458 526.218 942.525 862.262 383.036 403.218 594.829 141.006 696.095 502.11 447.142 119.759 251.166 943.415 717.93 443.163 223.21 53.094 866.456 702.993 477.219 518.301 650.595 329.481 259.097 283.927 102.168 52.665 464.096 547.18 1000000000.0 840.284 611.615 691.961 977.683 980.94 50.88 62.021 661.788 285.87 618.548 925.589 767.48 35.259 543.384 827.689 777.609 92.1 353.089
343.413 544.011 267.78 70.204 832.583 140.074 420.279 782.06 673.953 722.363 213.041 638.331 729.693 273.668 96.3 120.92 406.857 453.793 520.221 668.165 874.56 677.532 795.314 277.433 893.643 472.33 7.229 35.352 600.538 710.282 112.803 840.284 1000000000.0 677.978 953.489 774.615 565.507 205.033 387.671 166.479 610.18 752.783 404.44 2.697 492.567 189.863 213.471 124.781 936.689 487.22
85.177 951.475 88.089 700.791 979.506 636.537 898.953 667.995 76.74 343.918 119.872 372.646 251.036 566.622 603.584 350.857 194.597 250.741 963.995 697.476 783.295 204.77 454.521 784.457 565.266 112.727 233.762 923.993 92.032 179.563 588.563 611.615 677.978 1000000000.0 400.744 53.643 860.66 265.887 188.544 89.802 536.811 74.07 642.329 702.503 734.314 496.232 931.537 970.226 735.366 855.702
228.62 568.743 904.617 841.666 673.928 11.758 370.77 32.624 519.003 891.607 917.532 877.415 305.667 424.346 185.525 964.369 226.731 526.305 457.616 248.349 850.032 187.814 399.849 187.665 985.657 877.093 73.164 820.334 662.963 161.162 396.812 691.961 953.489 400.744 1000000000.0 976.245 113.599 902.844 762.017 509.749 48.082 785.038 140.527 522.243 996.845 798.383 511.105 442.615 696.904 695.017
845.606 605.732 260.662 16.414 950.349 298.262 152.69 96.952 113.654 641.748 504.719 727.164 427.153 525.324 646.205 85.712 75.809 768.551 898.799 436.235 123.789 607.284 418.957 496.268 495.181 601.923 846.705 316.529 742.366 155.357 220.207 977.683 774.615 53.643 976.245 1000000000.0 743.057 730.467 847.434 5.425 190.639 312.029 897.297 472.427 168.751 593.104 891.924 493.403 417.699 9.895
328.919 310.778 275.94 681.001 291.628 31.717 576.242 428.465 635.768 461.149 883.393 230.508 424.25 397.703 689.652 948.074 832.612 914.968 427.677 358.341 226.214 468.88 871.635 116.267 263.856 683.208 563.835 808.128 322.987 428.786 303.498 980.94 565.507 860.66 113.599 743.057 1000000000.0 718.93 202.659 540.284 566.375 973.172 49.43 826.489 75.122 492.898 843.252 982.898 291.172 131.32
715.41 447.422 819.365 472.297 552.8 776.119 87.489 350.099 146.989 936.072 266.002 253.651 931.964 855.507 12.959 532.578 169.813 991.919 955.296 541.255 738.564 796.511 206.025 257.051 735.408 708.461 700.17 984.321 14.175 64.98 536.91 50.88 205.033 265.887 902.844 730.467 718.93 1000000000.0 59.488 421.409 460.131 794.373 768.179 851.458 47.275 412.94 418.408 558.194 316.608 742.376
419.828 816.669 827.177 553.145 805.463 434.318 408.779 398.507 475.685 133.753 18.689 86.951 154.47 267.835 26.853 557.167 374.496 760.97 718.075 791.534 85.634 212.051 843.27 851.129 97.24 340.291 769.943 572.2 313.585 82.751 431.414 62.021 387.671 188.544 762.017 847.434 202.659 59.488 1000000000.0 899.48 779.912 381.564 37.611 191.96 360.459 139.12 901.189 931.686 421.914 892.139
78.293 28.077 267.936 196.087 94.394 731.113 684.084 891.711 783.336 67.01 238.388 87.178 748.77 545.414 810.802 375.764 234.355 299.455 298.052 809.156 882.987 800.622 397.632 611.216 392.811 170.662 359.259 464.024 325.716 452.069 541.684 661.788 166.479 89.802 509.749 5.425 540.284 421.409 899.48 1000000000.0 638.231 103.448 506.077 336.454 921.511 329.977 49.961 647.305 424.441 164.638
935.252 528.912 442.065 416.6 355.101 886.328 866.177 60.666 850.935 44.16 139.838 963.474 404.797 920.828 901.455 930.999 154.963 133.61 48.883 106.017 974.952 752.567 913.046 601.345 637.308 106.308 812.983 433.733 51.814 432.594 200.836 285.87 610.18 536.811 48.082 190.639 566.375 460.131 779.912 638.231 1000000000.0 488.902 885.726 510.754 781.76 804.923 440.548 923.836 941.699 119.823
852.278 802.398 72.596 901.715 24.022 569.437 121.774 537.527 293.15 166.021 270.712 73.571 325.698 621.93 265.748 54.971 960.987 757.44 472.319 171.439 371.172 569.355 670.615 906.552 645.655 694.49 461.962 580.159 336.188 978.348 226.835 618.548 752.783 74.07 785.038 312.029 973.172 794.373 381.564 103.448 488.902 1000000000.0 159.39 813.41 442.623 768.73 519.41 8.804 87.317 286.906
487.52 929.487 97.509 184.987 892.767 941.346 204.737 237.04 203.714 475.158 108.249 417.369 780.031 553.116 32.474 6.887 562.058 12.809 304.748 750.177 167.192 67.818 851.315 453.725 530.092 666.009 911.35 329.594 948.485 846.075 243.185 925.589 404.44 642.329 140.527 897.297 49.43 768.179 37.611 506.077 885.726 159.39 1000000000.0 136.193 700.578 342.925 578.795 521.15 541.794 885.788
560.953 109.768 95.982 976.594 64.611 567.521 760.796 425.572 814.958 550.39 66.333 257.789 995.737 985.966 46.489 661.596 240.094 873.459 97.795 293.518 519.469 274.067 319.748 55.959 931.015 787.688 505.04 27.651 389.631 418.436 2.745 767.48 2.697 702.503 522.243 472.427 826.489 851.458 191.96 336.454 510.754 813.41 136.193 1000000000.0 572.344 519.854 917.745 755.836 110.873 352.71
424.486 804.389 93.707 776.322 373.301 599.578 49.104 679.427 674.309 392.132 240.196 723.826 194.408 524.695 469.941 915.024 280.185 153.515 602.057 66.754 103.64 525.38 152.562 176.177 388.021 483.1 46.247 959.632 420.658 748.207 400.895 35.259 492.567 734.314 996.845 168.751 75.122 47.275 360.459 921.511 781.76 442.623 700.578 572.344 1000000000.0 724.877 974.879 239.298 561.565 954.238
129.147 155.218 295.25 613.015 382.659 320.515 279.469 2.617 572.966 596.201 447.148 141.567 437.562 863.618 738.821 300.102 589.047 865.151 993.902 827.615 139.961 382.977 839.666 440.355 520.257 323.669 34.06 631.012 129.691 839.64 649.178 543.384 189.863 496.232 798.383 593.104 492.898 412.94 139.12 329.977 804.923 768.73 342.925 519.854 724.877 1000000000.0 741.065 249.221 660.645 278.683
385.947 615.321 157.821 72.481 319.997 506.859 796.284 163.175 885.527 609.628 99.796 715.193 733.51 967.273 440.086 744.568 661.291 479.251 445.172 211.843 203.639 641.977 514.311 773.568 111.351 572.982 111.724 185.432 487.573 408.072 832.831 827.689 213.471 931.537 511.105 891.924 843.252 418.408 901.189 49.961 440.548 519.41 578.795 917.745 974.879 741.065 1000000000.0 885.637 731.415 969.715
171.196 706.604 953.524 320.593 838.307 189.887 105.433 914.148 852.237 608.075 955.666 160.17 809.388 745.566 417.577 934.912 447.714 840.163 428.725 692.286 230.751 334.496 600.811 235.862 638.163 494.833 637.613 736.555 824.782 909.946 89.325 777.609 124.781 970.226 442.615 493.403 982.898 558.194 931.686 647.305 923.836 8.804 521.15 755.836 239.298 249.221 885.637 1000000000.0 916.292 443.55
528.323 360.273 346.671 457.937 654.1 387.964 837.086 159.531 164.706 33.773 706.858 291.536 506.619 159.949 743.772 377.649 403.768 222.795 994.754 700.459 39.529 171.228 132.644 539.298 695.921 424.129 715.401 522.379 811.69 499.093 171.704 92.1 936.689 735.366 696.904 417.699 291.172 316.608 421.914 424.441 941.699 87.317 541.794 110.873 561.565 660.645 731.415 916.292 1000000000.0 223.382
145.77 828.503 109.214 954.212 944.747 186.398 902.957 813.163 206.807 202.319 821.685 383.571 90.496 858.845 669.038 603.952 248.27 884.098 256.994 376.963 605.056 409.427 318.05 329.118 41.841 83.364 377.23 889.367 344.455 726.081 715.565 353.089 487.22 855.702 695.017 9.895 131.32 742.376 892.139 164.638 119.823 286.906 885.788 352.71 954.238 278.683 969.715 443.55 223.382 1000000000.0
