50
1000000000.0 724.389 597.482 69.74 317.805 535.366 847.162 620.965 915.706 748.482 568.906 911.493 573.6 279.803 79.148 842.577 502.362 9.707 817.06 823.077 176.211 13.977 734.85 930.63 277.156 134.934 61.19 470.156 115.655 979.108 671.104 996.225 304.138 659.414 838.566 980.698 918.628 914.999 128.478 539.366 998.079 900.94 568.019 614.183 596.392 155.902 213.467 279.336 456.047 44.364
724.389 1000000000.0 81.515 595.183 158.0 704.489 81.988 303.881 33.452 842.622 157.142 880.141 558.879 852.332 124.203 588.445 640.146 321.123 480.111 464.556 469.093 101.029 735.811 739.045 413.403 552.215 518.782 997.06 645.207 539.054 866.753 395.276 907.269 564.357 110.127 493.336 864.196 292.825 128.709 856.494 65.508 985.907 436.485 256.85 263.847 552.832 908.761 663.702 720.025 519.128
597.482 81.515 1000000000.0 360.143 921.779 231.051 508.829 666.423 243.948 274.922 857.452 636.089 466.36 697.349 787.064 494.683 256.276 313.569 305.534 562.649 288.885 780.836 646.437 178.657 127.045 866.125 731.0 141.676 909.849 82.756 517.441 811.351 80.842 80.632 728.944 838.142 933.098 79.554 84.437 731.137 742.483 353.943 999.079 790.905 485.06 589.441 595.959 458.196 403.848 361.403
69.74 595.183 360.143 1000000000.0 775.398 321.777 646.172 82.911 403.833 150.299 894.067 479.97 572.618 52.773 818.673 692.924 918.984 224.396 854.643 696.001 819.072 845.792 865.696 746.213 889.508 642.543 764.615 393.022 562.955 862.219 659.909 434.347 977.951 241.845 662.339 286.095 89.1 887.068 750.703 771.51 249.195 926.34 822.087 587.978 869.456 348.604 352.068 485.377 139.402 439.779
317.805 158.0 921.779 775.398 1000000000.0 421.177 177.773 674.949 706.841 541.592 637.951 361.765 709.585 477.557 625.612 380.222 195.986 574.94 985.338 529.425 1.728 816.683 860.811 892.959 239.12 118.566 610.224 807.315 148.947 953.253 22.127 608.452 24.989 313.243 905.229 97.07 374.028 312.976 998.206 191.371 633.383 536.325 674.305 821.102 762.124 640.585 595.778 795.603 630.803 695.492
535.366 704.489 231.051 321.777 421.177 1000000000.0 598.067 810.716 149.261 982.52 680.558 212.144 321.883 43.49 512.116 224.578 312.577 897.093 47.915 470.005 85.261 520.631 686.523 963.221 408.544 321.125 79.759 95.008 586.578 808.653 495.376 454.98 254.916 316.278 736.792 505.866 738.486 854.66 271.458 614.194 573.268 346.188 640.259 257.261 325.148 621.235 924.55 233.64 595.035 756.39
847.162 81.988 508.829 646.172 177.773 598.067 1000000000.0 267.642 940.833 453.91 666.919 596.908 19.635 895.662 269.561 243.156 873.303 368.963 292.357 817.973 846.296 77.076 40.462 170.556 859.279 737.96 148.103 6.062 549.434 487.809 35.406 258.202 997.308 736.924 180.908 187.809 383.105 693.828 122.495 855.121 933.703 670.473 156.452 229.485 909.09 118.408 68.439 445.263 342.089 524.584
620.965 303.881 666.423 82.911 674.949 810.716 267.642 1000000000.0 974.842 695.069 124.368 9.229 596.479 852.651 826.466 73.984 327.317 733.606 474.966 418.431 738.09 995.849 412.679 307.274 92.217 902.07 586.608 623.087 783.355 22.609 812.689 414.021 823.283 712.725 977.01 999.542 660.429 353.797 823.849 80.317 848.674 9.839 852.478 770.035 91.925 69.673 49.129 565.689 554.553 319.641
915.706 33.452 243.948 403.833 706.841 149.261 940.833 974.842 1000000000.0 668.441 941.422 491.517 69.567 442.848 572.957 894.189 629.416 80.519 854.121 551.211 714.0 329.827 977.755 686.571 124.187 42.149 138.751 493.672 648.364 146.625 675.615 490.272 532.085 382.361 944.986 83.082 976.659 349.54 648.038 981.835 804.803 482.617 487.321 175.07 962.952 15.735 115.179 972.466 901.906 481.229
748.482 842.622 274.922 150.299 541.592 982.52 453.91 695.069 668.441 1000000000.0 396.147 427.222 570.144 792.475 180.713 310.822 942.933 420.511 717.804 989.026 678.004 648.917 138.9 51.152 210.581 187.913 445.999 74.758 779.218 595.059 325.345 543.908 534.726 282.723 813.267 218.15 355.211 32.379 470.029 453.268 251.003 274.169 514.495 326.187 26.324 135.148 798.156 586.432 360.228 636.369
568.906 157.142 857.452 894.067 637.951 680.558 666.919 124.368 941.422 396.147 1000000000.0 979.777 885.295 450.462 90.6 393.217 581.313 139.895 733.082 134.954 781.541 490.733 718.285 541.735 610.026 779.504 53.082 335.721 700.748 666.868 796.113 277.777 570.871 34.899 383.068 57.312 133.62 778.167 780.9 232.795 938.076 323.867 649.822 945.776 711.235 580.125 120.599 476.0 916.116 119.733
911.493 880.141 636.089 479.97 361.765 212.144 596.908 9.229 491.517 427.222 979.777 1000000000.0 563.541 332.9 442.228 887.485 259.928 57.345 72.591 423.919 329.541 436.987 769.559 444.359 921.248 114.838 310.158 762.918 146.855 624.32 313.653 857.753 194.97 691.481 831.191 242.629 726.659 238.144 254.623 705.977 665.924 705.643 69.163 834.929 572.315 238.484 500.771 140.908 404.315 948.691
573.6 558.879 466.36 572.618 709.585 321.883 19.635 596.479 69.567 570.144 885.295 563.541 1000000000.0 539.714 405.235 90.139 866.835 738.533 811.217 53.084 796.616 779.631 723.666 252.182 82.727 200.125 677.049 59.798 18.556 647.61 333.444 610.359 854.328 960.052 180.44 972.791 267.743 30.829 442.155 92.795 324.233 386.168 734.399 269.469 762.314 789.706 293.31 708.687 320.351 878.246
279.803 852.332 697.349 52.773 477.557 43.49 895.662 852.651 442.848 792.475 450.462 332.9 539.714 1000000000.0 97.201 834.127 409.059 979.196 201.488 315.285 645.031 220.583 845.275 94.245 485.312 373.259 97.743 983.243 638.432 699.844 356.424 238.112 553.685 835.771 798.603 939.998 634.444 105.862 309.672 142.735 180.18 16.052 735.652 776.341 134.496 737.692 119.464 268.773 301.027 119.77
79.148 124.203 787.064 818.673 625.612 512.116 269.561 826.466 572.957 180.713 90.6 442.228 405.235 97.201 1000000000.0 934.314 269.819 287.76 513.668 120.747 800.076 129.61 567.948 830.344 786.447 818.39 336.244 132.165 775.172 357.178 438.172 379.777 105.155 159.303 904.209 629.219 459.961 29.149 287.998 463.603 836.744 180.754 910.428 287.754 387.835 803.697 255.365 912.601 96.754 566.487
842.577 588.445 494.683 692.924 380.222 224.578 243.156 73.984 894.189 310.822 393.217 887.485 90.139 834.127 934.314 1000000000.0 483.772 882.12 146.925 297.687 7.204 904.971 311.329 428.359 725.697 994.64 624.763 558.31 608.489 976.373 154.344 560.631 140.872 439.263 673.651 317.846 345.158 636.975 953.775 614.238 13.141 637.99 952.875 953.474 642.143 780.734 535.345 438.563 431.58 431.346
502.362 640.146 256.276 918.984 195.986 312.577 873.303 327.317 629.416 942.933 581.313 259.928 866.835 409.059 269.819 483.772 1000000000.0 937.213 248.984 138.971 895.476 968.502 454.174 894.326 957.361 46.327 802.504 136.552 287.158 236.387 889.685 991.383 721.773 727.612 361.825 192.333 688.021 859.476 91.438 183.29 831.723 875.892 109.206 599.515 353.804 189.535 820.39 74.67 451.334 985.927
9.707 321.123 313.569 224.396 574.94 897.093 368.963 733.606 80.519 420.511 139.895 57.345 738.533 979.196 287.76 882.12 937.213 1000000000.0 5.437 718.859 236.624 9.055 816.447 841.671 878.273 242.001 324.172 281.528 458.04 757.393 963.292 241.621 855.622 312.256 229.034 252.795 301.485 755.067 354.992 257.822 833.574 564.14 894.261 129.319 78.159 295.602 587.279 393.948 366.607 645.144
817.06 480.111 305.534 854.643 985.338 47.915 292.357 474.966 854.121 717.804 733.082 72.591 811.217 201.488 513.668 146.925 248.984 5.437 1000000000.0 582.639 271.417 338.983 976.851 454.915 835.596 876.186 233.907 399.443 566.866 900.573 805.143 12.812 400.789 410.846 256.367 31.32 608.334 140.267 439.418 809.915 348.004 825.875 362.592 791.805 326.044 46.748 212.784 803.44 598.538 201.134
823.077 464.556 562.649 696.001 529.425 470.005 817.973 418.431 551.211 989.026 134.954 423.919 53.084 315.285 120.747 297.687 138.971 718.859 582.639 1000000000.0 522.878 339.924 702.005 577.302 256.194 760.663 618.094 675.813 813.522 350.956 375.087 382.138 400.046 335.091 28.667 605.814 191.155 960.43 470.475 461.932 236.601 52.573 61.927 296.174 127.168 550.728 648.794 698.671 618.552 339.849
176.211 469.093 288.885 819.072 1.728 85.261 846.296 738.09 714.0 678.004 781.541 329.541 796.616 645.031 800.076 7.204 895.476 236.624 271.417 522.878 1000000000.0 257.481 387.93 634.159 851.145 971.236 414.222 328.788 959.544 745.05 764.033 589.298 371.841 792.516 112.485 513.833 784.688 5.856 883.323 1.457 718.252 946.69 601.952 975.527 393.314 490.182 388.707 63.275 69.77 350.947
13.977 101.029 780.836 845.792 816.683 520.631 77.076 995.849 329.827 648.917 490.733 436.987 779.631 220.583 129.61 904.971 968.502 9.055 338.983 339.924 257.481 1000000000.0 526.149 395.38 720.297 552.132 485.127 360.689 275.485 212.859 833.45 17.371 115.393 447.367 658.997 536.411 687.718 440.002 19.62 962.459 806.347 858.209 375.061 137.32 428.884 44.207 253.152 787.468 106.982 570.014
734.85 735.811 646.437 865.696 860.811 686.523 40.462 412.679 977.755 138.9 718.285 769.559 723.666 845.275 567.948 311.329 454.174 816.447 976.851 702.005 387.93 526.149 1000000000.0 414.391 761.801 207.109 317.543 851.695 438.244 633.161 93.765 703.682 243.575 512.495 569.795 545.326 652.265 540.812 935.272 575.249 288.953 696.694 475.353 292.848 391.279 298.51 660.324 836.508 312.725 591.996
930.63 739.045 178.657 746.213 892.959 963.221 170.556 307.274 686.571 51.152 541.735 444.359 252.182 94.245 830.344 428.359 894.326 841.671 454.915 577.302 634.159 395.38 414.391 1000000000.0 583.29 896.949 170.727 806.625 835.969 335.8 834.55 612.34 682.816 244.981 336.579 910.656 182.095 962.815 536.169 63.455 49.866 233.218 196.911 893.934 675.058 474.46 936.061 911.537 601.344 347.473
277.156 413.403 127.045 889.508 239.12 408.544 859.279 92.217 124.187 210.581 610.026 921.248 82.727 485.312 786.447 725.697 957.361 878.273 835.596 256.194 851.145 720.297 761.801 583.29 1000000000.0 382.864 63.782 918.44 857.316 846.19 80.069 202.551 492.174 572.138 910.244 289.815 234.087 522.628 462.157 958.164 686.452 749.063 192.764 946.543 122.562 613.034 332.152 275.356 877.821 972.378
134.934 552.215 866.125 642.543 118.566 321.125 737.96 902.07 42.149 187.913 779.504 114.838 200.125 373.259 818.39 994.64 46.327 242.001 876.186 760.663 971.236 552.132 207.109 896.949 382.864 1000000000.0 913.287 85.288 82.56 701.605 832.57 482.14 549.109 621.898 520.502 846.494 917.932 996.913 893.904 803.218 341.706 918.718 752.884 625.336 409.476 518.208 387.737 600.463 946.914 275.206
61.19 518.782 731.0 764.615 610.224 79.759 148.103 586.608 138.751 445.999 53.082 310.158 677.049 97.743 336.244 624.763 802.504 324.172 233.907 618.094 414.222 485.127 317.543 170.727 63.782 913.287 1000000000.0 679.787 152.381 703.096 965.156 330.667 556.243 888.48 177.112 101.532 548.204 957.548 35.687 940.972 213.072 463.88 376.925 905.868 661.755 334.783 143.799 399.033 822.522 67.393
470.156 997.06 141.676 393.022 807.315 95.008 6.062 623.087 493.672 74.758 335.721 762.918 59.798 983.243 132.165 558.31 136.552 281.528 399.443 675.813 328.788 360.689 851.695 806.625 918.44 85.288 679.787 1000000000.0 771.977 6.488 58.19 479.558 554.726 235.844 924.7 111.751 173.851 167.617 913.464 679.989 187.467 438.301 172.593 753.418 548.786 986.002 157.352 972.712 342.105 502.107
115.655 645.207 909.849 562.955 148.947 586.578 549.434 783.355 648.364 779.218 700.748 146.855 18.556 638.432 775.172 608.489 287.158 458.04 566.866 813.522 959.544 275.485 438.244 835.969 857.316 82.56 152.381 771.977 1000000000.0 95.581 151.098 296.78 132.785 681.547 827.403 112.661 153.398 809.576 184.54 160.416 132.926 476.979 743.488 596.642 841.747 801.123 458.58 808.841 89.779 883.725
979.108 539.054 82.756 862.219 953.253 808.653 487.809 22.609 146.625 595.059 666.868 624.32 647.61 699.844 357.178 976.373 236.387 757.393 900.573 350.956 745.05 212.859 633.161 335.8 846.19 701.605 703.096 6.488 95.581 1000000000.0 922.057 625.445 805.777 820.033 274.132 332.964 100.387 73.852 206.827 887.885 155.259 352.774 30.101 199.757 413.284 171.654 377.257 315.966 25.336 160.0
671.104 866.753 517.441 659.909 22.127 495.376 35.406 812.689 675.615 325.345 796.113 313.653 333.444 356.424 438.172 154.344 889.685 963.292 805.143 375.087 764.033 833.45 93.765 834.55 80.069 832.57 965.156 58.19 151.098 922.057 1000000000.0 726.117 979.619 624.199 843.404 668.977 466.126 825.056 300.342 638.962 926.107 253.543 206.833 764.596 312.526 820.589 204.32 854.372 675.788 913.892
996.225 395.276 811.351 434.347 608.452 454.98 258.202 414.021 490.272 543.908 277.777 857.753 610.359 238.112 379.777 560.631 991.383 241.621 12.812 382.138 589.298 17.371 703.682 612.34 202.551 482.14 330.667 479.558 296.78 625.445 726.117 1000000000.0 329.057 440.274 330.128 712.024 955.764 530.832 762.942 432.408 348.231 14.021 448.124 912.22 12.432 893.961 430.626 288.916 51.191 21.336
304.138 907.269 80.842 977.951 24.989 254.916 997.308 823.283 532.085 534.726 570.871 194.97 854.328 553.685 105.155 140.872 721.773 855.622 400.789 400.046 371.841 115.393 243.575 682.816 492.174 549.109 556.243 554.726 132.785 805.777 979.619 329.057 1000000000.0 539.98 878.964 908.209 866.322 146.555 196.374 380.935 301.487 153.043 186.161 120.032 787.342 444.827 29.69 748.338 871.107 241.922
659.414 564.357 80.632 241.845 313.243 316.278 736.924 712.725 382.361 282.723 34.899 691.481 960.052 835.771 159.303 439.263 727.612 312.256 410.846 335.091 792.516 447.367 512.495 244.981 572.138 621.898 888.48 235.844 681.547 820.033 624.199 440.274 539.98 1000000000.0 751.564 388.333 829.968 464.006 817.729 939.96 623.777 397.853 423.141 43.098 693.908 318.234 149.517 543.025 765.384 496.214
838.566 110.127 728.944 662.339 905.229 736.792 180.908 977.01 944.986 813.267 383.068 831.191 180.44 798.603 904.209 673.651 361.825 229.034 256.367 28.667 112.485 658.997 569.795 336.579 910.244 520.502 177.112 924.7 827.403 274.132 843.404 330.128 878.964 751.564 1000000000.0 948.391 886.456 88.257 252.514 357.723 888.953 784.065 536.923 59.169 594.401 839.502 498.627 954.92 727.197 334.855
980.698 493.336 838.142 286.095 97.07 505.866 187.809 999.542 83.082 218.15 57.312 242.629 972.791 939.998 629.219 317.846 192.333 252.795 31.32 605.814 513.833 536.411 545.326 910.656 289.815 846.494 101.532 111.751 112.661 332.964 668.977 712.024 908.209 388.333 948.391 1000000000.0 888.601 907.793 332.78 186.907 173.004 484.822 612.396 365.699 170.526 706.104 116.585 599.565 962.858 882.12
918.628 864.196 933.098 89.1 374.028 738.486 383.105 660.429 976.659 355.211 133.62 726.659 267.743 634.444 459.961 345.158 688.021 301.485 608.334 191.155 784.688 687.718 652.265 182.095 234.087 917.932 548.204 173.851 153.398 100.387 466.126 955.764 866.322 829.968 886.456 888.601 1000000000.0 706.772 503.067 657.741 224.939 37.84 855.048 39.576 238.361 732.16 323.341 422.557 67.47 941.958
914.999 292.825 79.554 887.068 312.976 854.66 693.828 353.797 349.54 32.379 778.167 238.144 30.829 105.862 29.149 636.975 859.476 755.067 140.267 960.43 5.856 440.002 540.812 962.815 522.628 996.913 957.548 167.617 809.576 73.852 825.056 530.832 146.555 464.006 88.257 907.793 706.772 1000000000.0 894.824 901.873 48.06 452.569 455.478 820.936 255.982 354.843 550.144 924.614 54.648 812.226
128.478 128.709 84.437 750.703 998.206 271.458 122.495 823.849 648.038 470.029 780.9 254.623 442.155 309.672 287.998 953.775 91.438 354.992 439.418 470.475 883.323 19.62 935.272 536.169 462.157 893.904 35.687 913.464 184.54 206.827 300.342 762.942 196.374 817.729 252.514 332.78 503.067 894.824 1000000000.0 935.454 480.896 459.625 486.318 599.986 708.412 662.155 523.314 816.298 893.886 107.733
539.366 856.494 731.137 771.51 191.371 614.194 855.121 80.317 981.835 453.268 232.795 705.977 92.795 142.735 463.603 614.238 183.29 257.822 809.915 461.932 1.457 962.459 575.249 63.455 958.164 803.218 940.972 679.989 160.416 887.885 638.962 432.408 380.935 939.96 357.723 186.907 657.741 901.873 935.454 1000000000.0 322.55 467.452 278.82 674.871 227.346 139.187 825.12 123.372 972.587 453.391
998.079 65.508 742.483 249.195 633.383 573.268 933.703 848.674 804.803 251.003 938.076 665.924 324.233 180.18 836.744 13.141 831.723 833.574 348.004 236.601 718.252 806.347 288.953 49.866 686.452 341.706 213.072 187.467 132.926 155.259 926.107 348.231 301.487 623.777 888.953 173.004 224.939 48.06 480.896 322.55 1000000000.0 202.303 411.06 959.725 338.314 206.511 616.662 907.599 503.326 892.2
900.94 985.907 353.943 926.34 536.325 346.188 670.473 9.839 482.617 274.169 323.867 705.643 386.168 16.052 180.754 637.99 875.892 564.14 825.875 52.573 946.69 858.209 696.694 233.218 749.063 918.718 463.88 438.301 476.979 352.774 253.543 14.021 153.043 397.853 784.065 484.822 37.84 452.569 459.625 467.452 202.303 1000000000.0 818.149 484.895 286.515 923.918 145.921 936.863 37.523 64.941
568.019 436.485 999.079 822.087 674.305 640.259 156.452 852.478 487.321 514.495 649.822 69.163 734.399 735.652 910.428 952.875 109.206 894.261 362.592 61.927 601.952 375.061 475.353 196.911 192.764 752.884 376.925 172.593 743.488 30.101 206.833 448.124 186.161 423.141 536.923 612.396 855.048 455.478 486.318 278.82 411.06 818.149 1000000000.0 565.22 553.585 604.875 23.162 976.221 295.36 20.235
614.183 256.85 790.905 587.978 821.102 257.261 229.485 770.035 175.07 326.187 945.776 834.929 269.469 776.341 287.754 953.474 599.515 129.319 791.805 296.174 975.527 137.32 292.848 893.934 946.543 625.336 905.868 753.418 596.642 199.757 764.596 912.22 120.032 43.098 59.169 365.699 39.576 820.936 599.986 674.871 959.725 484.895 565.22 1000000000.0 791.533 748.63 379.911 278.704 787.502 143.153
596.392 263.847 485.06 869.456 762.124 325.148 909.09 91.925 962.952 26.324 711.235 572.315 762.314 134.496 387.835 642.143 353.804 78.159 326.044 127.168 393.314 428.884 391.279 675.058 122.562 409.476 661.755 548.786 841.747 413.284 312.526 12.432 787.342 693.908 594.401 170.526 238.361 255.982 708.412 227.346 338.314 286.515 553.585 791.533 1000000000.0 678.695 105.932 607.378 569.572 697.667
155.902 552.832 589.441 348.604 640.585 621.235 118.408 69.673 15.735 135.148 580.125 238.484 789.706 737.692 803.697 780.734 189.535 295.602 46.748 550.728 490.182 44.207 298.51 474.46 613.034 518.208 334.783 986.002 801.123 171.654 820.589 893.961 444.827 318.234 839.502 706.104 732.16 354.843 662.155 139.187 206.511 923.918 604.875 748.63 678.695 1000000000.0 64.119 986.372 570.406 500.005
213.467 908.761 595.959 352.068 595.778 924.55 68.439 49.129 115.179 798.156 120.599 500.771 293.31 119.464 255.365 535.345 820.39 587.279 212.784 648.794 388.707 253.152 660.324 936.061 332.152 387.737 143.799 157.352 458.58 377.257 204.32 430.626 29.69 149.517 498.627 116.585 323.341 550.144 523.314 825.12 616.662 145.921 23.162 379.911 105.932 64.119 1000000000.0 13.285 857.852 159.907
279.336 663.702 458.196 485.377 795.603 233.64 445.263 565.689 972.466 586.432 476.0 140.908 708.687 268.773 912.601 438.563 74.67 393.948 803.44 698.671 63.275 787.468 836.508 911.537 275.356 600.463 399.033 972.712 808.841 315.966 854.372 288.916 748.338 543.025 954.92 599.565 422.557 924.614 816.298 123.372 907.599 936.863 976.221 278.704 607.378 986.372 13.285 1000000000.0 203.684 487.426
456.047 720.025 403.848 139.402 630.803 595.035 342.089 554.553 901.906 360.228 916.116 404.315 320.351 301.027 96.754 431.58 451.334 366.607 598.538 618.552 69.77 106.982 312.725 601.344 877.821 946.914 822.522 342.105 89.779 25.336 675.788 51.191 871.107 765.384 727.197 962.858 67.47 54.648 893.886 972.587 503.326 37.523 295.36 787.502 569.572 570.406 857.852 203.684 1000000000.0 564.213
44.364 519.128 361.403 439.779 695.492 756.39 524.584 319.641 481.229 636.369 119.733 948.691 878.246 119.77 566.487 431.346 985.927 645.144 201.134 339.849 350.947 570.014 591.996 347.473 972.378 275.206 67.393 502.107 883.725 160.0 913.892 21.336 241.922 496.214 334.855 882.12 941.958 812.226 107.733 453.391 892.2 64.941 20.235 143.153 697.667 500.005 159.907 487.426 564.213 1000000000.0
