50
1000000000.0 372.093 112.18 667.744 134.961 95.094 536.846 844.597 837.658 889.769 91.616 887.815 619.95 647.396 255.003 408.719 14.078 699.21 678.402 560.357 779.555 734.6 463.382 93.725 621.801 543.682 238.548 305.58 780.704 28.378 161.522 239.092 212.99 565.414 260.141 988.25 270.982 989.611 107.312 771.612 896.831 639.198 534.222 580.96 100.089 783.056 603.534 743.49 610.838 442.381
372.093 1000000000.0 354.911 753.533 622.602 251.477 834.969 887.337 776.41 240.659 659.118 736.766 246.666 703.496 601.819 233.531 964.992 638.505 365.989 354.494 227.344 557.837 657.555 228.935 255.771 434.253 732.552 243.623 723.167 987.526 343.025 835.573 202.835 118.287 767.459 845.314 680.858 738.318 527.0 216.75 611.263 891.206 92.903 745.673 395.657 341.151 132.595 569.692 51.817 61.496
112.18 354.911 1000000000.0 822.795 247.829 329.159 490.14 996.275 896.507 970.348 910.608 485.849 876.216 844.301 282.306 7.054 999.362 239.891 402.593 383.077 215.047 501.638 257.951 126.585 904.731 401.313 187.308 503.567 408.097 127.449 343.038 467.488 66.87 620.336 560.431 203.542 315.88 418.319 317.692 431.099 315.249 383.882 998.776 517.055 635.248 588.112 484.569 854.283 641.118 866.976
667.744 753.533 822.795 1000000000.0 805.103 622.206 747.502 351.325 437.423 311.819 856.868 827.168 255.07 336.423 674.246 899.15 399.218 7.663 532.202 63.665 426.126 977.497 418.13 240.4 417.726 509.299 742.153 828.044 743.438 150.649 261.224 684.269 821.635 161.954 171.847 439.521 419.35 445.043 993.906 567.999 543.994 382.06 571.08 37.856 527.598 815.204 127.753 340.475 274.646 754.65
134.961 622.602 247.829 805.103 1000000000.0 906.586 2.225 573.192 317.319 305.628 210.744 31.562 404.931 697.225 533.944 434.563 469.521 899.574 226.984 529.277 437.812 222.501 95.834 213.332 987.186 179.417 688.935 718.456 776.717 753.201 437.063 397.007 897.379 683.849 752.597 477.966 812.092 319.863 506.881 720.597 900.433 740.287 761.163 704.746 899.807 897.575 303.111 101.503 54.544 687.574
95.094 251.477 329.159 622.206 906.586 1000000000.0 849.159 390.882 979.213 553.973 689.363 643.442 875.546 371.507 10.233 238.413 355.894 485.992 325.825 177.289 317.953 741.818 561.083 266.563 512.426 805.202 774.702 30.364 797.137 98.696 95.074 158.277 324.343 931.37 730.396 665.422 777.274 373.175 354.881 809.144 638.88 651.51 265.951 252.18 170.542 882.802 385.857 939.501 402.144 919.383
536.846 834.969 490.14 747.502 2.225 849.159 1000000000.0 371.101 87.793 344.151 688.805 996.191 46.449 160.78 17.476 455.399 544.035 679.743 97.519 206.986 149.336 45.093 754.938 461.92 393.454 352.676 349.786 586.923 962.959 813.044 256.988 512.273 10.24 579.548 665.954 309.001 413.497 903.082 983.731 409.59 59.879 158.961 489.407 185.369 382.788 416.374 501.632 341.699 393.523 912.146
844.597 887.337 996.275 351.325 573.192 390.882 371.101 1000000000.0 121.678 956.018 81.728 147.432 748.071 658.229 272.748 64.136 101.65 422.54 629.354 685.544 269.525 803.808 647.364 873.739 123.798 325.354 669.241 552.967 632.655 906.727 974.664 300.651 486.022 597.282 685.829 516.163 128.412 463.847 381.802 929.518 84.831 26.982 14.602 127.392 493.908 549.242 466.465 200.935 857.035 532.414
837.658 776.41 896.507 437.423 317.319 979.213 87.793 121.678 1000000000.0 794.143 530.569 694.251 384.078 937.462 877.996 850.964 587.28 763.121 316.983 630.198 527.407 459.424 319.171 526.352 542.167 766.167 566.35 471.298 255.69 658.057 1.657 67.474 984.172 83.473 44.754 491.607 686.525 289.365 99.21 170.36 185.158 556.727 192.98 701.248 554.347 421.423 719.847 319.806 819.725 685.001
889.769 240.659 970.348 311.819 305.628 553.973 344.151 956.018 794.143 1000000000.0 511.295 396.164 597.678 906.013 685.34 928.769 728.352 178.754 362.905 401.045 304.295 106.749 629.187 407.205 305.734 150.807 945.805 174.14 555.281 437.963 406.662 188.693 662.466 614.449 585.533 386.438 62.736 712.895 921.406 738.937 127.433 805.447 13.178 530.208 634.739 712.732 479.214 112.311 403.725 667.969
91.616 659.118 910.608 856.868 210.744 689.363 688.805 81.728 530.569 511.295 1000000000.0 394.49 766.777 25.475 694.739 853.673 149.328 143.969 323.767 158.452 637.113 583.922 976.279 35.865 188.651 541.063 993.478 404.652 657.69 133.677 461.097 521.581 891.134 277.031 851.259 249.935 48.958 191.551 121.671 20.058 31.489 674.844 434.828 754.679 743.522 864.275 133.986 947.413 374.272 923.675
887.815 736.766 485.849 827.168 31.562 643.442 996.191 147.432 694.251 396.164 394.49 1000000000.0 273.749 772.78 854.504 394.191 144.773 172.131 555.632 572.366 639.731 925.416 819.935 66.392 168.316 49.074 174.861 275.922 318.541 154.208 340.578 292.118 324.202 700.566 455.457 354.638 493.52 250.089 813.146 534.054 954.396 894.871 189.272 255.433 977.43 876.822 581.776 706.801 166.128 430.787
619.95 246.666 876.216 255.07 404.931 875.546 46.449 748.071 384.078 597.678 766.777 273.749 1000000000.0 750.233 357.725 574.281 73.047 476.914 491.628 805.15 568.795 670.673 710.935 394.239 383.9 513.502 31.799 92.679 690.032 334.727 23.296 643.907 727.756 351.272 196.025 845.574 294.149 471.365 161.556 947.019 187.542 647.961 525.289 752.271 40.636 764.004 421.898 732.607 779.221 303.588
647.396 703.496 844.301 336.423 697.225 371.507 160.78 658.229 937.462 906.013 25.475 772.78 750.233 1000000000.0 561.094 135.638 736.639 226.518 610.838 420.276 189.428 935.553 182.193 10.621 772.572 595.127 858.472 512.218 747.046 143.483 725.471 532.833 88.876 347.753 839.989 300.058 562.525 504.381 928.683 538.694 688.72 846.963 569.181 433.903 924.989 787.941 127.944 981.219 976.705 280.196
255.003 601.819 282.306 674.246 533.944 10.233 17.476 272.748 877.996 685.34 694.739 854.504 357.725 561.094 1000000000.0 791.83 448.561 596.77 375.113 373.228 440.302 582.144 188.478 532.77 305.813 451.007 679.315 103.563 126.685 869.131 681.165 237.152 759.124 280.008 757.23 851.598 783.291 357.891 499.92 730.037 58.817 649.71 107.479 249.782 637.043 87.013 314.355 603.862 12.435 406.961
408.719 233.531 7.054 899.15 434.563 238.413 455.399 64.136 850.964 928.769 853.673 394.191 574.281 135.638 791.83 1000000000.0 655.668 780.603 969.532 988.812 741.977 61.083 996.973 826.216 910.479 178.009 906.161 24.433 365.759 938.465 934.005 125.677 839.059 8.834 393.681 142.173 406.934 426.614 426.211 774.754 925.338 491.508 156.315 208.089 548.71 388.716 681.739 533.957 185.452 876.796
14.078 964.992 999.362 399.218 469.521 355.894 544.035 101.65 587.28 728.352 149.328 144.773 73.047 736.639 448.561 655.668 1000000000.0 231.945 912.299 919.29 897.246 11.554 363.309 326.696 336.354 591.633 476.328 224.859 496.889 889.192 534.396 547.646 856.886 727.046 817.54 513.523 108.647 184.652 581.162 135.311 455.545 455.528 151.171 723.353 916.518 899.945 53.658 410.301 15.644 324.413
699.21 638.505 239.891 7.663 899.574 485.992 679.743 422.54 763.121 178.754 143.969 172.131 476.914 226.518 596.77 780.603 231.945 1000000000.0 556.42 90.491 502.199 110.699 323.306 868.127 807.355 786.331 84.325 858.186 596.392 993.657 291.546 226.743 292.357 270.775 62.96 698.438 201.417 790.958 706.816 449.923 723.668 237.737 812.794 850.64 357.834 187.557 146.522 666.312 323.058 685.537
678.402 365.989 402.593 532.202 226.984 325.825 97.519 629.354 316.983 362.905 323.767 555.632 491.628 610.838 375.113 969.532 912.299 556.42 1000000000.0 949.585 484.273 121.677 666.292 309.108 865.422 802.618 642.889 701.981 674.03 789.294 539.596 228.722 293.171 545.598 899.211 23.109 659.02 354.104 336.731 42.878 853.895 768.788 929.626 346.164 337.459 904.933 471.801 939.701 976.729 539.067
560.357 354.494 383.077 63.665 529.277 177.289 206.986 685.544 630.198 401.045 158.452 572.366 805.15 420.276 373.228 988.812 919.29 90.491 949.585 1000000000.0 412.369 375.514 389.789 875.11 524.369 524.716 312.253 669.802 964.088 51.686 591.21 977.439 406.594 59.252 545.379 625.437 194.462 210.18 678.337 44.465 96.153 795.45 463.461 278.875 150.056 286.339 22.515 682.183 716.038 360.793
779.555 227.344 215.047 426.126 437.812 317.953 149.336 269.525 527.407 304.295 637.113 639.731 568.795 189.428 440.302 741.977 897.246 502.199 484.273 412.369 1000000000.0 246.546 285.009 299.562 871.599 190.297 37.778 227.232 186.932 741.011 592.17 541.737 326.654 781.346 587.146 597.181 943.629 458.532 915.203 594.795 316.711 996.032 438.883 820.887 948.471 347.455 657.24 526.23 812.406 809.001
734.6 557.837 501.638 977.497 222.501 741.818 45.093 803.808 459.424 106.749 583.922 925.416 670.673 935.553 582.144 61.083 11.554 110.699 121.677 375.514 246.546 1000000000.0 143.884 268.41 189.714 460.775 578.739 459.692 993.387 86.016 746.904 99.637 590.72 529.112 578.391 603.215 117.647 3.644 456.284 616.889 851.929 848.683 108.492 487.197 566.336 19.693 130.697 670.084 466.023 841.167
463.382 657.555 257.951 418.13 95.834 561.083 754.938 647.364 319.171 629.187 976.279 819.935 710.935 182.193 188.478 996.973 363.309 323.306 666.292 389.789 285.009 143.884 1000000000.0 755.028 755.188 182.766 612.84 16.727 208.717 64.198 975.562 869.68 581.835 851.276 768.463 898.454 731.093 736.812 906.597 119.12 129.479 811.372 903.94 713.692 46.338 555.746 212.543 28.568 874.444 770.717
93.725 228.935 126.585 240.4 213.332 266.563 461.92 873.739 526.352 407.205 35.865 66.392 394.239 10.621 532.77 826.216 326.696 868.127 309.108 875.11 299.562 268.41 755.028 1000000000.0 759.6 476.551 763.657 427.987 829.944 666.627 771.886 79.685 993.11 319.988 478.09 462.858 944.419 405.364 920.481 719.697 529.462 797.569 31.329 639.388 540.38 61.063 620.717 215.237 402.34 630.335
621.801 255.771 904.731 417.726 987.186 512.426 393.454 123.798 542.167 305.734 188.651 168.316 383.9 772.572 305.813 910.479 336.354 807.355 865.422 524.369 871.599 189.714 755.188 759.6 1000000000.0 549.658 964.149 362.346 839.332 322.72 485.902 447.159 419.62 525.88 279.951 458.948 723.072 289.397 946.495 217.262 850.021 83.82 198.192 309.344 688.511 424.872 317.356 788.683 297.627 48.283
543.682 434.253 401.313 509.299 179.417 805.202 352.676 325.354 766.167 150.807 541.063 49.074 513.502 595.127 451.007 178.009 591.633 786.331 802.618 524.716 190.297 460.775 182.766 476.551 549.658 1000000000.0 257.783 867.239 663.188 849.388 433.426 577.51 914.235 982.325 544.705 623.93 521.59 129.683 734.793 776.688 341.47 466.933 177.722 192.184 80.078 426.826 509.468 245.619 580.834 733.702
238.548 732.552 187.308 742.153 688.935 774.702 349.786 669.241 566.35 945.805 993.478 174.861 31.799 858.472 679.315 906.161 476.328 84.325 642.889 312.253 37.778 578.739 612.84 763.657 964.149 257.783 1000000000.0 304.059 216.463 722.524 365.767 389.421 283.653 544.37 537.959 880.997 347.499 264.887 390.885 284.025 781.509 956.145 294.616 207.132 979.316 256.322 960.519 355.201 357.617 390.179
305.58 243.623 503.567 828.044 718.456 30.364 586.923 552.967 471.298 174.14 404.652 275.922 92.679 512.218 103.563 24.433 224.859 858.186 701.981 669.802 227.232 459.692 16.727 427.987 362.346 867.239 304.059 1000000000.0 92.447 946.189 122.069 403.909 111.967 587.626 549.036 772.269 472.412 41.352 852.646 445.002 929.476 341.248 161.64 85.817 893.861 604.938 590.558 755.65 427.143 296.72
780.704 723.167 408.097 743.438 776.717 797.137 962.959 632.655 255.69 555.281 657.69 318.541 690.032 747.046 126.685 365.759 496.889 596.392 674.03 964.088 186.932 993.387 208.717 829.944 839.332 663.188 216.463 92.447 1000000000.0 545.546 786.207 981.942 704.99 861.825 67.112 694.458 753.463 49.238 796.628 154.936 384.692 660.22 924.701 377.635 71.818 687.832 108.014 873.914 655.041 806.118
28.378 987.526 127.449 150.649 753.201 98.696 813.044 906.727 658.057 437.963 133.677 154.208 334.727 143.483 869.131 938.465 889.192 993.657 789.294 51.686 741.011 86.016 64.198 666.627 322.72 849.388 722.524 946.189 545.546 1000000000.0 70.539 649.84 284.791 951.279 97.615 263.197 583.758 573.616 570.252 277.713 272.484 984.041 223.6 439.464 730.075 306.392 782.309 48.49 260.622 189.353
161.522 343.025 343.038 261.224 437.063 95.074 256.988 974.664 1.657 406.662 461.097 340.578 23.296 725.471 681.165 934.005 534.396 291.546 539.596 591.21 592.17 746.904 975.562 771.886 485.902 433.426 365.767 122.069 786.207 70.539 1000000000.0 921.748 862.918 252.491 542.021 823.197 410.884 971.207 443.833 264.923 405.024 368.736 71.216 175.657 84.469 913.001 231.733 443.499 416.136 893.566
239.092 835.573 467.488 684.269 397.007 158.277 512.273 300.651 67.474 188.693 521.581 292.118 643.907 532.833 237.152 125.677 547.646 226.743 228.722 977.439 541.737 99.637 869.68 79.685 447.159 577.51 389.421 403.909 981.942 649.84 921.748 1000000000.0 910.921 663.226 451.941 143.621 644.007 506.956 829.054 124.211 416.73 985.444 250.1 76.314 784.774 242.458 877.192 974.405 210.682 457.859
212.99 202.835 66.87 821.635 897.379 324.343 10.24 486.022 984.172 662.466 891.134 324.202 727.756 88.876 759.124 839.059 856.886 292.357 293.171 406.594 326.654 590.72 581.835 993.11 419.62 914.235 283.653 111.967 704.99 284.791 862.918 910.921 1000000000.0 417.434 526.291 752.284 654.847 517.063 544.165 318.073 825.561 409.014 724.501 846.141 943.419 388.335 517.826 932.476 803.501 819.979
565.414 118.287 620.336 161.954 683.849 931.37 579.548 597.282 83.473 614.449 277.031 700.566 351.272 347.753 280.008 8.834 727.046 270.775 545.598 59.252 781.346 529.112 851.276 319.988 525.88 982.325 544.37 587.626 861.825 951.279 252.491 663.226 417.434 1000000000.0 147.662 297.324 997.043 84.043 690.968 337.966 659.372 274.638 824.219 289.671 606.563 30.119 835.448 71.29 185.605 190.504
260.141 767.459 560.431 171.847 752.597 730.396 665.954 685.829 44.754 585.533 851.259 455.457 196.025 839.989 757.23 393.681 817.54 62.96 899.211 545.379 587.146 578.391 768.463 478.09 279.951 544.705 537.959 549.036 67.112 97.615 542.021 451.941 526.291 147.662 1000000000.0 595.006 482.645 985.614 718.641 888.84 801.44 945.961 144.44 211.468 822.431 380.343 121.471 565.617 706.338 862.484
988.25 845.314 203.542 439.521 477.966 665.422 309.001 516.163 491.607 386.438 249.935 354.638 845.574 300.058 851.598 142.173 513.523 698.438 23.109 625.437 597.181 603.215 898.454 462.858 458.948 623.93 880.997 772.269 694.458 263.197 823.197 143.621 752.284 297.324 595.006 1000000000.0 998.771 709.104 73.642 226.934 622.624 576.848 819.098 886.565 929.033 201.331 858.181 414.92 608.159 36.673
270.982 680.858 315.88 419.35 812.092 777.274 413.497 128.412 686.525 62.736 48.958 493.52 294.149 562.525 783.291 406.934 108.647 201.417 659.02 194.462 943.629 117.647 731.093 944.419 723.072 521.59 347.499 472.412 753.463 583.758 410.884 644.007 654.847 997.043 482.645 998.771 1000000000.0 164.985 534.847 882.117 344.013 185.499 589.918 376.457 658.8 249.801 595.06 487.877 439.132 375.516
989.611 738.318 418.319 445.043 319.863 373.175 903.082 463.847 289.365 712.895 191.551 250.089 471.365 504.381 357.891 426.614 184.652 790.958 354.104 210.18 458.532 3.644 736.812 405.364 289.397 129.683 264.887 41.352 49.238 573.616 971.207 506.956 517.063 84.043 985.614 709.104 164.985 1000000000.0 595.925 680.573 661.497 522.66 932.578 298.022 530.668 120.232 447.059 8.865 564.822 214.596
107.312 527.0 317.692 993.906 506.881 354.881 983.731 381.802 99.21 921.406 121.671 813.146 161.556 928.683 499.92 426.211 581.162 706.816 336.731 678.337 915.203 456.284 906.597 920.481 946.495 734.793 390.885 852.646 796.628 570.252 443.833 829.054 544.165 690.968 718.641 73.642 534.847 595.925 1000000000.0 9.396 383.425 948.137 268.986 114.971 766.853 386.956 384.031 415.977 851.891 179.012
771.612 216.75 431.099 567.999 720.597 809.144 409.59 929.518 170.36 738.937 20.058 534.054 947.019 538.694 730.037 774.754 135.311 449.923 42.878 44.465 594.795 616.889 119.12 719.697 217.262 776.688 284.025 445.002 154.936 277.713 264.923 124.211 318.073 337.966 888.84 226.934 882.117 680.573 9.396 1000000000.0 397.485 379.026 997.637 744.323 450.732 328.708 494.387 210.609 56.929 567.271
896.831 611.263 315.249 543.994 900.433 638.88 59.879 84.831 185.158 127.433 31.489 954.396 187.542 688.72 58.817 925.338 455.545 723.668 853.895 96.153 316.711 851.929 129.479 529.462 850.021 341.47 781.509 929.476 384.692 272.484 405.024 416.73 825.561 659.372 801.44 622.624 344.013 661.497 383.425 397.485 1000000000.0 358.948 836.547 474.518 587.113 540.59 652.341 21.277 156.42 138.69
639.198 891.206 383.882 382.06 740.287 651.51 158.961 26.982 556.727 805.447 674.844 894.871 647.961 846.963 649.71 491.508 455.528 237.737 768.788 795.45 996.032 848.683 811.372 797.569 83.82 466.933 956.145 341.248 660.22 984.041 368.736 985.444 409.014 274.638 945.961 576.848 185.499 522.66 948.137 379.026 358.948 1000000000.0 801.714 585.231 146.427 37.731 759.132 396.775 65.551 490.082
534.222 92.903 998.776 571.08 761.163 265.951 489.407 14.602 192.98 13.178 434.828 189.272 525.289 569.181 107.479 156.315 151.171 812.794 929.626 463.461 438.883 108.492 903.94 31.329 198.192 177.722 294.616 161.64 924.701 223.6 71.216 250.1 724.501 824.219 144.44 819.098 589.918 932.578 268.986 997.637 836.547 801.714 1000000000.0 702.608 935.115 935.591 422.638 801.572 725.541 879.909
580.96 745.673 517.055 37.856 704.746 252.18 185.369 127.392 701.248 530.208 754.679 255.433 752.271 433.903 249.782 208.089 723.353 850.64 346.164 278.875 820.887 487.197 713.692 639.388 309.344 192.184 207.132 85.817 377.635 439.464 175.657 76.314 846.141 289.671 211.468 886.565 376.457 298.022 114.971 744.323 474.518 585.231 702.608 1000000000.0 647.245 528.38 81.431 698.398 674.274 468.432
100.089 395.657 635.248 527.598 899.807 170.542 382.788 493.908 554.347 634.739 743.522 977.43 40.636 924.989 637.043 548.71 916.518 357.834 337.459 150.056 948.471 566.336 46.338 540.38 688.511 80.078 979.316 893.861 71.818 730.075 84.469 784.774 943.419 606.563 822.431 929.033 658.8 530.668 766.853 450.732 587.113 146.427 935.115 647.245 1000000000.0 913.105 789.248 240.294 556.14 121.46
783.056 341.151 588.112 815.204 897.575 882.802 416.374 549.242 421.423 712.732 864.275 876.822 764.004 787.941 87.013 388.716 899.945 187.557 904.933 286.339 347.455 19.693 555.746 61.063 424.872 426.826 256.322 604.938 687.832 306.392 913.001 242.458 388.335 30.119 380.343 201.331 249.801 120.232 386.956 328.708 540.59 37.731 935.591 528.38 913.105 1000000000.0 767.156 446.493 979.042 427.321
603.534 132.595 484.569 127.753 303.111 385.857 501.632 466.465 719.847 479.214 133.986 581.776 421.898 127.944 314.355 681.739 53.658 146.522 471.801 22.515 657.24 130.697 212.543 620.717 317.356 509.468 960.519 590.558 108.014 782.309 231.733 877.192 517.826 835.448 121.471 858.181 595.06 447.059 384.031 494.387 652.341 759.132 422.638 81.431 789.248 767.156 1000000000.0 527.239 780.784 867.024
743.49 569.692 854.283 340.475 101.503 939.501 341.699 200.935 319.806 112.311 947.413 706.801 732.607 981.219 603.862 533.957 410.301 666.312 939.701 682.183 526.23 670.084 28.568 215.237 788.683 245.619 355.201 755.65 873.914 48.49 443.499 974.405 932.476 71.29 565.617 414.92 487.877 8.865 415.977 210.609 21.277 396.775 801.572 698.398 240.294 446.493 527.239 1000000000.0 995.502 650.739
610.838 51.817 641.118 274.646 54.544 402.144 393.523 857.035 819.725 403.725 374.272 166.128 779.221 976.705 12.435 185.452 15.644 323.058 976.729 716.038 812.406 466.023 874.444 402.34 297.627 580.834 357.617 427.143 655.041 260.622 416.136 210.682 803.501 185.605 706.338 608.159 439.132 564.822 851.891 56.929 156.42 65.551 725.541 674.274 556.14 979.042 780.784 995.502 1000000000.0 407.762
442.381 61.496 866.976 754.65 687.574 919.383 912.146 532.414 685.001 667.969 923.675 430.787 303.588 280.196 406.961 876.796 324.413 685.537 539.067 360.793 809.001 841.167 770.717 630.335 48.283 733.702 390.179 296.72 806.118 189.353 893.566 457.859 819.979 190.504 862.484 36.673 375.516 214.596 179.012 567.271 138.69 490.082 879.909 468.432 121.46 427.321 867.024 650.739 407.762 1000000000.0
