50
1000000000.0 134.612 836.466 607.3 456.225 849.003 544.595 831.202 541.926 6.038 945.058 436.057 781.984 539.795 679.343 181.129 975.031 882.147 570.681 563.375 234.969 784.725 405.738 688.931 596.252 438.369 807.741 786.552 101.683 152.113 132.236 913.756 432.034 540.265 244.485 975.737 727.568 147.745 436.736 566.929 884.08 404.28 322.133 593.967 809.721 482.678 800.503 825.369 183.029 92.634
134.612 1000000000.0 824.253 833.905 124.237 674.124 957.639 513.663 532.348 879.646 564.33 920.77 613.781 138.935 688.545 193.253 871.181 773.492 942.823 94.294 994.424 476.117 468.699 373.225 856.264 385.809 466.11 360.665 721.629 295.932 864.678 588.74 465.715 553.571 419.607 288.494 260.181 479.494 496.117 375.812 52.254 259.136 694.975 924.721 658.843 970.882 591.21 157.093 300.557 426.46
836.466 824.253 1000000000.0 199.659 307.782 579.907 113.453 631.042 202.238 794.75 672.79 890.25 676.553 868.077 425.182 794.363 227.253 684.126 746.569 34.399 703.602 61.837 955.3 615.135 112.748 874.004 349.908 528.806 428.071 257.549 280.982 445.18 180.589 654.007 863.344 903.994 973.795 852.701 224.437 721.631 788.592 919.478 127.69 919.99 282.068 7.821 171.396 160.714 904.33 46.288
607.3 833.905 199.659 1000000000.0 259.377 658.906 548.154 782.563 642.076 420.871 68.471 236.668 11.212 135.647 856.481 178.805 579.058 147.615 307.415 191.072 608.509 268.349 225.702 397.316 94.542 766.393 685.17 662.574 111.171 81.758 226.257 6.758 522.475 394.14 282.083 533.142 527.761 105.106 725.565 277.137 456.204 346.996 500.034 551.084 599.478 652.436 610.683 799.378 459.437 709.531
456.225 124.237 307.782 259.377 1000000000.0 92.659 91.727 977.802 586.235 9.348 385.721 888.478 854.364 150.149 903.763 216.567 634.465 956.215 45.662 680.838 244.732 356.812 543.595 526.315 132.992 913.199 964.914 757.845 88.836 616.859 721.523 93.606 948.278 468.324 915.465 528.925 589.592 941.455 32.866 641.799 256.518 195.447 120.782 472.195 303.643 291.009 315.697 678.153 54.915 58.357
849.003 674.124 579.907 658.906 92.659 1000000000.0 959.947 428.604 97.598 595.498 536.494 736.477 152.4 363.618 78.332 953.679 720.386 738.781 4.425 70.618 252.516 807.942 867.025 446.064 932.835 868.992 763.504 373.954 716.406 312.088 369.679 863.522 296.539 113.469 740.723 973.904 209.056 434.214 675.185 986.101 55.548 622.528 257.122 657.323 528.473 166.671 436.848 450.023 804.1 378.221
544.595 957.639 113.453 548.154 91.727 959.947 1000000000.0 206.934 456.45 492.751 371.437 562.799 187.894 46.009 792.127 558.979 875.542 243.645 215.916 140.648 239.043 688.496 164.393 966.399 835.802 758.367 79.007 210.873 532.242 497.909 633.28 404.395 284.515 120.215 720.997 768.045 833.9 878.995 425.873 296.84 595.56 66.448 982.859 280.338 551.252 145.883 494.132 500.893 453.639 72.806
831.202 513.663 631.042 782.563 977.802 428.604 206.934 1000000000.0 598.968 809.747 792.485 499.15 476.917 952.129 83.435 374.826 810.68 300.27 215.055 985.966 280.32 578.589 734.292 877.649 753.805 730.099 513.593 518.605 132.016 851.157 212.708 83.201 971.285 451.507 981.522 130.288 752.026 13.217 320.695 531.357 125.427 986.112 311.827 440.544 695.159 176.047 226.932 906.698 445.35 943.98
541.926 532.348 202.238 642.076 586.235 97.598 456.45 598.968 1000000000.0 330.104 407.736 834.593 274.624 562.286 822.059 554.789 354.344 42.921 500.349 721.752 872.095 520.198 346.887 476.017 651.511 10.721 614.124 620.592 347.909 582.652 613.041 76.448 678.267 626.003 810.696 704.396 809.211 422.911 83.593 507.319 753.67 507.046 104.077 91.628 542.236 38.974 927.198 585.487 585.931 843.34
6.038 879.646 794.75 420.871 9.348 595.498 492.751 809.747 330.104 1000000000.0 414.651 15.417 296.559 741.808 881.213 735.662 91.426 59.908 199.281 578.172 869.071 24.167 182.914 242.653 482.745 314.423 290.846 101.586 127.71 526.089 193.791 693.524 529.246 978.617 43.569 617.469 579.481 264.257 110.004 630.555 927.636 136.545 531.212 377.991 241.089 581.905 408.169 546.909 300.944 763.104
945.058 564.33 672.79 68.471 385.721 536.494 371.437 792.485 407.736 414.651 1000000000.0 51.181 26.099 415.653 163.519 562.4 811.911 824.787 917.149 966.486 396.824 907.635 204.65 90.992 400.988 382.021 92.408 553.286 961.165 97.878 668.679 523.991 795.664 136.73 761.272 485.344 323.675 1.205 112.413 16.228 1.419 515.057 688.343 200.582 248.133 299.237 981.664 44.787 706.486 112.094
436.057 920.77 890.25 236.668 888.478 736.477 562.799 499.15 834.593 15.417 51.181 1000000000.0 568.724 463.34 790.009 249.498 667.864 51.649 321.437 436.141 518.09 827.142 961.984 747.764 233.634 529.759 356.848 811.41 76.634 707.736 637.079 56.885 63.482 596.868 609.021 382.299 799.981 182.831 506.386 748.336 735.702 6.18 178.533 814.257 961.18 214.777 476.381 225.749 479.31 737.198
781.984 613.781 676.553 11.212 854.364 152.4 187.894 476.917 274.624 296.559 26.099 568.724 1000000000.0 156.925 722.587 682.939 896.809 538.008 178.346 197.541 721.489 462.377 69.784 409.198 425.794 164.672 601.875 876.344 716.831 762.389 194.158 550.793 845.692 678.991 989.055 986.087 747.466 806.553 510.2 645.064 164.052 704.999 175.248 241.241 539.912 308.204 489.587 909.695 351.323 777.134
539.795 138.935 868.077 135.647 150.149 363.618 46.009 952.129 562.286 741.808 415.653 463.34 156.925 1000000000.0 471.342 959.325 37.405 810.6 954.686 187.531 326.904 662.644 943.4 378.316 139.413 269.334 179.972 255.067 34.773 127.836 276.46 882.72 245.055 441.909 838.357 461.118 864.205 744.053 480.258 133.02 542.545 99.958 599.872 243.923 979.755 924.605 923.416 498.364 203.303 713.669
679.343 688.545 425.182 856.481 903.763 78.332 792.127 83.435 822.059 881.213 163.519 790.009 722.587 471.342 1000000000.0 766.945 690.572 382.542 727.753 666.107 81.945 610.01 300.383 574.231 547.884 719.796 564.8 291.006 422.134 536.416 278.51 341.601 345.943 957.292 712.67 162.924 174.008 800.469 181.617 854.28 454.036 316.009 997.043 212.082 963.176 356.735 529.621 124.181 87.958 979.809
181.129 193.253 794.363 178.805 216.567 953.679 558.979 374.826 554.789 735.662 562.4 249.498 682.939 959.325 766.945 1000000000.0 64.949 317.889 663.814 82.482 629.89 292.677 824.781 361.445 130.743 115.232 285.633 159.913 275.461 584.448 511.6 161.774 960.587 384.155 215.498 454.495 895.501 19.351 986.831 18.576 729.157 435.648 644.011 67.316 964.118 426.633 441.086 830.041 59.778 162.456
975.031 871.181 227.253 579.058 634.465 720.386 875.542 810.68 354.344 91.426 811.911 667.864 896.809 37.405 690.572 64.949 1000000000.0 30.624 220.203 996.179 228.145 212.803 636.977 80.287 669.093 885.433 876.246 185.432 116.599 48.491 944.645 233.709 822.054 451.893 957.848 947.002 346.932 152.175 985.804 731.972 58.521 879.676 640.182 408.052 214.135 228.976 746.424 15.682 422.346 249.02
882.147 773.492 684.126 147.615 956.215 738.781 243.645 300.27 42.921 59.908 824.787 51.649 538.008 810.6 382.542 317.889 30.624 1000000000.0 938.769 665.539 192.948 525.906 704.194 229.726 782.927 473.248 605.835 624.491 826.058 156.482 34.246 226.817 779.923 256.741 861.57 913.44 931.034 161.442 814.79 638.966 988.442 754.269 718.209 170.1 2.62 360.967 89.657 403.282 604.136 556.482
570.681 942.823 746.569 307.415 45.662 4.425 215.916 215.055 500.349 199.281 917.149 321.437 178.346 954.686 727.753 663.814 220.203 938.769 1000000000.0 385.913 895.219 140.271 881.19 542.824 276.272 953.057 123.879 876.466 127.258 58.43 745.081 701.063 759.65 881.112 914.443 135.004 756.667 970.619 395.301 838.279 951.758 547.074 786.053 830.566 649.41 967.887 412.473 919.735 184.056 158.758
563.375 94.294 34.399 191.072 680.838 70.618 140.648 985.966 721.752 578.172 966.486 436.141 197.541 187.531 666.107 82.482 996.179 665.539 385.913 1000000000.0 880.942 195.821 456.835 249.024 410.482 456.256 624.029 819.371 40.666 98.539 579.065 55.955 36.893 803.024 41.409 880.09 284.848 458.085 772.233 63.364 305.448 467.887 534.679 758.571 555.284 404.818 307.285 317.982 765.552 245.93
234.969 994.424 703.602 608.509 244.732 252.516 239.043 280.32 872.095 869.071 396.824 518.09 721.489 326.904 81.945 629.89 228.145 192.948 895.219 880.942 1000000000.0 787.532 975.688 408.665 299.507 674.72 283.923 460.039 783.669 686.759 973.351 99.746 233.679 552.888 756.13 581.925 358.802 877.86 996.917 593.112 135.407 788.692 322.596 8.052 414.582 344.138 874.034 864.568 938.378 496.275
784.725 476.117 61.837 268.349 356.812 807.942 688.496 578.589 520.198 24.167 907.635 827.142 462.377 662.644 610.01 292.677 212.803 525.906 140.271 195.821 787.532 1000000000.0 527.743 520.359 149.103 820.254 967.069 39.571 926.031 904.506 379.685 348.86 154.799 89.506 58.707 227.534 495.492 704.187 579.842 639.76 273.944 571.055 319.35 741.104 210.268 308.994 574.828 483.792 946.924 951.032
405.738 468.699 955.3 225.702 543.595 867.025 164.393 734.292 346.887 182.914 204.65 961.984 69.784 943.4 300.383 824.781 636.977 704.194 881.19 456.835 975.688 527.743 1000000000.0 289.205 89.562 838.917 969.4 541.814 857.172 418.297 101.942 998.223 339.119 156.66 175.469 497.316 697.733 219.215 681.445 930.053 277.826 999.588 801.029 763.679 415.648 388.357 291.516 800.66 504.948 707.451
688.931 373.225 615.135 397.316 526.315 446.064 966.399 877.649 476.017 242.653 90.992 747.764 409.198 378.316 574.231 361.445 80.287 229.726 542.824 249.024 408.665 520.359 289.205 1000000000.0 708.938 242.879 588.486 804.422 935.342 527.581 143.419 418.04 406.752 933.42 850.811 11.794 543.546 692.961 383.997 388.963 630.588 254.274 880.876 416.663 414.583 638.337 522.931 428.741 671.959 572.493
596.252 856.264 112.748 94.542 132.992 932.835 835.802 753.805 651.511 482.745 400.988 233.634 425.794 139.413 547.884 130.743 669.093 782.927 276.272 410.482 299.507 149.103 89.562 708.938 1000000000.0 771.453 14.731 421.585 980.92 639.616 776.918 754.192 115.287 3.325 685.834 770.182 739.803 864.596 715.987 932.765 900.336 301.109 736.912 553.456 161.622 974.237 736.422 153.163 840.8 909.834
438.369 385.809 874.004 766.393 913.199 868.992 758.367 730.099 10.721 314.423 382.021 529.759 164.672 269.334 719.796 115.232 885.433 473.248 953.057 456.256 674.72 820.254 838.917 242.879 771.453 1000000000.0 853.052 267.363 904.021 77.084 667.475 815.792 560.677 963.404 859.406 402.164 322.906 405.719 891.064 54.371 20.169 784.25 840.317 306.175 652.483 751.943 783.986 76.444 435.897 37.807
807.741 466.11 349.908 685.17 964.914 763.504 79.007 513.593 614.124 290.846 92.408 356.848 601.875 179.972 564.8 285.633 876.246 605.835 123.879 624.029 283.923 967.069 969.4 588.486 14.731 853.052 1000000000.0 478.685 196.361 576.759 312.436 743.516 821.713 312.855 658.588 864.799 933.803 321.866 299.69 181.756 795.057 754.66 851.465 234.163 573.682 62.383 602.885 854.255 596.836 642.393
786.552 360.665 528.806 662.574 757.845 373.954 210.873 518.605 620.592 101.586 553.286 811.41 876.344 255.067 291.006 159.913 185.432 624.491 876.466 819.371 460.039 39.571 541.814 804.422 421.585 267.363 478.685 1000000000.0 45.695 382.635 377.214 779.621 428.668 385.554 904.448 744.952 110.143 852.219 799.091 913.784 828.028 204.961 938.623 155.617 193.967 642.559 236.228 631.111 967.059 537.625
101.683 721.629 428.071 111.171 88.836 716.406 532.242 132.016 347.909 127.71 961.165 76.634 716.831 34.773 422.134 275.461 116.599 826.058 127.258 40.666 783.669 926.031 857.172 935.342 980.92 904.021 196.361 45.695 1000000000.0 771.473 373.91 751.562 878.445 253.225 813.241 349.956 163.13 901.886 899.041 370.58 793.481 528.341 561.545 387.892 475.146 956.412 705.501 910.485 475.356 698.389
152.113 295.932 257.549 81.758 616.859 312.088 497.909 851.157 582.652 526.089 97.878 707.736 762.389 127.836 536.416 584.448 48.491 156.482 58.43 98.539 686.759 904.506 418.297 527.581 639.616 77.084 576.759 382.635 771.473 1000000000.0 432.213 6.758 251.527 479.193 479.372 936.09 966.148 241.559 10.016 676.117 73.701 112.802 865.558 873.074 666.052 481.897 921.824 517.385 774.775 138.24
132.236 864.678 280.982 226.257 721.523 369.679 633.28 212.708 613.041 193.791 668.679 637.079 194.158 276.46 278.51 511.6 944.645 34.246 745.081 579.065 973.351 379.685 101.942 143.419 776.918 667.475 312.436 377.214 373.91 432.213 1000000000.0 83.899 254.18 649.986 991.07 772.429 716.492 181.054 42.502 957.523 691.974 37.237 490.642 849.893 245.142 807.282 589.431 933.16 808.497 678.303
913.756 588.74 445.18 6.758 93.606 863.522 404.395 83.201 76.448 693.524 523.991 56.885 550.793 882.72 341.601 161.774 233.709 226.817 701.063 55.955 99.746 348.86 998.223 418.04 754.192 815.792 743.516 779.621 751.562 6.758 83.899 1000000000.0 678.361 410.315 414.52 516.901 635.207 187.216 609.533 25.524 906.606 99.501 832.357 249.48 777.339 776.556 174.619 849.877 457.536 473.724
432.034 465.715 180.589 522.475 948.278 296.539 284.515 971.285 678.267 529.246 795.664 63.482 845.692 245.055 345.943 960.587 822.054 779.923 759.65 36.893 233.679 154.799 339.119 406.752 115.287 560.677 821.713 428.668 878.445 251.527 254.18 678.361 1000000000.0 61.344 890.103 19.61 476.464 532.632 302.739 94.836 319.748 318.937 964.344 931.577 46.282 86.504 467.645 24.726 291.311 48.2
540.265 553.571 654.007 394.14 468.324 113.469 120.215 451.507 626.003 978.617 136.73 596.868 678.991 441.909 957.292 384.155 451.893 256.741 881.112 803.024 552.888 89.506 156.66 933.42 3.325 963.404 312.855 385.554 253.225 479.193 649.986 410.315 61.344 1000000000.0 438.007 465.643 947.211 118.382 766.287 296.271 715.579 744.391 223.389 556.217 466.264 717.003 476.296 395.776 530.196 784.887
244.485 419.607 863.344 282.083 915.465 740.723 720.997 981.522 810.696 43.569 761.272 609.021 989.055 838.357 712.67 215.498 957.848 861.57 914.443 41.409 756.13 58.707 175.469 850.811 685.834 859.406 658.588 904.448 813.241 479.372 991.07 414.52 890.103 438.007 1000000000.0 141.091 990.848 325.346 302.166 323.327 903.895 421.235 422.713 44.159 181.281 425.69 562.346 936.9 387.166 342.094
975.737 288.494 903.994 533.142 528.925 973.904 768.045 130.288 704.396 617.469 485.344 382.299 986.087 461.118 162.924 454.495 947.002 913.44 135.004 880.09 581.925 227.534 497.316 11.794 770.182 402.164 864.799 744.952 349.956 936.09 772.429 516.901 19.61 465.643 141.091 1000000000.0 988.835 724.17 886.182 209.112 839.423 987.139 194.439 309.136 210.933 385.143 701.949 587.403 980.338 739.325
727.568 260.181 973.795 527.761 589.592 209.056 833.9 752.026 809.211 579.481 323.675 799.981 747.466 864.205 174.008 895.501 346.932 931.034 756.667 284.848 358.802 495.492 697.733 543.546 739.803 322.906 933.803 110.143 163.13 966.148 716.492 635.207 476.464 947.211 990.848 988.835 1000000000.0 329.02 899.065 750.816 701.681 267.422 829.503 897.317 144.61 599.989 172.48 232.71 595.224 148.319
147.745 479.494 852.701 105.106 941.455 434.214 878.995 13.217 422.911 264.257 1.205 182.831 806.553 744.053 800.469 19.351 152.175 161.442 970.619 458.085 877.86 704.187 219.215 692.961 864.596 405.719 321.866 852.219 901.886 241.559 181.054 187.216 532.632 118.382 325.346 724.17 329.02 1000000000.0 153.208 832.021 891.145 385.02 72.424 217.036 980.168 210.447 31.92 18.183 295.254 56.178
436.736 496.117 224.437 725.565 32.866 675.185 425.873 320.695 83.593 110.004 112.413 506.386 510.2 480.258 181.617 986.831 985.804 814.79 395.301 772.233 996.917 579.842 681.445 383.997 715.987 891.064 299.69 799.091 899.041 10.016 42.502 609.533 302.739 766.287 302.166 886.182 899.065 153.208 1000000000.0 902.586 742.136 835.689 357.013 178.591 2.89 263.16 700.451 97.661 883.034 590.459
566.929 375.812 721.631 277.137 641.799 986.101 296.84 531.357 507.319 630.555 16.228 748.336 645.064 133.02 854.28 18.576 731.972 638.966 838.279 63.364 593.112 639.76 930.053 388.963 932.765 54.371 181.756 913.784 370.58 676.117 957.523 25.524 94.836 296.271 323.327 209.112 750.816 832.021 902.586 1000000000.0 475.318 828.712 846.215 192.401 688.715 778.212 289.369 342.811 546.008 308.067
884.08 52.254 788.592 456.204 256.518 55.548 595.56 125.427 753.67 927.636 1.419 735.702 164.052 542.545 454.036 729.157 58.521 988.442 951.758 305.448 135.407 273.944 277.826 630.588 900.336 20.169 795.057 828.028 793.481 73.701 691.974 906.606 319.748 715.579 903.895 839.423 701.681 891.145 742.136 475.318 1000000000.0 414.205 607.39 172.626 287.187 479.303 979.531 956.684 797.514 452.795
404.28 259.136 919.478 346.996 195.447 622.528 66.448 986.112 507.046 136.545 515.057 6.18 704.999 99.958 316.009 435.648 879.676 754.269 547.074 467.887 788.692 571.055 999.588 254.274 301.109 784.25 754.66 204.961 528.341 112.802 37.237 99.501 318.937 744.391 421.235 987.139 267.422 385.02 835.689 828.712 414.205 1000000000.0 775.026 143.726 627.492 515.518 994.064 246.1 565.486 829.568
322.133 694.975 127.69 500.034 120.782 257.122 982.859 311.827 104.077 531.212 688.343 178.533 175.248 599.872 997.043 644.011 640.182 718.209 786.053 534.679 322.596 319.35 801.029 880.876 736.912 840.317 851.465 938.623 561.545 865.558 490.642 832.357 964.344 223.389 422.713 194.439 829.503 72.424 357.013 846.215 607.39 775.026 1000000000.0 586.449 914.77 132.205 52.306 120.521 269.958 155.477
593.967 924.721 919.99 551.084 472.195 657.323 280.338 440.544 91.628 377.991 200.582 814.257 241.241 243.923 212.082 67.316 408.052 170.1 830.566 758.571 8.052 741.104 763.679 416.663 553.456 306.175 234.163 155.617 387.892 873.074 849.893 249.48 931.577 556.217 44.159 309.136 897.317 217.036 178.591 192.401 172.626 143.726 586.449 1000000000.0 144.063 758.885 655.827 511.577 601.012 670.93
809.721 658.843 282.068 599.478 303.643 528.473 551.252 695.159 542.236 241.089 248.133 961.18 539.912 979.755 963.176 964.118 214.135 2.62 649.41 555.284 414.582 210.268 415.648 414.583 161.622 652.483 573.682 193.967 475.146 666.052 245.142 777.339 46.282 466.264 181.281 210.933 144.61 980.168 2.89 688.715 287.187 627.492 914.77 144.063 1000000000.0 25.803 104.996 133.596 944.642 463.072
482.678 970.882 7.821 652.436 291.009 166.671 145.883 176.047 38.974 581.905 299.237 214.777 308.204 924.605 356.735 426.633 228.976 360.967 967.887 404.818 344.138 308.994 388.357 638.337 974.237 751.943 62.383 642.559 956.412 481.897 807.282 776.556 86.504 717.003 425.69 385.143 599.989 210.447 263.16 778.212 479.303 515.518 132.205 758.885 25.803 1000000000.0 106.642 753.038 421.269 444.814
800.503 591.21 171.396 610.683 315.697 436.848 494.132 226.932 927.198 408.169 981.664 476.381 489.587 923.416 529.621 441.086 746.424 89.657 412.473 307.285 874.034 574.828 291.516 522.931 736.422 783.986 602.885 236.228 705.501 921.824 589.431 174.619 467.645 476.296 562.346 701.949 172.48 31.92 700.451 289.369 979.531 994.064 52.306 655.827 104.996 106.642 1000000000.0 587.785 329.993 57.014
825.369 157.093 160.714 799.378 678.153 450.023 500.893 906.698 585.487 546.909 44.787 225.749 909.695 498.364 124.181 830.041 15.682 403.282 919.735 317.982 864.568 483.792 800.66 428.741 153.163 76.444 854.255 631.111 910.485 517.385 933.16 849.877 24.726 395.776 936.9 587.403 232.71 18.183 97.661 342.811 956.684 246.1 120.521 511.577 133.596 753.038 587.785 1000000000.0 363.692 228.41
183.029 300.557 904.33 459.437 54.915 804.1 453.639 445.35 585.931 300.944 706.486 479.31 351.323 203.303 87.958 59.778 422.346 604.136 184.056 765.552 938.378 946.924 504.948 671.959 840.8 435.897 596.836 967.059 475.356 774.775 808.497 457.536 291.311 530.196 387.166 980.338 595.224 295.254 883.034 546.008 797.514 565.486 269.958 601.012 944.642 421.269 329.993 363.692 1000000000.0 491.299
92.634 426.46 46.288 709.531 58.357 378.221 72.806 943.98 843.34 763.104 112.094 737.198 777.134 713.669 979.809 162.456 249.02 556.482 158.758 245.93 496.275 951.032 707.451 572.493 909.834 37.807 642.393 537.625 698.389 138.24 678.303 473.724 48.2 784.887 342.094 739.325 148.319 56.178 590.459 308.067 452.795 829.568 155.477 670.93 463.072 444.814 57.014 228.41 491.299 1000000000.0
