50
1000000000.0 831.402 257.969 699.981 959.993 54.921 616.522 96.748 543.439 711.183 958.396 549.476 123.508 315.662 806.151 411.942 190.889 689.06 273.317 818.942 441.35 550.474 888.781 778.31 720.326 201.656 517.535 945.804 163.055 19.682 79.361 752.65 741.086 538.717 605.907 724.069 139.066 484.314 681.987 333.714 16.098 207.93 27.665 768.093 661.367 72.496 323.014 981.289 18.082 518.64
831.402 1000000000.0 912.576 629.79 770.662 752.152 762.766 817.099 714.793 245.761 580.198 866.576 754.827 161.041 516.91 148.831 828.375 746.895 228.943 71.714 836.76 503.909 160.054 244.841 715.738 990.815 943.996 628.573 666.866 725.249 252.206 545.8 654.139 447.964 102.794 49.886 120.281 932.449 563.597 268.38 349.579 39.77 147.711 542.851 571.887 594.265 412.017 150.541 89.541 740.304
257.969 912.576 1000000000.0 56.169 317.335 9.903 712.481 152.76 912.685 987.154 822.231 268.834 598.737 348.075 918.944 316.582 951.409 815.604 755.234 782.34 169.615 827.912 144.057 761.26 552.775 970.46 668.807 528.446 787.098 648.196 915.605 249.892 853.177 358.222 812.174 592.426 175.361 288.614 598.869 400.14 421.314 934.786 964.798 695.356 195.162 510.978 605.248 113.907 250.931 125.8
699.981 629.79 56.169 1000000000.0 528.55 670.18 12.944 902.385 731.272 795.275 56.868 667.654 93.873 198.401 932.927 329.257 92.201 215.044 218.923 201.157 407.114 370.288 249.692 552.061 79.426 547.287 771.843 432.437 751.185 454.449 42.071 647.463 304.961 52.46 695.754 822.974 479.939 813.481 897.734 680.517 996.216 727.542 195.652 269.09 531.156 985.016 574.811 770.643 485.649 47.44
959.993 770.662 317.335 528.55 1000000000.0 294.933 853.974 821.327 732.32 910.586 274.372 38.803 802.951 534.49 809.673 900.571 495.923 246.313 470.855 245.505 917.691 125.523 725.072 143.326 805.774 356.135 563.363 644.93 748.918 622.961 206.31 531.547 163.555 78.607 595.741 901.013 548.256 905.45 926.512 821.545 748.568 632.438 645.522 209.742 560.269 190.998 47.222 936.06 648.13 816.271
54.921 752.152 9.903 670.18 294.933 1000000000.0 949.019 216.426 405.949 467.982 112.011 481.497 812.705 496.838 521.971 616.831 38.542 115.198 639.583 20.942 323.093 289.84 552.808 417.901 701.612 350.312 101.603 218.597 443.009 194.507 515.013 885.291 926.278 876.905 220.754 4.822 493.929 160.499 160.313 458.335 709.58 664.649 660.618 278.173 862.691 773.15 580.587 475.352 103.877 361.173
616.522 762.766 712.481 12.944 853.974 949.019 1000000000.0 757.604 82.305 690.083 878.803 60.29 781.746 761.461 531.451 160.265 803.81 483.092 208.156 131.35 499.991 460.878 29.728 610.044 809.249 663.896 679.194 785.68 239.367 949.099 670.565 373.402 484.201 712.362 358.934 797.666 344.555 728.383 531.666 286.679 70.967 330.338 549.56 956.31 251.577 429.68 116.373 909.997 441.016 386.317
96.748 817.099 152.76 902.385 821.327 216.426 757.604 1000000000.0 315.864 98.065 576.428 406.32 650.89 597.307 874.196 612.755 554.478 871.363 945.474 697.547 867.225 520.045 453.366 935.069 824.983 751.729 685.482 965.255 801.77 191.67 974.673 95.867 73.755 587.366 690.771 792.598 93.8 249.431 508.803 29.792 995.115 145.555 776.291 690.862 836.643 26.764 997.964 758.732 756.223 735.723
543.439 714.793 912.685 731.272 732.32 405.949 82.305 315.864 1000000000.0 116.563 767.515 78.896 448.826 997.565 734.453 636.385 826.033 40.181 449.876 508.563 106.849 475.802 273.579 506.313 314.95 759.372 976.311 557.399 874.453 458.95 680.31 641.451 897.931 842.434 829.784 821.099 668.043 960.782 765.147 885.188 172.308 899.628 166.276 185.446 236.292 470.989 614.456 600.308 804.992 344.354
711.183 245.761 987.154 795.275 910.586 467.982 690.083 98.065 116.563 1000000000.0 11.176 3.763 883.682 298.26 616.011 797.802 640.825 966.338 342.97 433.251 416.062 709.217 148.882 267.25 906.922 52.182 643.653 166.784 665.613 396.796 186.352 834.945 406.51 332.477 567.422 201.832 54.581 359.944 304.679 163.589 754.252 543.733 870.533 395.906 550.231 658.015 256.758 704.66 819.445 949.786
958.396 580.198 822.231 56.868 274.372 112.011 878.803 576.428 767.515 11.176 1000000000.0 357.006 636.939 112.267 916.181 846.172 259.392 384.701 121.828 784.928 475.61 176.011 835.167 157.709 175.302 152.487 344.364 200.926 697.727 925.518 670.531 224.556 147.047 355.874 465.411 716.857 875.412 257.092 136.134 404.703 335.334 28.485 834.427 557.847 738.837 976.445 9.052 239.836 241.933 370.466
549.476 866.576 268.834 667.654 38.803 481.497 60.29 406.32 78.896 3.763 357.006 1000000000.0 710.573 917.73 606.122 829.166 44.152 669.576 785.023 983.365 323.969 54.936 321.808 677.647 185.154 513.757 478.61 116.582 697.553 371.35 251.311 239.603 774.218 928.124 308.664 562.038 785.91 85.569 123.496 182.151 605.365 621.997 547.291 11.31 742.589 933.494 926.921 931.445 636.431 54.992
123.508 754.827 598.737 93.873 802.951 812.705 781.746 650.89 448.826 883.682 636.939 710.573 1000000000.0 349.498 963.62 926.732 673.963 516.21 849.566 625.839 617.449 85.573 212.158 403.165 706.725 13.448 551.126 566.317 242.485 897.962 992.456 792.701 970.848 373.376 746.872 949.849 9.792 418.012 109.872 997.281 970.964 816.702 558.644 161.246 14.224 542.896 383.264 141.228 15.557 5.97
315.662 161.041 348.075 198.401 534.49 496.838 761.461 597.307 997.565 298.26 112.267 917.73 349.498 1000000000.0 595.74 85.647 274.508 724.569 330.084 485.658 866.282 817.266 862.12 842.795 884.748 407.132 397.639 168.4 592.776 904.866 861.284 221.981 652.395 348.109 589.674 127.823 774.769 948.034 6.497 901.688 232.811 11.432 372.357 722.077 78.806 11.155 331.803 197.54 305.462 218.033
806.151 516.91 918.944 932.927 809.673 521.971 531.451 874.196 734.453 616.011 916.181 606.122 963.62 595.74 1000000000.0 522.952 40.391 247.147 288.113 177.37 285.198 55.198 231.113 217.254 690.287 549.022 399.804 512.103 575.338 894.004 663.18 604.028 415.901 584.028 427.455 884.131 898.477 196.242 465.138 571.16 291.757 693.708 789.41 215.315 621.412 960.036 649.939 124.271 66.574 283.415
411.942 148.831 316.582 329.257 900.571 616.831 160.265 612.755 636.385 797.802 846.172 829.166 926.732 85.647 522.952 1000000000.0 195.0 151.291 89.816 452.97 613.232 617.589 680.823 729.185 403.082 999.792 467.944 975.822 847.058 873.309 728.926 670.293 379.198 720.047 244.254 398.034 225.854 483.32 292.564 77.479 845.058 881.384 918.795 183.379 511.027 960.873 38.281 631.985 722.751 461.305
190.889 828.375 951.409 92.201 495.923 38.542 803.81 554.478 826.033 640.825 259.392 44.152 673.963 274.508 40.391 195.0 1000000000.0 496.51 883.286 581.812 510.77 869.602 601.79 367.524 820.698 802.476 114.161 203.821 44.574 886.84 995.85 802.789 294.726 424.988 235.97 424.802 742.682 387.779 483.357 403.769 381.585 188.895 101.458 542.097 998.901 71.84 375.964 950.531 998.692 557.985
689.06 746.895 815.604 215.044 246.313 115.198 483.092 871.363 40.181 966.338 384.701 669.576 516.21 724.569 247.147 151.291 496.51 1000000000.0 541.912 736.196 244.43 894.492 425.818 957.514 294.144 312.185 479.516 868.696 245.278 270.277 630.772 42.585 194.046 494.05 237.554 544.436 421.502 336.503 281.166 265.069 106.058 601.808 700.834 115.697 997.316 42.466 779.624 435.824 367.065 876.005
273.317 228.943 755.234 218.923 470.855 639.583 208.156 945.474 449.876 342.97 121.828 785.023 849.566 330.084 288.113 89.816 883.286 541.912 1000000000.0 784.64 109.499 329.762 372.071 481.097 584.364 447.736 448.416 240.399 308.03 186.602 156.457 899.707 605.908 73.746 232.654 118.228 584.456 92.329 769.742 148.207 75.176 953.294 328.924 120.66 975.945 635.392 313.564 155.973 571.449 802.187
818.942 71.714 782.34 201.157 245.505 20.942 131.35 697.547 508.563 433.251 784.928 983.365 625.839 485.658 177.37 452.97 581.812 736.196 784.64 1000000000.0 388.547 558.852 232.607 277.521 231.257 471.841 426.725 968.977 577.755 712.598 932.576 884.162 53.565 44.817 334.774 35.657 287.25 25.363 919.068 421.288 829.667 328.573 910.522 242.058 428.514 896.018 667.472 114.366 761.392 999.622
441.35 836.76 169.615 407.114 917.691 323.093 499.991 867.225 106.849 416.062 475.61 323.969 617.449 866.282 285.198 613.232 510.77 244.43 109.499 388.547 1000000000.0 633.22 502.046 38.656 588.368 6.907 643.404 802.5 391.994 100.849 903.487 682.323 697.193 14.037 295.982 495.347 680.618 41.702 135.392 196.045 641.48 802.833 392.595 493.409 439.706 628.616 215.893 475.071 646.438 547.659
550.474 503.909 827.912 370.288 125.523 289.84 460.878 520.045 475.802 709.217 176.011 54.936 85.573 817.266 55.198 617.589 869.602 894.492 329.762 558.852 633.22 1000000000.0 14.527 328.791 625.088 754.664 701.237 836.036 321.384 139.948 36.699 468.027 322.467 431.805 331.214 108.869 540.512 205.269 687.558 945.597 436.546 805.204 252.252 697.377 294.735 868.698 238.507 849.229 645.403 7.537
888.781 160.054 144.057 249.692 725.072 552.808 29.728 453.366 273.579 148.882 835.167 321.808 212.158 862.12 231.113 680.823 601.79 425.818 372.071 232.607 502.046 14.527 1000000000.0 979.032 869.404 319.278 809.787 213.515 1.168 658.757 962.131 190.703 219.704 517.836 665.916 104.991 896.158 683.899 954.426 130.076 855.907 252.123 775.306 389.972 754.531 421.591 602.224 909.382 72.635 847.619
778.31 244.841 761.26 552.061 143.326 417.901 610.044 935.069 506.313 267.25 157.709 677.647 403.165 842.795 217.254 729.185 367.524 957.514 481.097 277.521 38.656 328.791 979.032 1000000000.0 309.297 66.745 437.373 993.99 25.578 707.15 953.206 355.953 534.707 248.804 408.441 984.736 208.02 427.477 23.628 195.986 851.581 345.588 724.839 46.232 122.582 461.222 290.638 21.458 620.344 526.49
720.326 715.738 552.775 79.426 805.774 701.612 809.249 824.983 314.95 906.922 175.302 185.154 706.725 884.748 690.287 403.082 820.698 294.144 584.364 231.257 588.368 625.088 869.404 309.297 1000000000.0 469.669 713.579 735.155 585.076 32.586 139.935 701.428 357.11 431.579 770.82 296.431 75.903 473.222 795.889 999.114 763.679 986.093 628.692 817.252 416.869 754.775 862.319 782.973 942.861 223.536
201.656 990.815 970.46 547.287 356.135 350.312 663.896 751.729 759.372 52.182 152.487 513.757 13.448 407.132 549.022 999.792 802.476 312.185 447.736 471.841 6.907 754.664 319.278 66.745 469.669 1000000000.0 655.637 695.478 457.304 374.327 422.627 658.971 940.609 266.149 655.14 269.86 781.768 564.9 828.247 740.841 285.164 307.902 776.579 563.548 905.446 954.1 573.303 949.143 923.765 875.324
517.535 943.996 668.807 771.843 563.363 101.603 679.194 685.482 976.311 643.653 344.364 478.61 551.126 397.639 399.804 467.944 114.161 479.516 448.416 426.725 643.404 701.237 809.787 437.373 713.579 655.637 1000000000.0 214.229 969.933 2.711 26.002 334.55 946.331 953.81 631.152 583.341 455.536 653.652 759.61 295.721 615.786 956.481 569.042 377.52 289.226 49.223 634.338 79.786 635.639 791.885
945.804 628.573 528.446 432.437 644.93 218.597 785.68 965.255 557.399 166.784 200.926 116.582 566.317 168.4 512.103 975.822 203.821 868.696 240.399 968.977 802.5 836.036 213.515 993.99 735.155 695.478 214.229 1000000000.0 94.699 717.169 928.918 102.185 227.907 257.876 634.967 461.184 760.046 914.13 956.402 559.487 707.653 101.369 928.681 320.716 858.511 100.454 200.735 445.458 923.854 911.394
163.055 666.866 787.098 751.185 748.918 443.009 239.367 801.77 874.453 665.613 697.727 697.553 242.485 592.776 575.338 847.058 44.574 245.278 308.03 577.755 391.994 321.384 1.168 25.578 585.076 457.304 969.933 94.699 1000000000.0 910.369 72.807 348.123 117.507 258.323 44.416 550.04 886.381 692.169 768.04 645.527 542.072 382.087 617.822 910.982 580.801 142.499 219.65 28.782 184.58 355.461
19.682 725.249 648.196 454.449 622.961 194.507 949.099 191.67 458.95 396.796 925.518 371.35 897.962 904.866 894.004 873.309 886.84 270.277 186.602 712.598 100.849 139.948 658.757 707.15 32.586 374.327 2.711 717.169 910.369 1000000000.0 113.437 73.091 650.571 421.703 890.466 805.928 929.86 148.524 803.259 541.53 879.082 423.703 776.733 438.604 724.123 710.734 266.692 52.386 24.233 703.057
79.361 252.206 915.605 42.071 206.31 515.013 670.565 974.673 680.31 186.352 670.531 251.311 992.456 861.284 663.18 728.926 995.85 630.772 156.457 932.576 903.487 36.699 962.131 953.206 139.935 422.627 26.002 928.918 72.807 113.437 1000000000.0 545.232 925.199 704.18 567.046 348.122 91.566 369.989 334.326 440.207 404.397 796.188 500.298 626.486 667.114 535.889 665.343 199.467 354.302 612.124
752.65 545.8 249.892 647.463 531.547 885.291 373.402 95.867 641.451 834.945 224.556 239.603 792.701 221.981 604.028 670.293 802.789 42.585 899.707 884.162 682.323 468.027 190.703 355.953 701.428 658.971 334.55 102.185 348.123 73.091 545.232 1000000000.0 216.944 966.973 742.913 732.003 840.931 460.865 975.331 799.315 261.851 561.006 880.056 58.192 516.281 369.706 803.448 94.041 580.696 920.595
741.086 654.139 853.177 304.961 163.555 926.278 484.201 73.755 897.931 406.51 147.047 774.218 970.848 652.395 415.901 379.198 294.726 194.046 605.908 53.565 697.193 322.467 219.704 534.707 357.11 940.609 946.331 227.907 117.507 650.571 925.199 216.944 1000000000.0 521.203 551.707 727.124 956.873 547.104 38.881 349.597 452.843 43.9 322.929 216.698 864.469 937.068 368.102 812.5 807.91 489.915
538.717 447.964 358.222 52.46 78.607 876.905 712.362 587.366 842.434 332.477 355.874 928.124 373.376 348.109 584.028 720.047 424.988 494.05 73.746 44.817 14.037 431.805 517.836 248.804 431.579 266.149 953.81 257.876 258.323 421.703 704.18 966.973 521.203 1000000000.0 102.381 885.814 511.663 573.741 741.513 360.297 68.81 354.979 332.782 741.197 964.701 344.671 927.688 729.269 562.712 228.937
605.907 102.794 812.174 695.754 595.741 220.754 358.934 690.771 829.784 567.422 465.411 308.664 746.872 589.674 427.455 244.254 235.97 237.554 232.654 334.774 295.982 331.214 665.916 408.441 770.82 655.14 631.152 634.967 44.416 890.466 567.046 742.913 551.707 102.381 1000000000.0 233.791 6.138 92.158 799.058 771.57 81.461 370.799 310.417 239.441 176.981 696.631 825.741 578.18 889.286 31.991
724.069 49.886 592.426 822.974 901.013 4.822 797.666 792.598 821.099 201.832 716.857 562.038 949.849 127.823 884.131 398.034 424.802 544.436 118.228 35.657 495.347 108.869 104.991 984.736 296.431 269.86 583.341 461.184 550.04 805.928 348.122 732.003 727.124 885.814 233.791 1000000000.0 520.134 104.318 412.568 910.335 926.402 789.53 978.682 307.771 475.425 94.009 519.126 568.81 239.579 326.288
139.066 120.281 175.361 479.939 548.256 493.929 344.555 93.8 668.043 54.581 875.412 785.91 9.792 774.769 898.477 225.854 742.682 421.502 584.456 287.25 680.618 540.512 896.158 208.02 75.903 781.768 455.536 760.046 886.381 929.86 91.566 840.931 956.873 511.663 6.138 520.134 1000000000.0 733.422 568.32 898.225 326.908 421.698 847.64 439.986 858.869 46.242 183.737 866.544 769.333 921.059
484.314 932.449 288.614 813.481 905.45 160.499 728.383 249.431 960.782 359.944 257.092 85.569 418.012 948.034 196.242 483.32 387.779 336.503 92.329 25.363 41.702 205.269 683.899 427.477 473.222 564.9 653.652 914.13 692.169 148.524 369.989 460.865 547.104 573.741 92.158 104.318 733.422 1000000000.0 458.522 554.287 918.624 139.518 378.729 584.502 48.899 443.257 891.45 435.454 450.295 737.912
681.987 563.597 598.869 897.734 926.512 160.313 531.666 508.803 765.147 304.679 136.134 123.496 109.872 6.497 465.138 292.564 483.357 281.166 769.742 919.068 135.392 687.558 954.426 23.628 795.889 828.247 759.61 956.402 768.04 803.259 334.326 975.331 38.881 741.513 799.058 412.568 568.32 458.522 1000000000.0 370.938 19.315 88.18 375.209 498.429 992.632 144.414 229.0 559.462 89.157 404.684
333.714 268.38 400.14 680.517 821.545 458.335 286.679 29.792 885.188 163.589 404.703 182.151 997.281 901.688 571.16 77.479 403.769 265.069 148.207 421.288 196.045 945.597 130.076 195.986 999.114 740.841 295.721 559.487 645.527 541.53 440.207 799.315 349.597 360.297 771.57 910.335 898.225 554.287 370.938 1000000000.0 727.732 658.459 25.156 955.526 710.922 122.497 265.461 594.05 148.991 666.35
16.098 349.579 421.314 996.216 748.568 709.58 70.967 995.115 172.308 754.252 335.334 605.365 970.964 232.811 291.757 845.058 381.585 106.058 75.176 829.667 641.48 436.546 855.907 851.581 763.679 285.164 615.786 707.653 542.072 879.082 404.397 261.851 452.843 68.81 81.461 926.402 326.908 918.624 19.315 727.732 1000000000.0 585.208 745.422 264.42 570.131 557.303 211.377 783.989 771.511 716.443
207.93 39.77 934.786 727.542 632.438 664.649 330.338 145.555 899.628 543.733 28.485 621.997 816.702 11.432 693.708 881.384 188.895 601.808 953.294 328.573 802.833 805.204 252.123 345.588 986.093 307.902 956.481 101.369 382.087 423.703 796.188 561.006 43.9 354.979 370.799 789.53 421.698 139.518 88.18 658.459 585.208 1000000000.0 28.245 707.743 158.642 555.422 110.022 372.291 882.829 172.779
27.665 147.711 964.798 195.652 645.522 660.618 549.56 776.291 166.276 870.533 834.427 547.291 558.644 372.357 789.41 918.795 101.458 700.834 328.924 910.522 392.595 252.252 775.306 724.839 628.692 776.579 569.042 928.681 617.822 776.733 500.298 880.056 322.929 332.782 310.417 978.682 847.64 378.729 375.209 25.156 745.422 28.245 1000000000.0 244.576 237.59 847.085 810.761 323.243 277.031 32.635
768.093 542.851 695.356 269.09 209.742 278.173 956.31 690.862 185.446 395.906 557.847 11.31 161.246 722.077 215.315 183.379 542.097 115.697 120.66 242.058 493.409 697.377 389.972 46.232 817.252 563.548 377.52 320.716 910.982 438.604 626.486 58.192 216.698 741.197 239.441 307.771 439.986 584.502 498.429 955.526 264.42 707.743 244.576 1000000000.0 134.082 115.996 94.407 737.701 535.355 925.531
661.367 571.887 195.162 531.156 560.269 862.691 251.577 836.643 236.292 550.231 738.837 742.589 14.224 78.806 621.412 511.027 998.901 997.316 975.945 428.514 439.706 294.735 754.531 122.582 416.869 905.446 289.226 858.511 580.801 724.123 667.114 516.281 864.469 964.701 176.981 475.425 858.869 48.899 992.632 710.922 570.131 158.642 237.59 134.082 1000000000.0 497.925 144.137 598.009 578.285 58.978
72.496 594.265 510.978 985.016 190.998 773.15 429.68 26.764 470.989 658.015 976.445 933.494 542.896 11.155 960.036 960.873 71.84 42.466 635.392 896.018 628.616 868.698 421.591 461.222 754.775 954.1 49.223 100.454 142.499 710.734 535.889 369.706 937.068 344.671 696.631 94.009 46.242 443.257 144.414 122.497 557.303 555.422 847.085 115.996 497.925 1000000000.0 345.885 200.521 780.881 327.914
323.014 412.017 605.248 574.811 47.222 580.587 116.373 997.964 614.456 256.758 9.052 926.921 383.264 331.803 649.939 38.281 375.964 779.624 313.564 667.472 215.893 238.507 602.224 290.638 862.319 573.303 634.338 200.735 219.65 266.692 665.343 803.448 368.102 927.688 825.741 519.126 183.737 891.45 229.0 265.461 211.377 110.022 810.761 94.407 144.137 345.885 1000000000.0 618.313 30.981 982.068
981.289 150.541 113.907 770.643 936.06 475.352 909.997 758.732 600.308 704.66 239.836 931.445 141.228 197.54 124.271 631.985 950.531 435.824 155.973 114.366 475.071 849.229 909.382 21.458 782.973 949.143 79.786 445.458 28.782 52.386 199.467 94.041 812.5 729.269 578.18 568.81 866.544 435.454 559.462 594.05 783.989 372.291 323.243 737.701 598.009 200.521 618.313 1000000000.0 410.982 965.486
18.082 89.541 250.931 485.649 648.13 103.877 441.016 756.223 804.992 819.445 241.933 636.431 15.557 305.462 66.574 722.751 998.692 367.065 571.449 761.392 646.438 645.403 72.635 620.344 942.861 923.765 635.639 923.854 184.58 24.233 354.302 580.696 807.91 562.712 889.286 239.579 769.333 450.295 89.157 148.991 771.511 882.829 277.031 535.355 578.285 780.881 30.981 410.982 1000000000.0 554.921
518.64 740.304 125.8 47.44 816.271 361.173 386.317 735.723 344.354 949.786 370.466 54.992 5.97 218.033 283.415 461.305 557.985 876.005 802.187 999.622 547.659 7.537 847.619 526.49 223.536 875.324 791.885 911.394 355.461 703.057 612.124 920.595 489.915 228.937 31.991 326.288 921.059 737.912 404.684 666.35 716.443 172.779 32.635 925.531 58.978 327.914 982.068 965.486 554.921 1000000000.0
