50
1000000000.0 701.244 830.282 711.723 740.269 283.64 640.277 222.407 780.847 472.147 294.577 394.115 733.988 130.337 141.115 381.735 344.299 725.876 854.423 669.047 976.141 224.482 141.632 286.259 736.23 86.378 16.806 137.574 90.992 433.521 60.533 595.095 451.884 664.948 382.423 30.31 564.359 287.886 518.829 437.532 922.935 257.879 567.976 853.293 565.741 806.438 502.17 27.639 171.142 980.38
701.244 1000000000.0 276.555 873.036 653.673 91.483 390.392 556.508 217.023 263.893 805.871 669.264 762.477 964.586 691.494 608.702 972.616 58.09 378.696 955.003 295.678 762.339 560.508 296.976 989.101 744.424 737.247 600.397 363.68 574.731 774.225 336.935 829.18 772.673 26.133 736.966 981.554 611.629 789.648 558.525 268.002 216.89 284.289 45.177 465.41 249.719 123.154 434.427 685.209 32.644
830.282 276.555 1000000000.0 952.981 596.661 140.539 958.97 890.301 856.016 768.694 263.379 339.323 119.997 683.652 920.783 911.924 142.283 547.263 231.575 217.572 828.231 432.165 382.681 416.922 538.095 60.948 627.725 408.184 247.128 919.666 804.8 751.492 863.543 512.722 741.155 485.568 947.148 801.402 296.411 53.173 269.027 711.286 776.522 633.335 12.251 246.611 397.207 398.344 782.465 164.252
711.723 873.036 952.981 1000000000.0 848.61 202.948 585.821 634.259 206.702 752.019 647.057 419.142 998.277 357.601 947.148 622.996 384.01 782.151 961.0 309.679 293.277 770.853 785.135 352.088 584.067 276.134 600.361 671.55 495.39 727.553 223.108 99.585 509.66 944.372 164.017 142.628 500.859 996.977 96.419 445.89 670.064 358.743 477.427 1.964 174.799 158.192 980.535 940.272 167.685 306.724
740.269 653.673 596.661 848.61 1000000000.0 140.878 642.262 870.377 349.933 590.886 90.559 479.264 911.882 612.37 809.726 93.119 215.434 171.503 549.097 182.104 366.33 873.517 451.611 443.821 434.071 287.249 579.399 612.924 869.722 596.114 373.392 59.479 720.905 343.666 30.269 856.958 221.649 563.709 170.445 93.054 755.979 816.341 866.265 836.347 596.898 840.055 739.427 265.262 915.425 203.256
283.64 91.483 140.539 202.948 140.878 1000000000.0 885.028 139.334 72.663 328.589 231.627 183.058 330.786 414.399 48.183 414.655 983.073 674.938 116.981 547.186 187.094 311.894 425.903 417.622 770.873 957.845 263.475 121.645 204.25 53.341 3.202 593.883 571.935 159.657 746.922 316.947 711.424 825.129 917.943 714.961 60.751 126.357 379.652 527.409 496.931 778.733 894.968 266.133 411.349 28.848
640.277 390.392 958.97 585.821 642.262 885.028 1000000000.0 718.558 425.514 601.535 893.191 296.445 438.265 485.656 472.125 61.085 797.48 20.052 411.105 995.153 652.994 939.869 496.09 798.301 922.819 711.738 650.297 19.688 244.085 842.325 111.778 233.353 117.976 838.873 500.227 119.312 361.833 930.816 209.534 850.176 644.598 667.839 362.059 227.81 445.863 590.861 376.115 47.368 844.696 753.363
222.407 556.508 890.301 634.259 870.377 139.334 718.558 1000000000.0 697.083 112.604 867.547 135.332 559.11 612.028 152.886 110.867 491.079 665.384 492.817 31.33 236.119 925.507 251.727 889.94 412.461 669.959 82.329 333.283 188.425 490.037 740.137 253.498 820.304 784.111 868.34 423.539 44.898 250.662 817.936 73.175 604.929 930.259 130.995 553.233 972.722 328.074 468.821 146.802 83.297 616.37
780.847 217.023 856.016 206.702 349.933 72.663 425.514 697.083 1000000000.0 843.911 904.781 316.159 141.841 979.937 518.8 521.863 777.291 519.335 937.952 388.032 34.833 434.053 149.294 538.109 558.077 909.747 161.009 803.203 228.967 340.331 660.181 389.996 336.239 297.077 329.156 204.61 709.799 424.812 478.779 895.138 529.257 707.672 727.298 660.236 316.291 530.119 309.507 71.261 4.6 521.419
472.147 263.893 768.694 752.019 590.886 328.589 601.535 112.604 843.911 1000000000.0 614.229 843.633 493.186 893.427 854.677 783.685 283.557 157.318 401.053 964.172 930.462 37.648 584.957 686.994 873.598 4.983 229.293 153.404 823.055 110.121 295.012 468.535 330.69 536.942 593.496 555.705 125.662 56.365 185.601 904.218 494.953 70.602 345.117 281.352 438.041 707.818 809.278 220.848 970.841 806.125
294.577 805.871 263.379 647.057 90.559 231.627 893.191 867.547 904.781 614.229 1000000000.0 742.633 505.669 524.063 328.331 845.715 493.3 622.34 192.39 517.663 372.93 144.441 414.098 368.678 585.107 788.261 402.184 43.136 790.367 618.674 551.976 421.095 213.209 632.133 934.824 971.64 611.474 779.963 292.877 710.941 547.537 981.495 303.849 363.334 18.929 480.289 241.403 523.555 729.22 541.44
394.115 669.264 339.323 419.142 479.264 183.058 296.445 135.332 316.159 843.633 742.633 1000000000.0 341.96 119.604 326.146 892.792 947.322 303.173 786.605 708.892 266.59 861.32 425.545 83.227 272.39 430.041 114.932 582.829 425.299 936.584 966.262 364.688 25.072 193.019 477.694 639.186 39.722 539.931 661.878 601.103 166.033 573.261 471.026 166.269 586.826 31.17 77.569 713.656 37.549 948.758
733.988 762.477 119.997 998.277 911.882 330.786 438.265 559.11 141.841 493.186 505.669 341.96 1000000000.0 915.6 121.612 106.005 733.452 277.973 794.333 444.252 943.099 204.345 114.046 766.066 741.388 47.486 851.924 710.583 891.943 160.451 172.846 763.042 69.567 709.165 71.754 27.601 660.146 515.023 413.989 962.931 419.514 765.801 754.706 79.845 184.319 94.751 170.146 992.265 622.739 690.228
130.337 964.586 683.652 357.601 612.37 414.399 485.656 612.028 979.937 893.427 524.063 119.604 915.6 1000000000.0 216.476 384.712 874.317 75.161 689.099 81.002 468.496 123.289 320.096 808.542 829.025 694.435 609.837 523.099 197.617 609.813 502.219 771.313 140.715 520.098 889.056 838.803 963.348 168.072 409.131 981.832 489.445 696.249 829.302 290.331 721.877 65.746 228.998 166.627 220.108 66.517
141.115 691.494 920.783 947.148 809.726 48.183 472.125 152.886 518.8 854.677 328.331 326.146 121.612 216.476 1000000000.0 81.199 884.392 428.615 780.369 271.533 574.003 778.64 127.851 361.581 655.057 472.324 306.753 768.852 671.338 185.135 889.021 126.791 850.755 74.853 410.195 912.809 695.759 529.123 200.624 957.23 486.531 341.365 24.974 417.563 294.459 367.222 765.644 652.085 865.691 665.015
381.735 608.702 911.924 622.996 93.119 414.655 61.085 110.867 521.863 783.685 845.715 892.792 106.005 384.712 81.199 1000000000.0 451.369 478.406 358.567 369.868 688.427 265.89 249.588 619.187 184.594 7.847 469.58 763.515 469.719 253.198 867.353 932.202 227.45 56.49 122.003 981.043 249.25 715.593 436.968 754.199 976.428 268.655 780.204 424.538 634.307 711.747 617.118 568.054 434.381 241.212
344.299 972.616 142.283 384.01 215.434 983.073 797.48 491.079 777.291 283.557 493.3 947.322 733.452 874.317 884.392 451.369 1000000000.0 320.976 820.959 253.734 57.428 337.937 914.509 214.745 401.757 85.865 17.006 770.063 840.697 669.899 571.15 305.94 383.109 486.22 521.629 560.919 724.888 623.51 771.456 483.631 789.094 165.748 543.724 999.103 595.546 759.276 985.766 3.147 760.145 539.736
725.876 58.09 547.263 782.151 171.503 674.938 20.052 665.384 519.335 157.318 622.34 303.173 277.973 75.161 428.615 478.406 320.976 1000000000.0 180.016 252.035 257.986 60.32 36.158 327.699 521.593 296.074 603.336 782.627 646.506 84.976 385.412 702.158 661.884 689.658 137.407 594.697 488.983 953.918 771.2 437.71 925.162 155.494 769.155 587.979 193.986 61.627 239.432 6.193 1.164 304.819
854.423 378.696 231.575 961.0 549.097 116.981 411.105 492.817 937.952 401.053 192.39 786.605 794.333 689.099 780.369 358.567 820.959 180.016 1000000000.0 831.656 968.147 328.206 967.059 400.243 287.618 419.476 800.641 457.295 560.364 164.397 816.94 378.784 893.778 347.2 246.159 607.269 207.387 918.804 897.407 983.785 580.273 444.938 971.852 241.834 710.24 678.711 407.231 118.242 654.988 366.344
669.047 955.003 217.572 309.679 182.104 547.186 995.153 31.33 388.032 964.172 517.663 708.892 444.252 81.002 271.533 369.868 253.734 252.035 831.656 1000000000.0 89.098 775.016 569.961 229.101 736.756 732.961 226.223 332.34 71.761 863.558 245.491 86.075 280.866 401.162 964.227 86.793 518.121 796.995 189.986 657.918 812.559 93.777 708.955 55.318 125.78 576.413 157.089 442.236 11.124 943.606
976.141 295.678 828.231 293.277 366.33 187.094 652.994 236.119 34.833 930.462 372.93 266.59 943.099 468.496 574.003 688.427 57.428 257.986 968.147 89.098 1000000000.0 242.884 413.268 885.172 125.493 298.065 802.31 604.452 133.845 831.82 207.985 619.66 651.101 158.343 74.097 891.757 316.943 596.199 37.024 797.01 893.617 896.839 685.497 290.375 643.25 594.394 486.037 540.459 51.433 279.813
224.482 762.339 432.165 770.853 873.517 311.894 939.869 925.507 434.053 37.648 144.441 861.32 204.345 123.289 778.64 265.89 337.937 60.32 328.206 775.016 242.884 1000000000.0 650.709 242.732 141.519 794.407 122.629 621.207 300.843 328.076 240.901 143.101 577.804 39.396 734.054 405.885 502.047 301.877 307.997 547.394 642.114 351.353 558.697 772.117 286.83 884.708 336.814 768.364 107.789 654.098
141.632 560.508 382.681 785.135 451.611 425.903 496.09 251.727 149.294 584.957 414.098 425.545 114.046 320.096 127.851 249.588 914.509 36.158 967.059 569.961 413.268 650.709 1000000000.0 891.025 200.939 596.369 977.56 172.663 877.262 769.578 593.89 499.897 484.31 292.883 80.803 917.039 416.222 349.539 302.194 171.876 594.827 64.431 228.692 888.195 658.238 785.944 233.181 574.466 791.996 33.394
286.259 296.976 416.922 352.088 443.821 417.622 798.301 889.94 538.109 686.994 368.678 83.227 766.066 808.542 361.581 619.187 214.745 327.699 400.243 229.101 885.172 242.732 891.025 1000000000.0 561.12 209.868 707.179 217.48 725.495 7.948 77.528 685.302 522.758 421.4 961.269 137.927 230.335 605.908 451.711 457.944 612.514 885.589 560.246 613.186 55.189 219.616 202.725 238.416 931.199 912.81
736.23 989.101 538.095 584.067 434.071 770.873 922.819 412.461 558.077 873.598 585.107 272.39 741.388 829.025 655.057 184.594 401.757 521.593 287.618 736.756 125.493 141.519 200.939 561.12 1000000000.0 230.186 752.448 772.494 481.245 889.202 301.745 200.603 725.411 368.497 595.775 496.749 249.992 962.668 283.217 106.479 252.588 171.475 435.935 186.762 421.353 48.42 454.612 414.076 969.069 592.43
86.378 744.424 60.948 276.134 287.249 957.845 711.738 669.959 909.747 4.983 788.261 430.041 47.486 694.435 472.324 7.847 85.865 296.074 419.476 732.961 298.065 794.407 596.369 209.868 230.186 1000000000.0 347.361 609.757 101.844 456.063 798.336 233.549 584.994 265.237 310.719 385.606 480.541 578.4 863.32 503.84 425.148 863.559 398.275 800.188 628.102 358.726 519.54 456.686 323.796 174.609
16.806 737.247 627.725 600.361 579.399 263.475 650.297 82.329 161.009 229.293 402.184 114.932 851.924 609.837 306.753 469.58 17.006 603.336 800.641 226.223 802.31 122.629 977.56 707.179 752.448 347.361 1000000000.0 255.179 941.405 128.048 490.208 487.754 242.637 827.796 26.821 158.512 857.5 337.218 988.329 153.036 592.026 735.771 868.61 230.0 530.558 648.535 376.81 327.024 63.435 808.623
137.574 600.397 408.184 671.55 612.924 121.645 19.688 333.283 803.203 153.404 43.136 582.829 710.583 523.099 768.852 763.515 770.063 782.627 457.295 332.34 604.452 621.207 172.663 217.48 772.494 609.757 255.179 1000000000.0 298.585 302.866 622.543 226.85 468.454 787.522 198.967 782.399 608.752 836.768 925.006 720.146 314.185 346.853 839.238 753.132 765.081 695.264 453.475 312.987 250.853 689.388
90.992 363.68 247.128 495.39 869.722 204.25 244.085 188.425 228.967 823.055 790.367 425.299 891.943 197.617 671.338 469.719 840.697 646.506 560.364 71.761 133.845 300.843 877.262 725.495 481.245 101.844 941.405 298.585 1000000000.0 580.543 707.371 460.057 419.009 400.214 198.677 194.542 890.193 994.814 768.739 275.559 742.706 618.743 483.409 462.826 896.389 676.216 434.13 449.081 489.676 278.777
433.521 574.731 919.666 727.553 596.114 53.341 842.325 490.037 340.331 110.121 618.674 936.584 160.451 609.813 185.135 253.198 669.899 84.976 164.397 863.558 831.82 328.076 769.578 7.948 889.202 456.063 128.048 302.866 580.543 1000000000.0 268.554 696.475 332.517 571.102 32.532 617.073 707.304 551.144 260.289 178.838 973.074 723.709 204.286 134.09 976.514 40.885 649.211 472.39 70.093 166.327
60.533 774.225 804.8 223.108 373.392 3.202 111.778 740.137 660.181 295.012 551.976 966.262 172.846 502.219 889.021 867.353 571.15 385.412 816.94 245.491 207.985 240.901 593.89 77.528 301.745 798.336 490.208 622.543 707.371 268.554 1000000000.0 416.836 905.495 3.517 97.033 547.566 476.213 992.627 466.134 505.966 257.818 584.466 838.867 888.377 369.552 338.9 385.664 310.43 898.054 608.918
595.095 336.935 751.492 99.585 59.479 593.883 233.353 253.498 389.996 468.535 421.095 364.688 763.042 771.313 126.791 932.202 305.94 702.158 378.784 86.075 619.66 143.101 499.897 685.302 200.603 233.549 487.754 226.85 460.057 696.475 416.836 1000000000.0 994.986 463.554 795.257 877.519 213.109 979.777 435.065 473.567 810.557 15.285 266.934 608.208 989.556 985.373 106.051 56.815 469.606 861.361
451.884 829.18 863.543 509.66 720.905 571.935 117.976 820.304 336.239 330.69 213.209 25.072 69.567 140.715 850.755 227.45 383.109 661.884 893.778 280.866 651.101 577.804 484.31 522.758 725.411 584.994 242.637 468.454 419.009 332.517 905.495 994.986 1000000000.0 574.832 543.719 246.038 839.137 410.638 97.573 855.133 665.508 463.868 137.299 509.352 13.182 530.039 748.497 244.249 487.972 321.4
664.948 772.673 512.722 944.372 343.666 159.657 838.873 784.111 297.077 536.942 632.133 193.019 709.165 520.098 74.853 56.49 486.22 689.658 347.2 401.162 158.343 39.396 292.883 421.4 368.497 265.237 827.796 787.522 400.214 571.102 3.517 463.554 574.832 1000000000.0 34.022 345.33 625.333 133.086 690.969 568.684 603.087 986.233 771.258 985.265 297.393 29.174 503.41 663.646 586.007 835.524
382.423 26.133 741.155 164.017 30.269 746.922 500.227 868.34 329.156 593.496 934.824 477.694 71.754 889.056 410.195 122.003 521.629 137.407 246.159 964.227 74.097 734.054 80.803 961.269 595.775 310.719 26.821 198.967 198.677 32.532 97.033 795.257 543.719 34.022 1000000000.0 803.668 577.622 293.397 452.704 375.276 100.05 69.851 530.19 326.663 294.093 384.879 822.911 448.281 512.774 721.544
30.31 736.966 485.568 142.628 856.958 316.947 119.312 423.539 204.61 555.705 971.64 639.186 27.601 838.803 912.809 981.043 560.919 594.697 607.269 86.793 891.757 405.885 917.039 137.927 496.749 385.606 158.512 782.399 194.542 617.073 547.566 877.519 246.038 345.33 803.668 1000000000.0 648.812 919.039 639.979 520.555 635.482 638.819 606.928 271.477 163.274 514.256 337.91 658.187 314.311 206.2
564.359 981.554 947.148 500.859 221.649 711.424 361.833 44.898 709.799 125.662 611.474 39.722 660.146 963.348 695.759 249.25 724.888 488.983 207.387 518.121 316.943 502.047 416.222 230.335 249.992 480.541 857.5 608.752 890.193 707.304 476.213 213.109 839.137 625.333 577.622 648.812 1000000000.0 102.618 389.842 792.321 721.715 879.611 591.934 595.106 873.372 811.582 367.952 191.082 103.963 662.735
287.886 611.629 801.402 996.977 563.709 825.129 930.816 250.662 424.812 56.365 779.963 539.931 515.023 168.072 529.123 715.593 623.51 953.918 918.804 796.995 596.199 301.877 349.539 605.908 962.668 578.4 337.218 836.768 994.814 551.144 992.627 979.777 410.638 133.086 293.397 919.039 102.618 1000000000.0 113.324 647.965 382.62 614.966 66.817 708.52 693.968 233.009 338.064 994.688 172.004 204.943
518.829 789.648 296.411 96.419 170.445 917.943 209.534 817.936 478.779 185.601 292.877 661.878 413.989 409.131 200.624 436.968 771.456 771.2 897.407 189.986 37.024 307.997 302.194 451.711 283.217 863.32 988.329 925.006 768.739 260.289 466.134 435.065 97.573 690.969 452.704 639.979 389.842 113.324 1000000000.0 623.279 430.846 187.982 689.764 489.295 72.359 943.537 893.739 639.294 776.002 510.12
437.532 558.525 53.173 445.89 93.054 714.961 850.176 73.175 895.138 904.218 710.941 601.103 962.931 981.832 957.23 754.199 483.631 437.71 983.785 657.918 797.01 547.394 171.876 457.944 106.479 503.84 153.036 720.146 275.559 178.838 505.966 473.567 855.133 568.684 375.276 520.555 792.321 647.965 623.279 1000000000.0 558.538 92.395 278.443 423.248 147.596 138.623 736.649 290.985 435.304 795.146
922.935 268.002 269.027 670.064 755.979 60.751 644.598 604.929 529.257 494.953 547.537 166.033 419.514 489.445 486.531 976.428 789.094 925.162 580.273 812.559 893.617 642.114 594.827 612.514 252.588 425.148 592.026 314.185 742.706 973.074 257.818 810.557 665.508 603.087 100.05 635.482 721.715 382.62 430.846 558.538 1000000000.0 958.275 895.767 335.157 814.759 271.778 989.06 410.329 340.31 279.596
257.879 216.89 711.286 358.743 816.341 126.357 667.839 930.259 707.672 70.602 981.495 573.261 765.801 696.249 341.365 268.655 165.748 155.494 444.938 93.777 896.839 351.353 64.431 885.589 171.475 863.559 735.771 346.853 618.743 723.709 584.466 15.285 463.868 986.233 69.851 638.819 879.611 614.966 187.982 92.395 958.275 1000000000.0 36.316 91.529 202.602 783.158 999.878 442.073 337.14 240.715
567.976 284.289 776.522 477.427 866.265 379.652 362.059 130.995 727.298 345.117 303.849 471.026 754.706 829.302 24.974 780.204 543.724 769.155 971.852 708.955 685.497 558.697 228.692 560.246 435.935 398.275 868.61 839.238 483.409 204.286 838.867 266.934 137.299 771.258 530.19 606.928 591.934 66.817 689.764 278.443 895.767 36.316 1000000000.0 500.991 128.007 286.515 982.117 932.758 145.008 304.399
853.293 45.177 633.335 1.964 836.347 527.409 227.81 553.233 660.236 281.352 363.334 166.269 79.845 290.331 417.563 424.538 999.103 587.979 241.834 55.318 290.375 772.117 888.195 613.186 186.762 800.188 230.0 753.132 462.826 134.09 888.377 608.208 509.352 985.265 326.663 271.477 595.106 708.52 489.295 423.248 335.157 91.529 500.991 1000000000.0 363.8 626.532 897.85 409.971 289.376 692.323
565.741 465.41 12.251 174.799 596.898 496.931 445.863 972.722 316.291 438.041 18.929 586.826 184.319 721.877 294.459 634.307 595.546 193.986 710.24 125.78 643.25 286.83 658.238 55.189 421.353 628.102 530.558 765.081 896.389 976.514 369.552 989.556 13.182 297.393 294.093 163.274 873.372 693.968 72.359 147.596 814.759 202.602 128.007 363.8 1000000000.0 190.518 546.274 899.145 421.365 725.701
806.438 249.719 246.611 158.192 840.055 778.733 590.861 328.074 530.119 707.818 480.289 31.17 94.751 65.746 367.222 711.747 759.276 61.627 678.711 576.413 594.394 884.708 785.944 219.616 48.42 358.726 648.535 695.264 676.216 40.885 338.9 985.373 530.039 29.174 384.879 514.256 811.582 233.009 943.537 138.623 271.778 783.158 286.515 626.532 190.518 1000000000.0 629.148 390.71 564.258 640.19
502.17 123.154 397.207 980.535 739.427 894.968 376.115 468.821 309.507 809.278 241.403 77.569 170.146 228.998 765.644 617.118 985.766 239.432 407.231 157.089 486.037 336.814 233.181 202.725 454.612 519.54 376.81 453.475 434.13 649.211 385.664 106.051 748.497 503.41 822.911 337.91 367.952 338.064 893.739 736.649 989.06 999.878 982.117 897.85 546.274 629.148 1000000000.0 342.336 376.086 275.688
27.639 434.427 398.344 940.272 265.262 266.133 47.368 146.802 71.261 220.848 523.555 713.656 992.265 166.627 652.085 568.054 3.147 6.193 118.242 442.236 540.459 768.364 574.466 238.416 414.076 456.686 327.024 312.987 449.081 472.39 310.43 56.815 244.249 663.646 448.281 658.187 191.082 994.688 639.294 290.985 410.329 442.073 932.758 409.971 899.145 390.71 342.336 1000000000.0 118.48 700.544
171.142 685.209 782.465 167.685 915.425 411.349 844.696 83.297 4.6 970.841 729.22 37.549 622.739 220.108 865.691 434.381 760.145 1.164 654.988 11.124 51.433 107.789 791.996 931.199 969.069 323.796 63.435 250.853 489.676 70.093 898.054 469.606 487.972 586.007 512.774 314.311 103.963 172.004 776.002 435.304 340.31 337.14 145.008 289.376 421.365 564.258 376.086 118.48 1000000000.0 306.2
980.38 32.644 164.252 306.724 203.256 28.848 753.363 616.37 521.419 806.125 541.44 948.758 690.228 66.517 665.015 241.212 539.736 304.819 366.344 943.606 279.813 654.098 33.394 912.81 592.43 174.609 808.623 689.388 278.777 166.327 608.918 861.361 321.4 835.524 721.544 206.2 662.735 204.943 510.12 795.146 279.596 240.715 304.399 692.323 725.701 640.19 275.688 700.544 306.2 1000000000.0
