50
1000000000.0 656.573 10.107 116.798 67.151 806.39 549.521 729.875 461.126 15.186 244.477 201.965 557.541 590.338 933.078 656.422 874.075 817.353 188.107 575.389 345.225 154.297 660.278 183.165 898.059 458.193 101.092 651.973 679.286 966.616 532.385 303.635 934.026 885.051 463.901 645.412 401.546 189.56 616.994 899.665 247.993 806.635 623.665 565.701 660.141 114.127 126.058 662.251 403.734 29.088
656.573 1000000000.0 119.511 222.355 771.169 685.434 412.399 634.766 287.655 389.742 333.634 358.212 38.248 11.043 839.08 320.714 620.964 446.472 529.724 307.125 460.961 456.901 946.474 431.538 679.561 631.308 134.879 153.902 602.72 663.171 746.001 399.97 948.677 612.555 275.641 744.71 337.076 532.652 375.96 618.055 820.183 929.774 768.872 287.786 752.495 482.67 882.887 243.303 30.662 151.294
10.107 119.511 1000000000.0 187.571 756.032 584.923 267.081 232.984 823.456 792.687 734.036 364.275 942.2 838.223 250.842 728.358 348.675 91.263 959.058 805.853 274.879 582.984 473.617 176.289 765.767 643.771 855.962 64.645 433.596 419.819 273.116 795.789 437.753 27.358 761.364 151.169 931.221 417.351 890.685 811.823 80.355 207.815 317.784 616.512 291.363 888.147 467.487 860.264 973.232 368.986
116.798 222.355 187.571 1000000000.0 864.694 9.721 363.856 787.781 844.732 519.724 419.072 547.79 517.465 165.485 753.411 943.079 899.229 952.324 813.254 232.381 669.179 698.498 181.272 346.134 868.548 891.888 474.995 916.176 653.517 171.298 9.41 916.514 139.514 11.455 202.2 547.782 501.729 395.522 309.66 878.687 574.181 66.009 522.449 846.735 290.077 177.494 867.253 673.121 709.101 172.631
67.151 771.169 756.032 864.694 1000000000.0 661.847 546.518 920.02 775.318 664.237 910.482 305.439 661.761 406.552 425.826 777.275 996.387 689.572 578.255 195.486 783.9 383.046 77.51 232.996 394.148 721.774 580.738 621.617 925.784 165.046 397.858 967.301 343.1 715.198 489.172 568.448 146.273 509.577 226.162 779.339 397.76 303.777 98.278 324.179 388.198 194.477 579.384 497.132 914.809 76.343
806.39 685.434 584.923 9.721 661.847 1000000000.0 703.151 649.177 875.117 920.632 944.695 150.903 239.533 463.604 437.776 148.278 252.441 906.048 755.938 385.07 522.998 492.92 322.913 53.288 313.701 642.82 79.837 546.153 469.27 159.053 387.019 326.382 946.702 293.096 822.346 514.292 840.734 612.041 749.251 962.967 805.059 83.975 223.161 787.907 758.146 312.106 259.235 924.843 975.909 546.55
549.521 412.399 267.081 363.856 546.518 703.151 1000000000.0 677.028 882.708 492.814 618.922 193.997 956.606 859.335 113.078 141.217 419.069 741.178 9.89 804.645 94.305 403.711 575.212 544.263 378.59 673.686 249.114 387.987 387.488 941.391 414.686 622.962 505.689 40.502 686.859 585.068 916.282 260.043 357.748 387.85 7.059 622.607 802.07 342.383 84.872 119.933 394.377 65.243 102.409 604.555
729.875 634.766 232.984 787.781 920.02 649.177 677.028 1000000000.0 721.844 89.212 13.205 518.415 542.85 584.373 255.397 309.166 925.786 419.192 616.145 178.148 462.93 924.001 938.576 928.086 242.334 345.842 365.446 380.346 516.303 779.761 865.066 778.106 968.4 50.851 154.544 28.627 14.016 558.441 769.524 449.983 944.665 495.326 525.961 494.384 799.56 539.487 981.078 69.566 738.639 529.599
461.126 287.655 823.456 844.732 775.318 875.117 882.708 721.844 1000000000.0 253.903 226.605 303.805 214.105 725.522 665.055 57.231 489.52 740.42 907.555 652.493 166.395 193.717 133.273 203.579 611.482 501.358 463.014 210.448 731.089 677.673 826.228 513.848 799.026 135.881 937.854 951.402 328.682 244.493 888.861 26.651 179.939 599.601 265.696 814.575 977.388 452.033 704.71 592.862 581.112 376.017
15.186 389.742 792.687 519.724 664.237 920.632 492.814 89.212 253.903 1000000000.0 324.967 565.72 851.098 978.864 886.957 92.693 816.862 998.388 324.996 573.1 477.833 910.401 63.825 74.555 455.621 601.853 65.686 64.945 346.29 992.534 162.205 951.703 548.079 506.143 179.648 771.514 543.928 973.225 874.156 731.764 760.752 287.455 767.906 154.978 353.07 840.393 830.061 395.794 883.884 116.511
244.477 333.634 734.036 419.072 910.482 944.695 618.922 13.205 226.605 324.967 1000000000.0 598.692 788.701 499.959 315.918 92.941 571.203 347.868 189.606 117.593 247.75 610.325 885.874 288.338 811.152 736.266 220.787 308.398 168.131 116.142 686.111 470.876 469.793 399.68 675.653 714.286 370.139 591.076 665.519 155.303 633.9 625.205 823.879 773.527 599.866 145.633 338.946 434.09 855.168 258.622
201.965 358.212 364.275 547.79 305.439 150.903 193.997 518.415 303.805 565.72 598.692 1000000000.0 5.372 498.702 875.337 87.84 762.159 525.059 454.181 735.876 470.051 146.541 826.625 831.206 797.54 846.539 300.11 733.627 158.829 198.924 986.964 968.068 38.753 784.817 740.589 660.066 518.95 518.476 365.492 289.332 131.095 823.129 682.102 121.226 992.045 862.699 952.199 861.72 413.956 948.238
557.541 38.248 942.2 517.465 661.761 239.533 956.606 542.85 214.105 851.098 788.701 5.372 1000000000.0 14.998 941.963 900.461 877.645 285.766 87.615 515.237 354.113 565.862 795.746 280.872 301.848 185.659 700.29 375.393 835.947 844.485 205.365 100.398 196.722 914.895 736.459 740.288 122.611 216.734 76.787 875.794 347.652 887.766 112.766 515.3 387.082 816.195 444.418 180.773 755.973 672.936
590.338 11.043 838.223 165.485 406.552 463.604 859.335 584.373 725.522 978.864 499.959 498.702 14.998 1000000000.0 146.571 355.545 918.397 662.687 253.451 127.663 863.355 195.888 273.343 66.634 632.876 958.459 277.926 226.231 360.084 551.048 561.725 571.595 96.207 222.131 77.354 364.135 370.31 712.844 447.283 436.003 407.242 726.242 932.809 236.181 418.388 974.272 832.068 113.078 488.908 977.276
933.078 839.08 250.842 753.411 425.826 437.776 113.078 255.397 665.055 886.957 315.918 875.337 941.963 146.571 1000000000.0 285.152 40.901 783.464 679.982 460.54 18.888 274.33 839.455 765.141 225.622 437.676 787.823 901.314 658.732 735.278 390.904 380.783 564.79 973.715 316.54 211.829 731.558 744.422 672.251 581.577 541.517 679.964 90.755 728.601 282.664 266.273 850.636 957.981 172.803 575.003
656.422 320.714 728.358 943.079 777.275 148.278 141.217 309.166 57.231 92.693 92.941 87.84 900.461 355.545 285.152 1000000000.0 9.1 409.84 449.691 670.563 432.48 821.219 976.255 940.58 981.53 918.455 585.172 672.375 520.696 536.075 248.071 835.803 461.614 444.891 736.795 979.72 518.85 489.352 228.39 189.278 310.345 468.851 337.739 491.641 541.268 860.483 896.423 954.239 63.488 891.469
874.075 620.964 348.675 899.229 996.387 252.441 419.069 925.786 489.52 816.862 571.203 762.159 877.645 918.397 40.901 9.1 1000000000.0 469.526 472.241 775.437 18.841 14.278 986.472 178.006 314.225 187.58 536.18 202.975 491.111 292.337 389.437 79.874 990.553 941.306 198.226 507.184 635.76 13.486 158.012 902.371 581.285 956.379 72.341 157.361 600.498 546.829 745.827 750.704 956.615 655.483
817.353 446.472 91.263 952.324 689.572 906.048 741.178 419.192 740.42 998.388 347.868 525.059 285.766 662.687 783.464 409.84 469.526 1000000000.0 879.778 878.008 364.822 615.721 858.678 864.604 800.719 112.855 513.616 336.009 290.871 414.833 219.513 329.872 603.184 886.674 494.558 98.373 78.857 829.603 915.617 450.487 459.497 576.429 171.956 56.268 459.574 770.791 106.094 611.651 757.34 14.569
188.107 529.724 959.058 813.254 578.255 755.938 9.89 616.145 907.555 324.996 189.606 454.181 87.615 253.451 679.982 449.691 472.241 879.778 1000000000.0 688.793 663.079 94.563 605.869 638.48 60.724 547.6 93.14 278.448 647.149 569.28 908.872 690.72 214.204 983.679 2.646 190.695 699.897 366.666 573.08 996.922 74.832 296.673 995.724 236.229 574.228 476.786 696.294 621.61 132.707 474.825
575.389 307.125 805.853 232.381 195.486 385.07 804.645 178.148 652.493 573.1 117.593 735.876 515.237 127.663 460.54 670.563 775.437 878.008 688.793 1000000000.0 812.834 625.151 920.483 152.163 964.652 916.391 888.171 457.27 71.31 992.173 429.213 662.39 971.327 662.544 144.994 210.433 386.812 134.038 757.08 573.138 976.734 628.81 280.496 95.645 395.352 573.529 787.629 816.17 960.775 40.77
345.225 460.961 274.879 669.179 783.9 522.998 94.305 462.93 166.395 477.833 247.75 470.051 354.113 863.355 18.888 432.48 18.841 364.822 663.079 812.834 1000000000.0 347.33 58.847 214.947 443.726 51.91 657.438 894.384 967.966 596.242 882.619 409.548 869.258 308.945 729.516 214.053 639.011 867.868 288.051 715.265 4.42 10.819 213.657 840.834 532.708 415.227 277.653 110.131 537.429 147.05
154.297 456.901 582.984 698.498 383.046 492.92 403.711 924.001 193.717 910.401 610.325 146.541 565.862 195.888 274.33 821.219 14.278 615.721 94.563 625.151 347.33 1000000000.0 497.365 129.044 443.178 670.45 664.686 395.366 993.405 811.076 164.889 395.626 952.857 614.363 448.813 664.67 270.884 353.808 558.705 192.244 918.758 226.638 937.737 454.538 389.394 751.207 793.558 181.42 603.086 308.057
660.278 946.474 473.617 181.272 77.51 322.913 575.212 938.576 133.273 63.825 885.874 826.625 795.746 273.343 839.455 976.255 986.472 858.678 605.869 920.483 58.847 497.365 1000000000.0 436.141 553.213 668.077 352.025 786.478 203.121 26.151 101.646 30.772 299.474 833.991 362.889 71.271 322.487 961.906 398.989 368.126 897.939 951.368 852.312 177.091 267.325 659.55 157.366 771.973 922.381 543.045
183.165 431.538 176.289 346.134 232.996 53.288 544.263 928.086 203.579 74.555 288.338 831.206 280.872 66.634 765.141 940.58 178.006 864.604 638.48 152.163 214.947 129.044 436.141 1000000000.0 407.534 649.713 878.953 239.339 361.122 349.879 119.812 772.758 328.745 674.49 145.198 217.114 807.189 279.811 287.158 783.216 19.555 312.767 978.7 312.393 715.359 571.954 870.472 83.451 463.553 678.326
898.059 679.561 765.767 868.548 394.148 313.701 378.59 242.334 611.482 455.621 811.152 797.54 301.848 632.876 225.622 981.53 314.225 800.719 60.724 964.652 443.726 443.178 553.213 407.534 1000000000.0 829.452 360.88 292.862 77.785 933.749 504.709 931.379 322.505 298.483 520.467 667.029 931.954 561.178 430.361 858.155 828.241 391.695 942.467 667.4 175.33 968.539 417.855 857.598 337.809 625.371
458.193 631.308 643.771 891.888 721.774 642.82 673.686 345.842 501.358 601.853 736.266 846.539 185.659 958.459 437.676 918.455 187.58 112.855 547.6 916.391 51.91 670.45 668.077 649.713 829.452 1000000000.0 856.952 921.282 494.728 877.507 51.044 770.61 442.106 452.573 873.174 785.189 644.774 329.601 729.228 669.679 947.568 568.346 299.531 14.433 291.746 540.646 185.989 940.809 66.762 91.211
101.092 134.879 855.962 474.995 580.738 79.837 249.114 365.446 463.014 65.686 220.787 300.11 700.29 277.926 787.823 585.172 536.18 513.616 93.14 888.171 657.438 664.686 352.025 878.953 360.88 856.952 1000000000.0 995.356 333.373 845.288 550.467 227.94 900.047 932.842 653.561 684.873 756.714 715.211 144.015 567.979 543.282 823.669 596.44 103.484 376.167 535.258 241.604 597.13 3.555 817.865
651.973 153.902 64.645 916.176 621.617 546.153 387.987 380.346 210.448 64.945 308.398 733.627 375.393 226.231 901.314 672.375 202.975 336.009 278.448 457.27 894.384 395.366 786.478 239.339 292.862 921.282 995.356 1000000000.0 365.869 700.479 473.508 148.709 320.393 419.178 871.073 362.557 585.043 6.933 305.535 893.475 904.365 379.442 623.668 463.181 648.168 422.416 410.645 485.334 944.694 379.505
679.286 602.72 433.596 653.517 925.784 469.27 387.488 516.303 731.089 346.29 168.131 158.829 835.947 360.084 658.732 520.696 491.111 290.871 647.149 71.31 967.966 993.405 203.121 361.122 77.785 494.728 333.373 365.869 1000000000.0 359.74 838.489 72.519 755.485 464.248 918.496 325.419 439.519 312.582 407.501 400.191 870.953 788.072 429.552 817.631 264.785 850.762 106.01 779.16 659.649 251.247
966.616 663.171 419.819 171.298 165.046 159.053 941.391 779.761 677.673 992.534 116.142 198.924 844.485 551.048 735.278 536.075 292.337 414.833 569.28 992.173 596.242 811.076 26.151 349.879 933.749 877.507 845.288 700.479 359.74 1000000000.0 800.283 301.678 559.394 532.391 982.02 716.355 542.638 255.418 736.726 773.069 807.83 181.775 422.599 826.499 924.967 906.415 479.022 324.138 964.258 925.993
532.385 746.001 273.116 9.41 397.858 387.019 414.686 865.066 826.228 162.205 686.111 986.964 205.365 561.725 390.904 248.071 389.437 219.513 908.872 429.213 882.619 164.889 101.646 119.812 504.709 51.044 550.467 473.508 838.489 800.283 1000000000.0 81.392 775.685 361.249 22.522 752.44 492.209 468.205 560.17 494.14 304.716 781.784 45.312 387.278 603.077 723.21 801.459 754.246 509.015 252.802
303.635 399.97 795.789 916.514 967.301 326.382 622.962 778.106 513.848 951.703 470.876 968.068 100.398 571.595 380.783 835.803 79.874 329.872 690.72 662.39 409.548 395.626 30.772 772.758 931.379 770.61 227.94 148.709 72.519 301.678 81.392 1000000000.0 648.307 621.714 73.844 94.347 86.37 242.896 465.025 512.747 323.717 339.692 586.194 892.575 998.582 444.727 491.582 598.198 481.093 407.264
934.026 948.677 437.753 139.514 343.1 946.702 505.689 968.4 799.026 548.079 469.793 38.753 196.722 96.207 564.79 461.614 990.553 603.184 214.204 971.327 869.258 952.857 299.474 328.745 322.505 442.106 900.047 320.393 755.485 559.394 775.685 648.307 1000000000.0 360.689 724.603 433.884 704.495 250.663 537.229 781.524 127.138 754.91 621.571 640.879 72.643 171.876 391.183 581.483 910.957 844.727
885.051 612.555 27.358 11.455 715.198 293.096 40.502 50.851 135.881 506.143 399.68 784.817 914.895 222.131 973.715 444.891 941.306 886.674 983.679 662.544 308.945 614.363 833.991 674.49 298.483 452.573 932.842 419.178 464.248 532.391 361.249 621.714 360.689 1000000000.0 334.708 329.552 963.572 988.401 388.757 791.485 44.267 67.35 520.39 2.266 91.306 151.556 990.436 189.466 356.662 78.516
463.901 275.641 761.364 202.2 489.172 822.346 686.859 154.544 937.854 179.648 675.653 740.589 736.459 77.354 316.54 736.795 198.226 494.558 2.646 144.994 729.516 448.813 362.889 145.198 520.467 873.174 653.561 871.073 918.496 982.02 22.522 73.844 724.603 334.708 1000000000.0 669.503 895.935 345.325 30.648 200.21 467.433 199.847 964.888 393.961 379.595 51.877 774.533 643.178 141.45 540.067
645.412 744.71 151.169 547.782 568.448 514.292 585.068 28.627 951.402 771.514 714.286 660.066 740.288 364.135 211.829 979.72 507.184 98.373 190.695 210.433 214.053 664.67 71.271 217.114 667.029 785.189 684.873 362.557 325.419 716.355 752.44 94.347 433.884 329.552 669.503 1000000000.0 63.682 311.137 14.924 17.304 535.314 957.37 555.303 818.762 408.572 42.394 910.919 697.349 81.435 828.546
401.546 337.076 931.221 501.729 146.273 840.734 916.282 14.016 328.682 543.928 370.139 518.95 122.611 370.31 731.558 518.85 635.76 78.857 699.897 386.812 639.011 270.884 322.487 807.189 931.954 644.774 756.714 585.043 439.519 542.638 492.209 86.37 704.495 963.572 895.935 63.682 1000000000.0 296.433 562.484 351.319 433.489 563.641 547.66 489.517 704.088 969.858 881.065 257.854 263.826 675.113
189.56 532.652 417.351 395.522 509.577 612.041 260.043 558.441 244.493 973.225 591.076 518.476 216.734 712.844 744.422 489.352 13.486 829.603 366.666 134.038 867.868 353.808 961.906 279.811 561.178 329.601 715.211 6.933 312.582 255.418 468.205 242.896 250.663 988.401 345.325 311.137 296.433 1000000000.0 667.097 506.256 186.865 484.341 776.174 826.902 61.434 484.443 219.518 260.525 29.862 523.192
616.994 375.96 890.685 309.66 226.162 749.251 357.748 769.524 888.861 874.156 665.519 365.492 76.787 447.283 672.251 228.39 158.012 915.617 573.08 757.08 288.051 558.705 398.989 287.158 430.361 729.228 144.015 305.535 407.501 736.726 560.17 465.025 537.229 388.757 30.648 14.924 562.484 667.097 1000000000.0 358.13 526.649 793.953 453.223 412.762 757.946 408.982 144.162 952.109 691.708 301.737
899.665 618.055 811.823 878.687 779.339 962.967 387.85 449.983 26.651 731.764 155.303 289.332 875.794 436.003 581.577 189.278 902.371 450.487 996.922 573.138 715.265 192.244 368.126 783.216 858.155 669.679 567.979 893.475 400.191 773.069 494.14 512.747 781.524 791.485 200.21 17.304 351.319 506.256 358.13 1000000000.0 117.275 141.984 236.246 786.834 138.445 309.458 698.761 721.348 613.813 885.394
247.993 820.183 80.355 574.181 397.76 805.059 7.059 944.665 179.939 760.752 633.9 131.095 347.652 407.242 541.517 310.345 581.285 459.497 74.832 976.734 4.42 918.758 897.939 19.555 828.241 947.568 543.282 904.365 870.953 807.83 304.716 323.717 127.138 44.267 467.433 535.314 433.489 186.865 526.649 117.275 1000000000.0 678.105 548.92 444.016 695.544 73.467 393.553 556.494 584.746 895.854
806.635 929.774 207.815 66.009 303.777 83.975 622.607 495.326 599.601 287.455 625.205 823.129 887.766 726.242 679.964 468.851 956.379 576.429 296.673 628.81 10.819 226.638 951.368 312.767 391.695 568.346 823.669 379.442 788.072 181.775 781.784 339.692 754.91 67.35 199.847 957.37 563.641 484.341 793.953 141.984 678.105 1000000000.0 289.442 170.364 187.768 275.333 605.971 971.454 530.291 617.731
623.665 768.872 317.784 522.449 98.278 223.161 802.07 525.961 265.696 767.906 823.879 682.102 112.766 932.809 90.755 337.739 72.341 171.956 995.724 280.496 213.657 937.737 852.312 978.7 942.467 299.531 596.44 623.668 429.552 422.599 45.312 586.194 621.571 520.39 964.888 555.303 547.66 776.174 453.223 236.246 548.92 289.442 1000000000.0 909.07 461.298 463.209 97.197 842.322 597.722 908.297
565.701 287.786 616.512 846.735 324.179 787.907 342.383 494.384 814.575 154.978 773.527 121.226 515.3 236.181 728.601 491.641 157.361 56.268 236.229 95.645 840.834 454.538 177.091 312.393 667.4 14.433 103.484 463.181 817.631 826.499 387.278 892.575 640.879 2.266 393.961 818.762 489.517 826.902 412.762 786.834 444.016 170.364 909.07 1000000000.0 501.446 619.669 85.485 756.924 419.651 652.879
660.141 752.495 291.363 290.077 388.198 758.146 84.872 799.56 977.388 353.07 599.866 992.045 387.082 418.388 282.664 541.268 600.498 459.574 574.228 395.352 532.708 389.394 267.325 715.359 175.33 291.746 376.167 648.168 264.785 924.967 603.077 998.582 72.643 91.306 379.595 408.572 704.088 61.434 757.946 138.445 695.544 187.768 461.298 501.446 1000000000.0 551.147 697.289 330.976 768.998 185.348
114.127 482.67 888.147 177.494 194.477 312.106 119.933 539.487 452.033 840.393 145.633 862.699 816.195 974.272 266.273 860.483 546.829 770.791 476.786 573.529 415.227 751.207 659.55 571.954 968.539 540.646 535.258 422.416 850.762 906.415 723.21 444.727 171.876 151.556 51.877 42.394 969.858 484.443 408.982 309.458 73.467 275.333 463.209 619.669 551.147 1000000000.0 52.938 782.995 455.917 744.214
126.058 882.887 467.487 867.253 579.384 259.235 394.377 981.078 704.71 830.061 338.946 952.199 444.418 832.068 850.636 896.423 745.827 106.094 696.294 787.629 277.653 793.558 157.366 870.472 417.855 185.989 241.604 410.645 106.01 479.022 801.459 491.582 391.183 990.436 774.533 910.919 881.065 219.518 144.162 698.761 393.553 605.971 97.197 85.485 697.289 52.938 1000000000.0 694.526 396.077 677.475
662.251 243.303 860.264 673.121 497.132 924.843 65.243 69.566 592.862 395.794 434.09 861.72 180.773 113.078 957.981 954.239 750.704 611.651 621.61 816.17 110.131 181.42 771.973 83.451 857.598 940.809 597.13 485.334 779.16 324.138 754.246 598.198 581.483 189.466 643.178 697.349 257.854 260.525 952.109 721.348 556.494 971.454 842.322 756.924 330.976 782.995 694.526 1000000000.0 119.79 607.486
403.734 30.662 973.232 709.101 914.809 975.909 102.409 738.639 581.112 883.884 855.168 413.956 755.973 488.908 172.803 63.488 956.615 757.34 132.707 960.775 537.429 603.086 922.381 463.553 337.809 66.762 3.555 944.694 659.649 964.258 509.015 481.093 910.957 356.662 141.45 81.435 263.826 29.862 691.708 613.813 584.746 530.291 597.722 419.651 768.998 455.917 396.077 119.79 1000000000.0 729.489
29.088 151.294 368.986 172.631 76.343 546.55 604.555 529.599 376.017 116.511 258.622 948.238 672.936 977.276 575.003 891.469 655.483 14.569 474.825 40.77 147.05 308.057 543.045 678.326 625.371 91.211 817.865 379.505 251.247 925.993 252.802 407.264 844.727 78.516 540.067 828.546 675.113 523.192 301.737 885.394 895.854 617.731 908.297 652.879 185.348 744.214 677.475 607.486 729.489 1000000000.0
