50
1000000000.0 303.532 516.988 817.816 816.203 949.474 927.926 507.125 479.563 939.43 813.273 642.602 94.033 362.674 205.982 849.611 775.997 828.365 78.346 662.096 474.238 558.724 557.492 642.022 196.211 81.598 143.558 890.079 584.751 171.242 835.397 206.861 597.883 942.214 643.101 121.053 586.625 986.558 42.651 536.098 681.609 59.179 970.645 729.038 943.586 230.637 32.43 642.13 784.422 940.179
303.532 1000000000.0 968.362 773.067 734.472 475.816 684.655 469.375 709.923 832.108 189.861 1.946 692.941 845.513 504.748 350.785 822.924 826.933 192.919 580.149 631.291 304.73 411.769 540.697 526.913 935.15 54.991 363.249 62.572 36.062 336.03 264.053 759.149 845.384 95.745 534.438 229.03 787.007 922.625 864.161 818.118 1.602 692.243 784.971 907.565 413.933 776.577 716.765 279.123 15.252
516.988 968.362 1000000000.0 29.53 397.656 121.608 306.665 536.563 723.668 924.921 951.83 858.701 501.102 806.876 431.145 313.24 251.017 403.72 926.898 71.659 156.737 410.643 103.354 548.226 610.43 689.586 882.302 63.971 211.324 277.982 82.603 115.239 257.259 327.171 23.324 646.886 331.879 833.034 598.89 126.96 145.544 866.591 223.679 484.248 953.384 626.35 708.737 42.417 130.756 415.315
817.816 773.067 29.53 1000000000.0 981.87 195.18 580.707 874.932 921.33 16.621 445.831 807.126 849.001 688.165 163.01 542.972 614.659 450.884 391.934 15.022 33.515 294.792 206.335 861.59 693.926 716.115 485.93 250.673 556.775 913.756 896.66 449.99 566.379 508.11 708.066 920.289 145.235 949.071 192.405 466.748 13.371 992.722 718.008 590.228 337.093 849.424 831.044 759.833 258.242 509.906
816.203 734.472 397.656 981.87 1000000000.0 116.222 277.976 581.478 406.886 62.893 806.649 214.525 267.574 370.202 501.403 71.305 979.842 133.691 541.095 192.257 634.146 894.57 160.206 86.48 68.253 984.039 668.845 134.803 283.632 535.966 805.885 730.005 436.058 350.939 33.157 120.705 709.753 307.34 335.538 865.287 724.898 658.336 696.718 898.9 488.788 315.579 796.723 838.411 53.912 325.113
949.474 475.816 121.608 195.18 116.222 1000000000.0 620.617 844.248 791.117 575.395 79.6 799.373 229.319 204.795 671.085 510.822 453.403 810.448 317.683 477.192 595.05 718.528 594.735 51.96 452.008 257.383 442.226 553.158 826.257 451.42 293.285 323.142 865.737 343.311 370.31 317.916 807.858 262.444 842.004 218.38 109.5 975.906 825.924 896.488 513.607 734.702 526.247 698.059 999.378 412.578
927.926 684.655 306.665 580.707 277.976 620.617 1000000000.0 884.028 773.303 829.907 352.665 993.746 246.43 778.775 20.003 949.072 160.631 704.74 727.955 270.47 928.877 590.571 308.731 230.516 4.487 272.464 114.571 185.145 230.059 176.801 346.332 200.284 948.779 810.116 904.471 12.866 637.226 171.35 167.151 58.436 542.835 358.401 109.174 515.001 213.068 173.81 245.981 722.862 716.644 949.8
507.125 469.375 536.563 874.932 581.478 844.248 884.028 1000000000.0 804.723 279.188 685.635 70.701 632.87 386.833 831.704 583.857 133.967 80.868 859.063 322.305 542.898 298.93 223.207 410.491 956.324 894.08 878.174 674.731 398.222 199.232 614.814 296.493 534.599 281.294 938.69 204.76 234.016 100.575 948.052 484.766 966.316 19.854 558.136 953.406 272.081 659.554 113.771 679.552 707.994 767.012
479.563 709.923 723.668 921.33 406.886 791.117 773.303 804.723 1000000000.0 726.04 903.245 813.847 840.331 519.876 207.192 595.155 366.477 15.268 422.197 293.499 252.185 44.571 186.445 127.186 457.7 25.02 102.964 454.49 238.443 752.529 808.536 991.767 954.75 863.388 528.491 547.067 518.856 717.118 789.973 431.283 727.813 727.027 297.256 275.369 769.051 217.531 351.163 263.9 813.998 622.899
939.43 832.108 924.921 16.621 62.893 575.395 829.907 279.188 726.04 1000000000.0 137.231 656.209 863.141 560.739 513.31 534.656 874.381 290.176 46.375 309.63 736.437 488.681 760.611 45.203 904.617 445.547 506.316 574.454 340.269 860.909 262.405 887.236 874.586 794.669 744.724 547.774 591.303 877.688 981.376 191.181 33.248 735.845 134.992 495.863 160.209 151.206 428.506 206.777 16.615 618.327
813.273 189.861 951.83 445.831 806.649 79.6 352.665 685.635 903.245 137.231 1000000000.0 975.093 976.476 477.793 269.993 323.919 182.473 627.317 737.329 737.756 364.744 294.402 396.972 35.561 453.737 884.5 726.619 638.147 325.371 9.332 1.864 661.834 497.549 625.929 950.052 357.325 216.414 312.335 654.361 904.002 744.601 555.18 857.809 302.767 326.155 197.884 710.244 907.661 769.537 553.172
642.602 1.946 858.701 807.126 214.525 799.373 993.746 70.701 813.847 656.209 975.093 1000000000.0 491.874 288.865 268.181 226.623 721.009 107.669 716.824 871.508 945.584 834.453 162.313 581.52 957.732 82.416 967.195 680.206 514.283 828.999 531.814 413.27 320.847 213.527 915.003 194.359 447.291 666.174 746.001 315.018 470.832 932.753 396.646 999.364 381.615 754.275 701.615 177.54 593.103 982.459
94.033 692.941 501.102 849.001 267.574 229.319 246.43 632.87 840.331 863.141 976.476 491.874 1000000000.0 262.366 710.619 78.132 320.225 59.67 644.137 516.299 38.1 92.362 522.983 4.244 893.778 826.461 611.211 87.0 108.95 428.221 433.879 242.994 15.812 731.239 181.479 784.572 642.122 587.232 849.803 371.058 231.034 764.995 995.127 864.471 327.65 657.352 467.445 459.488 666.201 353.99
362.674 845.513 806.876 688.165 370.202 204.795 778.775 386.833 519.876 560.739 477.793 288.865 262.366 1000000000.0 995.303 339.349 866.001 533.734 991.865 56.034 258.242 78.809 583.189 200.552 703.459 893.257 281.605 687.769 703.596 208.187 443.975 234.829 913.0 674.984 629.922 325.157 91.518 828.264 22.882 518.451 265.175 560.114 759.556 206.529 745.616 301.346 649.974 560.598 569.355 726.126
205.982 504.748 431.145 163.01 501.403 671.085 20.003 831.704 207.192 513.31 269.993 268.181 710.619 995.303 1000000000.0 887.387 89.485 70.628 76.996 433.228 617.381 832.776 250.066 341.037 655.262 231.465 588.459 119.128 127.212 317.412 996.365 371.952 773.89 586.709 328.619 769.465 826.803 700.529 262.624 406.005 985.908 292.371 357.598 949.62 679.163 460.62 386.281 574.868 942.417 478.119
849.611 350.785 313.24 542.972 71.305 510.822 949.072 583.857 595.155 534.656 323.919 226.623 78.132 339.349 887.387 1000000000.0 933.971 665.999 150.824 534.679 283.111 602.522 724.481 698.924 623.134 178.379 966.609 400.293 533.271 904.548 650.303 476.664 250.384 853.94 644.903 597.541 877.881 659.706 682.645 856.87 121.894 207.082 494.801 940.239 95.975 314.61 534.088 150.611 453.716 682.604
775.997 822.924 251.017 614.659 979.842 453.403 160.631 133.967 366.477 874.381 182.473 721.009 320.225 866.001 89.485 933.971 1000000000.0 426.277 401.072 224.722 715.727 790.333 9.938 610.634 538.774 703.186 256.277 21.217 840.361 425.255 62.45 475.566 763.557 173.168 244.327 610.652 922.003 845.219 2.701 29.377 579.606 485.518 682.162 74.078 399.843 45.576 547.603 828.974 310.528 180.04
828.365 826.933 403.72 450.884 133.691 810.448 704.74 80.868 15.268 290.176 627.317 107.669 59.67 533.734 70.628 665.999 426.277 1000000000.0 996.28 622.204 365.233 854.113 791.828 401.39 478.978 588.327 604.1 241.287 783.661 330.043 574.433 888.808 604.07 320.533 300.512 200.266 647.561 382.576 230.976 24.464 199.764 948.091 685.013 454.872 471.093 675.829 113.579 85.058 967.589 816.719
78.346 192.919 926.898 391.934 541.095 317.683 727.955 859.063 422.197 46.375 737.329 716.824 644.137 991.865 76.996 150.824 401.072 996.28 1000000000.0 378.309 217.354 988.247 893.603 282.386 532.91 869.201 953.701 310.528 430.076 779.353 253.561 98.527 83.404 895.923 314.787 283.062 374.593 290.754 743.491 722.6 432.272 597.438 541.075 153.626 201.214 755.33 756.804 924.9 174.046 741.241
662.096 580.149 71.659 15.022 192.257 477.192 270.47 322.305 293.499 309.63 737.756 871.508 516.299 56.034 433.228 534.679 224.722 622.204 378.309 1000000000.0 689.037 115.811 821.909 150.166 515.111 929.37 982.41 793.998 20.864 4.291 740.465 817.259 834.367 888.402 630.547 975.416 295.835 823.309 493.681 799.681 474.577 705.749 365.711 856.344 703.988 494.345 776.916 28.491 572.725 554.927
474.238 631.291 156.737 33.515 634.146 595.05 928.877 542.898 252.185 736.437 364.744 945.584 38.1 258.242 617.381 283.111 715.727 365.233 217.354 689.037 1000000000.0 455.64 29.315 583.821 593.861 950.352 71.921 706.394 664.559 168.017 267.115 943.315 868.219 628.592 188.777 222.534 402.289 331.291 547.459 614.184 172.328 979.267 614.358 163.173 366.549 787.31 292.591 848.912 215.27 537.496
558.724 304.73 410.643 294.792 894.57 718.528 590.571 298.93 44.571 488.681 294.402 834.453 92.362 78.809 832.776 602.522 790.333 854.113 988.247 115.811 455.64 1000000000.0 947.344 134.715 282.816 210.281 259.157 266.959 843.029 692.576 952.637 938.927 358.634 148.297 926.75 56.226 442.813 172.658 26.045 730.403 62.249 340.007 208.611 630.862 157.207 817.314 822.283 59.068 712.242 134.265
557.492 411.769 103.354 206.335 160.206 594.735 308.731 223.207 186.445 760.611 396.972 162.313 522.983 583.189 250.066 724.481 9.938 791.828 893.603 821.909 29.315 947.344 1000000000.0 548.95 659.782 315.847 862.418 637.13 28.589 821.267 877.142 442.254 610.774 9.305 74.958 8.018 748.99 930.349 566.269 367.95 341.047 713.222 446.791 673.863 955.199 643.683 524.471 725.108 310.346 985.215
642.022 540.697 548.226 861.59 86.48 51.96 230.516 410.491 127.186 45.203 35.561 581.52 4.244 200.552 341.037 698.924 610.634 401.39 282.386 150.166 583.821 134.715 548.95 1000000000.0 157.359 699.761 45.017 508.264 683.756 752.072 474.995 128.193 430.587 89.157 95.071 880.045 603.126 195.87 229.847 837.647 894.142 915.843 289.579 120.179 755.829 686.274 979.022 516.859 104.922 63.62
196.211 526.913 610.43 693.926 68.253 452.008 4.487 956.324 457.7 904.617 453.737 957.732 893.778 703.459 655.262 623.134 538.774 478.978 532.91 515.111 593.861 282.816 659.782 157.359 1000000000.0 229.973 293.876 605.222 621.399 286.657 594.999 498.206 211.02 300.005 211.884 11.326 489.48 269.055 208.282 768.426 35.628 888.215 210.533 52.085 4.855 962.181 814.759 131.573 408.646 700.652
81.598 935.15 689.586 716.115 984.039 257.383 272.464 894.08 25.02 445.547 884.5 82.416 826.461 893.257 231.465 178.379 703.186 588.327 869.201 929.37 950.352 210.281 315.847 699.761 229.973 1000000000.0 850.888 23.224 530.628 144.411 910.66 211.317 973.721 502.642 938.042 372.426 491.82 839.816 942.477 106.964 931.296 913.038 32.999 4.392 737.771 278.279 992.1 893.385 202.114 977.236
143.558 54.991 882.302 485.93 668.845 442.226 114.571 878.174 102.964 506.316 726.619 967.195 611.211 281.605 588.459 966.609 256.277 604.1 953.701 982.41 71.921 259.157 862.418 45.017 293.876 850.888 1000000000.0 401.448 617.12 78.554 353.004 731.803 432.764 332.793 404.367 183.929 902.664 73.278 368.946 925.721 50.019 608.394 420.02 323.825 712.358 59.672 456.347 398.372 314.116 8.162
890.079 363.249 63.971 250.673 134.803 553.158 185.145 674.731 454.49 574.454 638.147 680.206 87.0 687.769 119.128 400.293 21.217 241.287 310.528 793.998 706.394 266.959 637.13 508.264 605.222 23.224 401.448 1000000000.0 955.305 654.943 606.426 727.778 968.512 852.477 738.881 936.264 57.34 498.867 828.664 888.823 428.187 765.316 919.888 600.984 151.3 876.849 553.279 879.935 471.176 549.039
584.751 62.572 211.324 556.775 283.632 826.257 230.059 398.222 238.443 340.269 325.371 514.283 108.95 703.596 127.212 533.271 840.361 783.661 430.076 20.864 664.559 843.029 28.589 683.756 621.399 530.628 617.12 955.305 1000000000.0 900.697 73.055 672.956 665.779 673.998 477.567 314.65 143.5 523.9 245.922 272.517 852.117 372.017 265.604 629.138 406.158 466.586 569.872 48.437 828.695 48.121
171.242 36.062 277.982 913.756 535.966 451.42 176.801 199.232 752.529 860.909 9.332 828.999 428.221 208.187 317.412 904.548 425.255 330.043 779.353 4.291 168.017 692.576 821.267 752.072 286.657 144.411 78.554 654.943 900.697 1000000000.0 579.358 644.442 904.297 984.43 986.664 22.477 456.225 872.989 944.678 912.332 35.168 114.262 189.724 133.63 651.92 82.223 872.369 85.205 487.288 868.365
835.397 336.03 82.603 896.66 805.885 293.285 346.332 614.814 808.536 262.405 1.864 531.814 433.879 443.975 996.365 650.303 62.45 574.433 253.561 740.465 267.115 952.637 877.142 474.995 594.999 910.66 353.004 606.426 73.055 579.358 1000000000.0 673.854 298.688 440.922 551.57 988.698 719.742 526.532 338.865 994.557 525.459 420.769 221.74 581.6 962.014 817.508 914.592 605.685 727.43 904.865
206.861 264.053 115.239 449.99 730.005 323.142 200.284 296.493 991.767 887.236 661.834 413.27 242.994 234.829 371.952 476.664 475.566 888.808 98.527 817.259 943.315 938.927 442.254 128.193 498.206 211.317 731.803 727.778 672.956 644.442 673.854 1000000000.0 595.187 976.35 999.47 929.218 159.524 725.658 207.842 529.638 62.516 926.593 604.005 56.912 573.644 192.253 298.922 739.687 700.644 897.941
597.883 759.149 257.259 566.379 436.058 865.737 948.779 534.599 954.75 874.586 497.549 320.847 15.812 913.0 773.89 250.384 763.557 604.07 83.404 834.367 868.219 358.634 610.774 430.587 211.02 973.721 432.764 968.512 665.779 904.297 298.688 595.187 1000000000.0 653.715 255.538 242.363 377.981 960.966 610.614 631.237 737.43 519.444 314.631 312.017 424.297 213.022 786.916 737.014 94.417 58.317
942.214 845.384 327.171 508.11 350.939 343.311 810.116 281.294 863.388 794.669 625.929 213.527 731.239 674.984 586.709 853.94 173.168 320.533 895.923 888.402 628.592 148.297 9.305 89.157 300.005 502.642 332.793 852.477 673.998 984.43 440.922 976.35 653.715 1000000000.0 347.579 816.78 779.28 320.681 392.742 271.555 413.881 196.337 773.94 927.344 318.812 316.605 752.392 598.572 360.377 693.32
643.101 95.745 23.324 708.066 33.157 370.31 904.471 938.69 528.491 744.724 950.052 915.003 181.479 629.922 328.619 644.903 244.327 300.512 314.787 630.547 188.777 926.75 74.958 95.071 211.884 938.042 404.367 738.881 477.567 986.664 551.57 999.47 255.538 347.579 1000000000.0 826.432 156.079 936.803 652.648 774.187 36.384 879.404 182.751 915.066 296.533 742.717 911.646 511.839 955.538 784.51
121.053 534.438 646.886 920.289 120.705 317.916 12.866 204.76 547.067 547.774 357.325 194.359 784.572 325.157 769.465 597.541 610.652 200.266 283.062 975.416 222.534 56.226 8.018 880.045 11.326 372.426 183.929 936.264 314.65 22.477 988.698 929.218 242.363 816.78 826.432 1000000000.0 725.024 600.136 434.307 382.974 412.703 299.133 330.55 408.508 113.95 536.306 614.26 91.661 252.655 358.406
586.625 229.03 331.879 145.235 709.753 807.858 637.226 234.016 518.856 591.303 216.414 447.291 642.122 91.518 826.803 877.881 922.003 647.561 374.593 295.835 402.289 442.813 748.99 603.126 489.48 491.82 902.664 57.34 143.5 456.225 719.742 159.524 377.981 779.28 156.079 725.024 1000000000.0 16.086 786.425 160.108 585.305 112.081 75.311 390.065 192.591 768.281 408.447 644.053 193.423 441.582
986.558 787.007 833.034 949.071 307.34 262.444 171.35 100.575 717.118 877.688 312.335 666.174 587.232 828.264 700.529 659.706 845.219 382.576 290.754 823.309 331.291 172.658 930.349 195.87 269.055 839.816 73.278 498.867 523.9 872.989 526.532 725.658 960.966 320.681 936.803 600.136 16.086 1000000000.0 911.609 889.881 166.956 100.237 937.567 256.855 247.86 797.657 27.292 701.323 394.203 579.91
42.651 922.625 598.89 192.405 335.538 842.004 167.151 948.052 789.973 981.376 654.361 746.001 849.803 22.882 262.624 682.645 2.701 230.976 743.491 493.681 547.459 26.045 566.269 229.847 208.282 942.477 368.946 828.664 245.922 944.678 338.865 207.842 610.614 392.742 652.648 434.307 786.425 911.609 1000000000.0 44.204 295.222 778.262 767.358 284.869 827.402 929.106 449.479 570.971 643.761 967.624
536.098 864.161 126.96 466.748 865.287 218.38 58.436 484.766 431.283 191.181 904.002 315.018 371.058 518.451 406.005 856.87 29.377 24.464 722.6 799.681 614.184 730.403 367.95 837.647 768.426 106.964 925.721 888.823 272.517 912.332 994.557 529.638 631.237 271.555 774.187 382.974 160.108 889.881 44.204 1000000000.0 513.498 794.915 649.23 471.134 610.828 484.467 379.998 746.81 431.707 174.802
681.609 818.118 145.544 13.371 724.898 109.5 542.835 966.316 727.813 33.248 744.601 470.832 231.034 265.175 985.908 121.894 579.606 199.764 432.272 474.577 172.328 62.249 341.047 894.142 35.628 931.296 50.019 428.187 852.117 35.168 525.459 62.516 737.43 413.881 36.384 412.703 585.305 166.956 295.222 513.498 1000000000.0 81.135 799.055 707.203 127.748 443.317 25.434 14.51 857.628 626.986
59.179 1.602 866.591 992.722 658.336 975.906 358.401 19.854 727.027 735.845 555.18 932.753 764.995 560.114 292.371 207.082 485.518 948.091 597.438 705.749 979.267 340.007 713.222 915.843 888.215 913.038 608.394 765.316 372.017 114.262 420.769 926.593 519.444 196.337 879.404 299.133 112.081 100.237 778.262 794.915 81.135 1000000000.0 579.996 83.724 546.774 617.387 441.334 427.411 332.083 523.645
970.645 692.243 223.679 718.008 696.718 825.924 109.174 558.136 297.256 134.992 857.809 396.646 995.127 759.556 357.598 494.801 682.162 685.013 541.075 365.711 614.358 208.611 446.791 289.579 210.533 32.999 420.02 919.888 265.604 189.724 221.74 604.005 314.631 773.94 182.751 330.55 75.311 937.567 767.358 649.23 799.055 579.996 1000000000.0 513.304 987.639 231.763 146.476 178.0 552.329 190.271
729.038 784.971 484.248 590.228 898.9 896.488 515.001 953.406 275.369 495.863 302.767 999.364 864.471 206.529 949.62 940.239 74.078 454.872 153.626 856.344 163.173 630.862 673.863 120.179 52.085 4.392 323.825 600.984 629.138 133.63 581.6 56.912 312.017 927.344 915.066 408.508 390.065 256.855 284.869 471.134 707.203 83.724 513.304 1000000000.0 431.487 196.707 981.158 478.898 290.163 162.697
943.586 907.565 953.384 337.093 488.788 513.607 213.068 272.081 769.051 160.209 326.155 381.615 327.65 745.616 679.163 95.975 399.843 471.093 201.214 703.988 366.549 157.207 955.199 755.829 4.855 737.771 712.358 151.3 406.158 651.92 962.014 573.644 424.297 318.812 296.533 113.95 192.591 247.86 827.402 610.828 127.748 546.774 987.639 431.487 1000000000.0 829.498 503.24 188.913 543.359 800.993
230.637 413.933 626.35 849.424 315.579 734.702 173.81 659.554 217.531 151.206 197.884 754.275 657.352 301.346 460.62 314.61 45.576 675.829 755.33 494.345 787.31 817.314 643.683 686.274 962.181 278.279 59.672 876.849 466.586 82.223 817.508 192.253 213.022 316.605 742.717 536.306 768.281 797.657 929.106 484.467 443.317 617.387 231.763 196.707 829.498 1000000000.0 997.538 949.241 239.452 463.084
32.43 776.577 708.737 831.044 796.723 526.247 245.981 113.771 351.163 428.506 710.244 701.615 467.445 649.974 386.281 534.088 547.603 113.579 756.804 776.916 292.591 822.283 524.471 979.022 814.759 992.1 456.347 553.279 569.872 872.369 914.592 298.922 786.916 752.392 911.646 614.26 408.447 27.292 449.479 379.998 25.434 441.334 146.476 981.158 503.24 997.538 1000000000.0 609.057 672.638 713.861
642.13 716.765 42.417 759.833 838.411 698.059 722.862 679.552 263.9 206.777 907.661 177.54 459.488 560.598 574.868 150.611 828.974 85.058 924.9 28.491 848.912 59.068 725.108 516.859 131.573 893.385 398.372 879.935 48.437 85.205 605.685 739.687 737.014 598.572 511.839 91.661 644.053 701.323 570.971 746.81 14.51 427.411 178.0 478.898 188.913 949.241 609.057 1000000000.0 308.618 200.236
784.422 279.123 130.756 258.242 53.912 999.378 716.644 707.994 813.998 16.615 769.537 593.103 666.201 569.355 942.417 453.716 310.528 967.589 174.046 572.725 215.27 712.242 310.346 104.922 408.646 202.114 314.116 471.176 828.695 487.288 727.43 700.644 94.417 360.377 955.538 252.655 193.423 394.203 643.761 431.707 857.628 332.083 552.329 290.163 543.359 239.452 672.638 308.618 1000000000.0 764.947
940.179 15.252 415.315 509.906 325.113 412.578 949.8 767.012 622.899 618.327 553.172 982.459 353.99 726.126 478.119 682.604 180.04 816.719 741.241 554.927 537.496 134.265 985.215 63.62 700.652 977.236 8.162 549.039 48.121 868.365 904.865 897.941 58.317 693.32 784.51 358.406 441.582 579.91 967.624 174.802 626.986 523.645 190.271 162.697 800.993 463.084 713.861 200.236 764.947 1000000000.0
