50
1000000000.0 119.66 531.975 682.562 998.627 507.533 129.477 576.989 344.479 512.587 563.407 750.635 210.195 414.211 914.292 839.483 720.851 991.671 815.664 258.498 830.258 976.688 262.513 645.947 6.485 13.578 40.293 897.102 66.658 166.851 88.161 898.672 348.101 941.212 992.338 170.789 944.67 826.476 772.677 489.02 460.887 447.842 977.432 29.119 956.96 426.7 501.686 947.006 147.551 304.811
119.66 1000000000.0 193.854 180.586 594.021 900.061 18.581 852.61 135.051 527.501 922.839 787.686 370.715 214.221 171.347 265.957 247.58 59.461 89.134 68.693 958.833 58.124 824.869 976.786 335.484 523.845 983.407 182.47 934.185 354.971 33.775 112.721 319.456 601.383 106.807 160.264 927.179 870.147 767.605 923.537 887.137 623.966 218.844 546.916 773.757 965.973 730.479 734.613 150.343 462.937
531.975 193.854 1000000000.0 343.316 792.663 138.761 158.677 697.177 91.994 923.287 791.352 448.293 814.969 614.216 391.695 982.845 681.363 458.738 875.084 872.147 954.527 527.986 106.258 25.953 487.81 624.716 925.216 772.21 552.321 117.971 211.621 135.848 406.353 86.872 914.703 882.478 871.326 247.131 423.298 765.473 730.163 196.985 971.247 869.694 734.932 35.183 488.038 105.208 57.285 187.277
682.562 180.586 343.316 1000000000.0 199.983 286.852 844.729 883.988 328.006 457.952 12.001 282.158 342.161 947.225 273.079 501.854 621.491 88.626 905.251 186.989 766.068 240.098 280.08 223.859 793.631 177.18 661.02 806.223 756.202 408.177 582.939 548.907 483.336 845.678 149.388 900.135 911.202 797.452 673.941 576.84 170.158 940.584 207.329 156.333 434.232 503.16 66.698 590.65 433.883 801.25
998.627 594.021 792.663 199.983 1000000000.0 639.809 719.144 860.553 444.148 461.711 492.343 10.711 401.45 257.082 665.747 278.912 416.391 243.611 647.319 234.313 470.23 884.52 89.129 54.352 599.525 257.054 563.074 264.873 39.928 431.795 657.759 709.056 468.732 73.834 796.781 310.386 611.935 615.925 627.121 880.056 137.826 374.417 68.666 471.745 650.781 667.411 381.439 20.69 736.388 844.658
507.533 900.061 138.761 286.852 639.809 1000000000.0 844.003 972.176 35.315 928.724 780.327 349.385 882.577 175.135 624.007 462.763 237.133 356.835 335.002 475.912 541.403 904.439 813.511 673.428 966.274 399.049 482.063 330.819 110.862 300.538 197.48 384.72 198.954 689.671 996.972 412.966 704.537 249.654 89.167 460.892 659.802 25.494 40.054 262.208 681.493 274.619 156.87 620.046 867.926 483.124
129.477 18.581 158.677 844.729 719.144 844.003 1000000000.0 32.498 428.431 781.429 70.2 80.981 475.613 247.331 193.924 954.49 293.712 610.775 785.604 52.738 996.955 628.683 546.242 765.671 599.301 780.827 630.186 123.412 378.713 16.255 945.934 446.286 872.124 679.368 92.942 496.634 202.702 962.43 86.941 571.679 449.582 322.122 985.251 498.47 927.029 623.509 943.501 393.496 570.875 791.624
576.989 852.61 697.177 883.988 860.553 972.176 32.498 1000000000.0 661.13 284.544 918.899 304.406 977.187 337.523 805.734 6.686 931.999 123.007 868.062 211.791 646.743 677.918 626.519 780.861 398.935 134.438 982.217 592.662 581.536 773.15 361.326 650.275 811.104 934.891 960.982 290.585 905.072 257.597 906.907 661.364 202.272 88.1 28.28 989.087 147.753 890.087 761.156 932.159 575.572 517.351
344.479 135.051 91.994 328.006 444.148 35.315 428.431 661.13 1000000000.0 59.814 531.499 149.515 147.26 110.769 91.305 436.401 757.862 331.457 13.666 739.843 445.523 709.812 211.959 303.959 243.079 759.157 298.955 317.813 652.678 72.188 366.622 927.283 501.707 18.328 274.044 468.785 398.781 120.637 92.087 112.484 554.072 808.017 542.988 546.016 838.786 76.45 281.182 540.296 813.155 805.47
512.587 527.501 923.287 457.952 461.711 928.724 781.429 284.544 59.814 1000000000.0 256.525 775.99 140.059 607.857 846.156 640.898 384.924 817.769 367.686 498.77 590.724 968.408 611.247 308.24 689.328 616.859 143.633 214.633 265.817 713.128 245.323 475.115 225.543 616.087 777.985 431.859 416.925 854.093 728.319 104.031 343.278 351.749 618.407 562.609 297.081 469.675 44.402 109.389 922.529 797.54
563.407 922.839 791.352 12.001 492.343 780.327 70.2 918.899 531.499 256.525 1000000000.0 383.173 43.267 495.339 531.682 201.102 15.858 567.828 778.063 638.607 2.296 995.179 26.257 83.285 112.903 580.689 497.079 634.509 879.667 505.241 549.621 635.735 534.51 125.624 903.325 176.87 844.026 919.513 526.714 361.974 37.154 751.606 584.23 881.75 381.836 457.017 344.875 794.948 672.22 393.983
750.635 787.686 448.293 282.158 10.711 349.385 80.981 304.406 149.515 775.99 383.173 1000000000.0 87.075 107.376 37.169 908.812 290.026 770.039 281.237 254.08 979.899 23.334 642.624 41.478 699.374 450.218 93.522 669.213 237.982 310.061 812.213 309.02 836.302 257.237 844.804 428.513 358.661 620.437 260.877 590.121 428.32 544.764 346.874 398.518 701.92 328.066 917.735 34.451 234.855 529.191
210.195 370.715 814.969 342.161 401.45 882.577 475.613 977.187 147.26 140.059 43.267 87.075 1000000000.0 711.674 494.899 120.484 469.683 664.303 528.551 426.661 276.629 228.003 191.656 93.986 775.462 330.647 668.194 449.717 354.358 234.171 155.877 843.455 703.3 458.369 647.585 523.572 10.699 113.718 477.199 94.583 600.841 479.692 902.008 297.736 903.668 36.874 648.164 985.567 783.314 439.887
414.211 214.221 614.216 947.225 257.082 175.135 247.331 337.523 110.769 607.857 495.339 107.376 711.674 1000000000.0 920.059 470.113 602.608 457.398 307.668 797.879 867.716 378.939 268.493 493.547 446.386 177.006 210.152 636.394 516.303 538.668 792.654 615.828 916.518 165.507 686.054 237.679 416.666 290.364 259.545 713.53 854.499 380.379 992.831 683.024 302.342 904.009 425.267 92.22 158.246 599.743
914.292 171.347 391.695 273.079 665.747 624.007 193.924 805.734 91.305 846.156 531.682 37.169 494.899 920.059 1000000000.0 894.441 972.031 396.09 111.609 845.768 978.605 894.848 298.353 159.372 903.147 627.002 208.286 971.177 5.162 342.251 253.845 44.324 792.396 329.482 94.402 187.31 855.686 413.97 936.884 976.624 752.524 466.731 823.234 335.109 393.601 456.662 675.927 660.054 925.075 148.062
839.483 265.957 982.845 501.854 278.912 462.763 954.49 6.686 436.401 640.898 201.102 908.812 120.484 470.113 894.441 1000000000.0 63.81 848.453 884.279 509.163 211.115 8.45 348.94 76.876 376.899 64.884 812.122 380.01 422.198 775.976 397.945 866.092 790.543 17.817 876.275 859.968 116.313 7.342 459.19 527.213 629.572 783.011 599.49 726.298 569.597 838.158 874.718 799.897 816.11 114.981
720.851 247.58 681.363 621.491 416.391 237.133 293.712 931.999 757.862 384.924 15.858 290.026 469.683 602.608 972.031 63.81 1000000000.0 371.405 413.329 238.679 513.023 553.543 650.812 387.047 915.38 654.035 656.581 382.377 67.054 640.612 188.142 355.334 728.743 89.58 421.061 969.445 279.194 485.73 716.544 458.992 254.81 955.375 153.853 554.439 167.311 431.554 859.619 640.769 87.317 922.952
991.671 59.461 458.738 88.626 243.611 356.835 610.775 123.007 331.457 817.769 567.828 770.039 664.303 457.398 396.09 848.453 371.405 1000000000.0 677.946 317.921 161.046 474.304 202.222 863.078 317.558 483.055 244.254 416.885 901.135 663.778 873.066 733.512 156.839 723.226 818.382 569.262 151.205 68.409 767.118 625.616 394.574 223.47 436.457 556.179 513.709 571.745 974.642 38.125 590.96 447.616
815.664 89.134 875.084 905.251 647.319 335.002 785.604 868.062 13.666 367.686 778.063 281.237 528.551 307.668 111.609 884.279 413.329 677.946 1000000000.0 213.469 787.423 707.59 111.301 100.147 821.989 663.048 699.034 389.025 911.435 371.456 125.309 774.154 761.387 440.651 493.312 759.902 209.861 47.189 699.206 521.207 850.19 414.749 600.569 444.982 424.189 272.028 257.222 140.216 241.317 777.301
258.498 68.693 872.147 186.989 234.313 475.912 52.738 211.791 739.843 498.77 638.607 254.08 426.661 797.879 845.768 509.163 238.679 317.921 213.469 1000000000.0 622.66 175.925 519.675 965.529 855.716 781.435 534.067 96.774 212.984 131.648 875.309 591.925 95.906 651.653 259.873 905.637 897.555 492.738 582.129 723.042 325.342 563.808 651.814 291.91 8.658 461.391 148.849 983.209 757.262 746.628
830.258 958.833 954.527 766.068 470.23 541.403 996.955 646.743 445.523 590.724 2.296 979.899 276.629 867.716 978.605 211.115 513.023 161.046 787.423 622.66 1000000000.0 886.515 382.094 601.076 545.03 371.606 277.063 208.881 576.525 247.733 733.581 85.99 259.688 533.625 115.624 219.757 437.556 639.528 74.777 56.745 131.581 567.018 6.375 721.433 560.803 2.663 153.104 273.563 243.055 323.815
976.688 58.124 527.986 240.098 884.52 904.439 628.683 677.918 709.812 968.408 995.179 23.334 228.003 378.939 894.848 8.45 553.543 474.304 707.59 175.925 886.515 1000000000.0 149.033 708.854 284.063 920.817 716.804 813.803 867.833 501.408 517.226 324.281 356.602 374.641 538.394 183.306 696.373 181.775 508.283 17.558 953.036 719.019 296.043 493.911 239.306 111.158 144.246 807.712 10.894 793.095
262.513 824.869 106.258 280.08 89.129 813.511 546.242 626.519 211.959 611.247 26.257 642.624 191.656 268.493 298.353 348.94 650.812 202.222 111.301 519.675 382.094 149.033 1000000000.0 63.45 617.889 728.421 953.545 36.078 610.371 319.439 969.698 808.46 998.09 202.378 81.392 705.917 624.556 233.139 811.991 841.368 465.016 246.61 202.758 740.728 547.758 809.486 577.052 159.349 813.422 5.267
645.947 976.786 25.953 223.859 54.352 673.428 765.671 780.861 303.959 308.24 83.285 41.478 93.986 493.547 159.372 76.876 387.047 863.078 100.147 965.529 601.076 708.854 63.45 1000000000.0 797.461 24.769 14.516 849.248 535.3 78.711 770.111 450.198 912.116 704.706 891.675 338.239 139.408 587.342 379.931 236.336 361.909 93.712 474.151 496.631 973.695 573.278 201.403 865.339 68.73 384.346
6.485 335.484 487.81 793.631 599.525 966.274 599.301 398.935 243.079 689.328 112.903 699.374 775.462 446.386 903.147 376.899 915.38 317.558 821.989 855.716 545.03 284.063 617.889 797.461 1000000000.0 669.513 528.05 870.704 438.926 433.985 854.723 123.399 904.081 449.325 268.055 443.835 782.222 8.206 363.066 849.13 211.357 61.526 179.833 317.177 375.85 520.91 78.267 817.937 48.112 873.08
13.578 523.845 624.716 177.18 257.054 399.049 780.827 134.438 759.157 616.859 580.689 450.218 330.647 177.006 627.002 64.884 654.035 483.055 663.048 781.435 371.606 920.817 728.421 24.769 669.513 1000000000.0 421.882 107.097 931.873 266.565 171.788 466.994 718.628 873.322 231.707 595.871 931.3 708.425 330.044 368.009 267.681 468.733 762.453 514.4 878.77 444.883 581.887 704.726 726.811 149.03
40.293 983.407 925.216 661.02 563.074 482.063 630.186 982.217 298.955 143.633 497.079 93.522 668.194 210.152 208.286 812.122 656.581 244.254 699.034 534.067 277.063 716.804 953.545 14.516 528.05 421.882 1000000000.0 460.545 773.265 320.687 87.247 400.234 179.961 284.973 727.719 502.103 861.888 204.565 4.803 171.478 8.964 846.496 615.078 155.111 24.843 740.346 258.479 305.074 261.389 799.347
897.102 182.47 772.21 806.223 264.873 330.819 123.412 592.662 317.813 214.633 634.509 669.213 449.717 636.394 971.177 380.01 382.377 416.885 389.025 96.774 208.881 813.803 36.078 849.248 870.704 107.097 460.545 1000000000.0 62.032 323.748 127.343 85.296 912.807 330.626 275.917 499.745 754.577 671.34 812.825 222.825 739.142 248.723 720.321 249.53 891.463 774.405 909.017 175.829 901.337 192.126
66.658 934.185 552.321 756.202 39.928 110.862 378.713 581.536 652.678 265.817 879.667 237.982 354.358 516.303 5.162 422.198 67.054 901.135 911.435 212.984 576.525 867.833 610.371 535.3 438.926 931.873 773.265 62.032 1000000000.0 716.844 965.739 635.043 845.054 486.521 317.394 500.426 662.123 673.6 584.728 254.511 676.867 71.4 884.182 209.598 798.195 568.578 715.432 544.132 122.463 482.097
166.851 354.971 117.971 408.177 431.795 300.538 16.255 773.15 72.188 713.128 505.241 310.061 234.171 538.668 342.251 775.976 640.612 663.778 371.456 131.648 247.733 501.408 319.439 78.711 433.985 266.565 320.687 323.748 716.844 1000000000.0 75.734 805.828 466.48 348.174 985.463 445.356 132.356 579.406 244.328 492.21 444.49 409.124 127.362 705.591 763.489 288.047 406.184 863.191 3.802 418.69
88.161 33.775 211.621 582.939 657.759 197.48 945.934 361.326 366.622 245.323 549.621 812.213 155.877 792.654 253.845 397.945 188.142 873.066 125.309 875.309 733.581 517.226 969.698 770.111 854.723 171.788 87.247 127.343 965.739 75.734 1000000000.0 233.414 602.003 272.138 885.95 543.108 263.049 914.045 636.673 536.124 323.957 426.303 264.117 671.443 2.598 907.835 296.288 613.066 645.625 467.558
898.672 112.721 135.848 548.907 709.056 384.72 446.286 650.275 927.283 475.115 635.735 309.02 843.455 615.828 44.324 866.092 355.334 733.512 774.154 591.925 85.99 324.281 808.46 450.198 123.399 466.994 400.234 85.296 635.043 805.828 233.414 1000000000.0 242.124 527.783 263.019 952.23 381.554 651.748 623.556 267.467 43.102 587.483 42.191 605.043 418.085 64.208 728.375 657.89 22.965 888.512
348.101 319.456 406.353 483.336 468.732 198.954 872.124 811.104 501.707 225.543 534.51 836.302 703.3 916.518 792.396 790.543 728.743 156.839 761.387 95.906 259.688 356.602 998.09 912.116 904.081 718.628 179.961 912.807 845.054 466.48 602.003 242.124 1000000000.0 158.568 318.228 456.777 100.334 981.295 66.315 519.824 722.58 258.811 803.324 738.211 171.487 212.899 554.425 9.36 628.181 626.764
941.212 601.383 86.872 845.678 73.834 689.671 679.368 934.891 18.328 616.087 125.624 257.237 458.369 165.507 329.482 17.817 89.58 723.226 440.651 651.653 533.625 374.641 202.378 704.706 449.325 873.322 284.973 330.626 486.521 348.174 272.138 527.783 158.568 1000000000.0 11.452 837.809 287.008 574.075 59.136 176.027 917.0 600.558 604.103 606.681 810.775 379.6 128.15 481.778 140.812 583.112
992.338 106.807 914.703 149.388 796.781 996.972 92.942 960.982 274.044 777.985 903.325 844.804 647.585 686.054 94.402 876.275 421.061 818.382 493.312 259.873 115.624 538.394 81.392 891.675 268.055 231.707 727.719 275.917 317.394 985.463 885.95 263.019 318.228 11.452 1000000000.0 673.959 997.151 766.664 590.171 4.49 972.103 790.944 225.678 559.531 7.883 445.944 977.631 445.151 234.441 610.879
170.789 160.264 882.478 900.135 310.386 412.966 496.634 290.585 468.785 431.859 176.87 428.513 523.572 237.679 187.31 859.968 969.445 569.262 759.902 905.637 219.757 183.306 705.917 338.239 443.835 595.871 502.103 499.745 500.426 445.356 543.108 952.23 456.777 837.809 673.959 1000000000.0 743.315 277.036 125.023 521.988 550.197 894.046 410.798 252.658 75.824 727.112 111.67 438.025 76.047 329.785
944.67 927.179 871.326 911.202 611.935 704.537 202.702 905.072 398.781 416.925 844.026 358.661 10.699 416.666 855.686 116.313 279.194 151.205 209.861 897.555 437.556 696.373 624.556 139.408 782.222 931.3 861.888 754.577 662.123 132.356 263.049 381.554 100.334 287.008 997.151 743.315 1000000000.0 385.487 522.856 375.081 514.985 963.855 92.898 251.113 68.685 916.494 843.147 30.298 14.478 156.48
826.476 870.147 247.131 797.452 615.925 249.654 962.43 257.597 120.637 854.093 919.513 620.437 113.718 290.364 413.97 7.342 485.73 68.409 47.189 492.738 639.528 181.775 233.139 587.342 8.206 708.425 204.565 671.34 673.6 579.406 914.045 651.748 981.295 574.075 766.664 277.036 385.487 1000000000.0 701.812 683.067 891.89 871.593 264.248 565.973 651.027 999.43 167.272 267.679 472.477 256.075
772.677 767.605 423.298 673.941 627.121 89.167 86.941 906.907 92.087 728.319 526.714 260.877 477.199 259.545 936.884 459.19 716.544 767.118 699.206 582.129 74.777 508.283 811.991 379.931 363.066 330.044 4.803 812.825 584.728 244.328 636.673 623.556 66.315 59.136 590.171 125.023 522.856 701.812 1000000000.0 337.665 376.137 506.736 504.108 472.949 864.813 414.499 929.266 968.991 969.263 842.016
489.02 923.537 765.473 576.84 880.056 460.892 571.679 661.364 112.484 104.031 361.974 590.121 94.583 713.53 976.624 527.213 458.992 625.616 521.207 723.042 56.745 17.558 841.368 236.336 849.13 368.009 171.478 222.825 254.511 492.21 536.124 267.467 519.824 176.027 4.49 521.988 375.081 683.067 337.665 1000000000.0 552.343 741.97 289.83 591.912 44.039 152.842 716.917 862.722 685.878 775.814
460.887 887.137 730.163 170.158 137.826 659.802 449.582 202.272 554.072 343.278 37.154 428.32 600.841 854.499 752.524 629.572 254.81 394.574 850.19 325.342 131.581 953.036 465.016 361.909 211.357 267.681 8.964 739.142 676.867 444.49 323.957 43.102 722.58 917.0 972.103 550.197 514.985 891.89 376.137 552.343 1000000000.0 980.279 121.001 748.772 883.822 211.399 625.7 809.665 38.71 958.836
447.842 623.966 196.985 940.584 374.417 25.494 322.122 88.1 808.017 351.749 751.606 544.764 479.692 380.379 466.731 783.011 955.375 223.47 414.749 563.808 567.018 719.019 246.61 93.712 61.526 468.733 846.496 248.723 71.4 409.124 426.303 587.483 258.811 600.558 790.944 894.046 963.855 871.593 506.736 741.97 980.279 1000000000.0 553.305 536.182 144.759 883.042 687.957 155.494 57.405 686.375
977.432 218.844 971.247 207.329 68.666 40.054 985.251 28.28 542.988 618.407 584.23 346.874 902.008 992.831 823.234 599.49 153.853 436.457 600.569 651.814 6.375 296.043 202.758 474.151 179.833 762.453 615.078 720.321 884.182 127.362 264.117 42.191 803.324 604.103 225.678 410.798 92.898 264.248 504.108 289.83 121.001 553.305 1000000000.0 294.732 787.611 375.171 352.467 957.41 222.406 416.074
29.119 546.916 869.694 156.333 471.745 262.208 498.47 989.087 546.016 562.609 881.75 398.518 297.736 683.024 335.109 726.298 554.439 556.179 444.982 291.91 721.433 493.911 740.728 496.631 317.177 514.4 155.111 249.53 209.598 705.591 671.443 605.043 738.211 606.681 559.531 252.658 251.113 565.973 472.949 591.912 748.772 536.182 294.732 1000000000.0 39.783 315.056 240.64 401.198 482.056 261.398
956.96 773.757 734.932 434.232 650.781 681.493 927.029 147.753 838.786 297.081 381.836 701.92 903.668 302.342 393.601 569.597 167.311 513.709 424.189 8.658 560.803 239.306 547.758 973.695 375.85 878.77 24.843 891.463 798.195 763.489 2.598 418.085 171.487 810.775 7.883 75.824 68.685 651.027 864.813 44.039 883.822 144.759 787.611 39.783 1000000000.0 774.5 933.477 636.317 127.689 149.88
426.7 965.973 35.183 503.16 667.411 274.619 623.509 890.087 76.45 469.675 457.017 328.066 36.874 904.009 456.662 838.158 431.554 571.745 272.028 461.391 2.663 111.158 809.486 573.278 520.91 444.883 740.346 774.405 568.578 288.047 907.835 64.208 212.899 379.6 445.944 727.112 916.494 999.43 414.499 152.842 211.399 883.042 375.171 315.056 774.5 1000000000.0 279.689 23.55 604.414 86.555
501.686 730.479 488.038 66.698 381.439 156.87 943.501 761.156 281.182 44.402 344.875 917.735 648.164 425.267 675.927 874.718 859.619 974.642 257.222 148.849 153.104 144.246 577.052 201.403 78.267 581.887 258.479 909.017 715.432 406.184 296.288 728.375 554.425 128.15 977.631 111.67 843.147 167.272 929.266 716.917 625.7 687.957 352.467 240.64 933.477 279.689 1000000000.0 488.621 966.974 731.353
947.006 734.613 105.208 590.65 20.69 620.046 393.496 932.159 540.296 109.389 794.948 34.451 985.567 92.22 660.054 799.897 640.769 38.125 140.216 983.209 273.563 807.712 159.349 865.339 817.937 704.726 305.074 175.829 544.132 863.191 613.066 657.89 9.36 481.778 445.151 438.025 30.298 267.679 968.991 862.722 809.665 155.494 957.41 401.198 636.317 23.55 488.621 1000000000.0 483.02 934.425
147.551 150.343 57.285 433.883 736.388 867.926 570.875 575.572 813.155 922.529 672.22 234.855 783.314 158.246 925.075 816.11 87.317 590.96 241.317 757.262 243.055 10.894 813.422 68.73 48.112 726.811 261.389 901.337 122.463 3.802 645.625 22.965 628.181 140.812 234.441 76.047 14.478 472.477 969.263 685.878 38.71 57.405 222.406 482.056 127.689 604.414 966.974 483.02 1000000000.0 111.723
304.811 462.937 187.277 801.25 844.658 483.124 791.624 517.351 805.47 797.54 393.983 529.191 439.887 599.743 148.062 114.981 922.952 447.616 777.301 746.628 323.815 793.095 5.267 384.346 873.08 149.03 799.347 192.126 482.097 418.69 467.558 888.512 626.764 583.112 610.879 329.785 156.48 256.075 842.016 775.814 958.836 686.375 416.074 261.398 149.88 86.555 731.353 934.425 111.723 1000000000.0
