50
1000000000.0 201.755 593.89 647.924 995.278 269.553 670.807 973.571 45.791 950.223 884.627 417.667 42.133 912.538 900.518 783.043 878.775 284.694 262.658 863.992 845.395 270.116 766.672 626.798 367.885 655.464 786.96 151.842 718.165 836.305 61.254 186.305 938.59 251.179 423.538 390.329 774.984 665.984 845.714 201.504 173.577 69.345 96.206 941.688 879.291 984.216 526.443 324.171 4.092 571.999
201.755 1000000000.0 309.921 508.584 279.874 331.367 109.027 915.592 171.661 913.385 713.742 747.303 897.487 603.065 671.249 578.931 94.209 977.837 884.71 937.933 563.511 810.367 600.307 556.611 482.968 18.717 2.294 161.613 104.043 44.019 662.513 821.139 701.24 341.151 821.74 757.065 696.054 47.327 397.673 919.915 686.206 832.249 166.708 1.12 715.758 759.063 898.785 740.589 440.456 960.908
593.89 309.921 1000000000.0 210.137 988.749 568.756 702.64 438.644 332.936 963.994 50.237 879.751 510.327 963.453 755.275 809.837 157.763 662.231 713.628 714.659 815.5 675.188 93.256 481.551 172.864 815.501 770.453 257.168 689.341 835.516 119.102 914.806 334.029 750.883 55.424 976.925 598.235 663.098 183.609 973.25 580.5 445.134 786.736 438.411 996.821 566.291 3.576 647.647 203.906 109.843
647.924 508.584 210.137 1000000000.0 822.418 145.306 871.375 917.703 570.517 647.836 45.199 844.186 660.263 16.238 60.733 774.71 482.271 841.647 141.148 108.239 689.574 560.213 425.095 865.572 101.005 855.592 56.466 973.446 728.33 498.461 256.936 322.187 419.361 685.862 958.885 427.131 251.836 420.735 238.855 125.514 362.906 645.217 685.413 981.775 870.801 457.0 42.537 833.264 718.638 448.223
995.278 279.874 988.749 822.418 1000000000.0 320.517 691.976 152.404 240.387 325.271 703.587 47.316 152.142 400.348 188.201 349.985 264.137 926.045 239.68 353.287 106.326 593.698 922.644 5.897 92.231 776.539 704.681 696.201 816.548 362.931 251.71 403.321 954.088 414.904 15.724 659.136 918.941 354.961 495.911 427.36 536.119 992.719 33.715 622.966 897.987 725.443 447.354 199.715 56.418 785.041
269.553 331.367 568.756 145.306 320.517 1000000000.0 236.211 309.719 851.505 387.407 975.661 441.53 741.06 587.498 317.912 864.039 430.952 988.752 2.741 941.912 988.62 470.351 837.883 96.475 754.114 691.231 109.173 548.111 42.436 204.894 738.028 995.216 13.795 993.178 642.666 570.638 539.268 854.658 693.144 432.77 542.95 697.495 143.408 847.545 275.37 200.246 371.327 132.294 321.915 949.979
670.807 109.027 702.64 871.375 691.976 236.211 1000000000.0 527.259 436.41 443.665 200.167 195.376 714.689 872.821 205.548 998.623 957.65 702.599 678.009 515.723 549.499 325.521 136.033 933.193 652.325 200.403 180.448 234.612 594.329 987.817 82.444 387.239 982.86 871.864 434.712 734.867 98.307 488.285 687.38 402.211 33.68 642.972 132.616 284.644 265.878 151.48 28.718 603.306 943.944 984.657
973.571 915.592 438.644 917.703 152.404 309.719 527.259 1000000000.0 907.782 374.711 195.45 306.641 577.267 929.788 738.693 599.666 476.479 598.623 551.603 202.773 586.986 891.69 977.758 803.209 159.196 200.366 276.27 369.567 482.692 942.908 66.376 923.293 769.365 72.056 296.387 14.75 842.238 911.141 838.78 10.714 254.517 455.072 528.556 697.061 669.308 692.204 661.072 298.342 780.371 197.807
45.791 171.661 332.936 570.517 240.387 851.505 436.41 907.782 1000000000.0 725.372 187.564 974.095 529.247 420.991 349.987 161.75 277.736 73.476 274.175 956.133 892.491 503.25 123.93 956.2 162.204 477.97 214.66 475.625 921.257 138.893 901.58 411.946 574.367 144.356 536.064 162.745 668.888 850.414 835.738 429.887 629.828 757.986 337.248 998.436 468.082 508.229 696.156 749.742 973.121 833.539
950.223 913.385 963.994 647.836 325.271 387.407 443.665 374.711 725.372 1000000000.0 517.257 812.059 154.139 745.775 385.199 137.337 343.219 387.162 819.392 893.435 954.525 389.332 713.618 90.704 307.377 914.011 955.721 864.614 650.297 755.911 150.326 765.779 506.983 337.622 223.953 470.386 835.754 158.541 689.255 362.009 646.681 401.706 8.55 688.824 787.794 783.019 999.18 457.048 147.93 740.006
884.627 713.742 50.237 45.199 703.587 975.661 200.167 195.45 187.564 517.257 1000000000.0 678.318 561.689 430.383 296.703 400.623 480.079 500.547 422.502 110.023 603.231 186.303 796.378 978.041 906.971 342.203 719.92 646.464 469.471 634.825 850.134 788.958 16.868 402.861 83.186 557.615 543.907 546.574 996.358 624.607 423.367 411.932 73.581 811.609 983.646 692.855 470.92 23.868 219.015 725.79
417.667 747.303 879.751 844.186 47.316 441.53 195.376 306.641 974.095 812.059 678.318 1000000000.0 651.595 269.596 882.662 813.471 333.91 467.674 823.593 3.145 692.521 453.25 400.721 290.49 527.511 700.478 685.077 412.447 672.175 86.026 757.695 250.67 638.658 301.564 600.405 711.835 733.135 144.245 668.961 967.269 187.03 240.671 744.347 433.639 575.082 599.845 533.396 728.831 261.421 725.699
42.133 897.487 510.327 660.263 152.142 741.06 714.689 577.267 529.247 154.139 561.689 651.595 1000000000.0 840.23 124.833 263.311 835.975 621.863 874.293 414.292 816.011 241.485 283.71 305.571 270.116 871.153 688.694 646.042 290.012 283.76 866.088 820.127 818.656 721.288 423.088 500.124 266.457 378.516 318.339 40.95 241.989 14.602 416.46 326.378 965.454 132.809 587.966 656.033 85.498 192.609
912.538 603.065 963.453 16.238 400.348 587.498 872.821 929.788 420.991 745.775 430.383 269.596 840.23 1000000000.0 593.819 874.806 341.517 409.374 833.906 80.906 295.184 507.037 489.878 7.093 40.184 631.283 396.073 809.182 587.73 5.048 417.679 950.53 234.631 479.817 399.531 947.493 988.691 608.635 75.951 294.786 344.307 536.298 900.915 144.639 589.131 120.824 782.126 666.64 317.739 163.56
900.518 671.249 755.275 60.733 188.201 317.912 205.548 738.693 349.987 385.199 296.703 882.662 124.833 593.819 1000000000.0 167.383 782.893 918.746 864.536 338.202 944.922 127.248 412.469 796.363 396.616 845.894 703.692 274.919 648.437 430.945 49.44 211.082 614.63 637.727 289.939 254.843 511.121 188.428 960.622 381.565 786.159 148.423 720.304 409.207 102.244 235.191 678.914 792.267 421.038 88.747
783.043 578.931 809.837 774.71 349.985 864.039 998.623 599.666 161.75 137.337 400.623 813.471 263.311 874.806 167.383 1000000000.0 167.331 573.239 671.86 846.041 752.979 168.954 166.779 414.079 111.522 736.276 389.587 144.837 575.001 768.44 128.158 182.328 471.824 21.388 151.923 384.596 428.339 847.414 907.251 235.984 358.703 308.095 688.84 66.59 594.447 243.1 659.636 928.134 65.926 604.36
878.775 94.209 157.763 482.271 264.137 430.952 957.65 476.479 277.736 343.219 480.079 333.91 835.975 341.517 782.893 167.331 1000000000.0 102.461 282.628 769.068 616.436 839.349 500.827 586.582 168.733 249.541 296.666 255.559 659.719 416.491 123.87 426.505 518.704 947.772 284.131 291.84 207.839 956.933 335.39 447.081 487.394 791.445 734.572 535.503 927.219 240.196 45.39 60.423 193.283 655.015
284.694 977.837 662.231 841.647 926.045 988.752 702.599 598.623 73.476 387.162 500.547 467.674 621.863 409.374 918.746 573.239 102.461 1000000000.0 953.02 320.471 424.164 301.845 230.714 538.942 946.142 61.248 26.321 14.937 444.828 242.377 966.999 736.668 177.219 189.043 325.973 562.434 164.768 460.642 221.529 623.584 575.754 542.573 851.884 579.333 335.1 44.29 860.175 103.839 663.728 872.407
262.658 884.71 713.628 141.148 239.68 2.741 678.009 551.603 274.175 819.392 422.502 823.593 874.293 833.906 864.536 671.86 282.628 953.02 1000000000.0 54.95 879.451 887.928 986.02 429.982 350.792 719.235 522.996 841.834 203.964 525.158 578.227 602.139 779.228 322.86 849.697 384.061 887.755 669.368 959.909 207.38 142.975 956.077 491.598 190.847 287.711 227.235 479.026 770.692 878.488 650.105
863.992 937.933 714.659 108.239 353.287 941.912 515.723 202.773 956.133 893.435 110.023 3.145 414.292 80.906 338.202 846.041 769.068 320.471 54.95 1000000000.0 472.692 426.058 141.729 155.719 145.495 339.82 612.753 171.604 240.531 49.243 359.992 318.868 758.822 196.887 301.065 947.121 164.939 521.777 907.19 175.196 365.174 204.314 462.099 523.035 894.158 40.782 986.313 147.139 97.961 616.832
845.395 563.511 815.5 689.574 106.326 988.62 549.499 586.986 892.491 954.525 603.231 692.521 816.011 295.184 944.922 752.979 616.436 424.164 879.451 472.692 1000000000.0 341.392 536.441 66.05 533.001 33.338 248.828 675.505 671.364 876.592 389.912 848.059 871.304 946.754 550.9 27.797 272.11 392.08 833.886 717.832 812.779 417.137 196.782 473.063 151.236 91.9 656.624 617.507 327.871 96.555
270.116 810.367 675.188 560.213 593.698 470.351 325.521 891.69 503.25 389.332 186.303 453.25 241.485 507.037 127.248 168.954 839.349 301.845 887.928 426.058 341.392 1000000000.0 99.955 202.868 951.823 323.928 286.734 437.646 575.169 239.219 380.088 57.233 53.19 91.08 720.265 628.27 92.053 895.138 86.726 632.523 430.467 993.673 334.109 613.326 286.668 628.42 160.875 73.056 300.838 640.98
766.672 600.307 93.256 425.095 922.644 837.883 136.033 977.758 123.93 713.618 796.378 400.721 283.71 489.878 412.469 166.779 500.827 230.714 986.02 141.729 536.441 99.955 1000000000.0 552.709 145.979 201.366 811.032 58.037 181.417 994.707 621.895 410.722 185.895 577.642 177.736 744.633 527.675 16.664 313.318 714.089 72.465 273.392 235.291 992.849 794.531 928.237 116.956 865.162 49.405 622.444
626.798 556.611 481.551 865.572 5.897 96.475 933.193 803.209 956.2 90.704 978.041 290.49 305.571 7.093 796.363 414.079 586.582 538.942 429.982 155.719 66.05 202.868 552.709 1000000000.0 732.365 85.93 575.329 806.338 441.294 280.238 321.077 453.786 135.47 17.993 743.257 10.202 868.283 937.959 32.509 28.019 215.002 638.911 965.693 453.83 130.577 273.06 581.329 541.503 898.672 159.268
367.885 482.968 172.864 101.005 92.231 754.114 652.325 159.196 162.204 307.377 906.971 527.511 270.116 40.184 396.616 111.522 168.733 946.142 350.792 145.495 533.001 951.823 145.979 732.365 1000000000.0 315.422 416.1 319.364 43.625 994.839 806.668 80.454 843.055 794.224 112.665 968.613 675.561 876.11 111.896 751.659 352.756 957.582 991.884 857.171 223.831 830.926 499.094 155.551 597.612 621.392
655.464 18.717 815.501 855.592 776.539 691.231 200.403 200.366 477.97 914.011 342.203 700.478 871.153 631.283 845.894 736.276 249.541 61.248 719.235 339.82 33.338 323.928 201.366 85.93 315.422 1000000000.0 436.148 665.393 624.089 807.114 744.455 776.682 517.243 657.559 926.717 129.297 763.995 998.263 479.434 492.82 49.077 373.225 805.835 385.997 148.21 119.038 143.96 26.383 424.339 4.754
786.96 2.294 770.453 56.466 704.681 109.173 180.448 276.27 214.66 955.721 719.92 685.077 688.694 396.073 703.692 389.587 296.666 26.321 522.996 612.753 248.828 286.734 811.032 575.329 416.1 436.148 1000000000.0 840.305 372.154 260.884 583.729 592.0 586.485 252.682 655.575 837.408 886.149 544.296 11.688 15.383 540.933 115.026 903.396 4.711 716.164 926.149 871.996 915.077 88.091 105.829
151.842 161.613 257.168 973.446 696.201 548.111 234.612 369.567 475.625 864.614 646.464 412.447 646.042 809.182 274.919 144.837 255.559 14.937 841.834 171.604 675.505 437.646 58.037 806.338 319.364 665.393 840.305 1000000000.0 267.067 301.543 413.918 481.646 565.054 772.245 557.368 102.746 321.849 659.247 807.364 123.093 169.314 665.972 726.179 604.099 210.387 427.112 854.087 439.961 199.89 814.352
718.165 104.043 689.341 728.33 816.548 42.436 594.329 482.692 921.257 650.297 469.471 672.175 290.012 587.73 648.437 575.001 659.719 444.828 203.964 240.531 671.364 575.169 181.417 441.294 43.625 624.089 372.154 267.067 1000000000.0 650.283 505.774 65.083 464.834 771.243 245.562 927.532 335.279 305.762 329.027 495.085 305.893 419.016 77.952 837.653 604.412 202.139 695.988 742.421 483.603 300.399
836.305 44.019 835.516 498.461 362.931 204.894 987.817 942.908 138.893 755.911 634.825 86.026 283.76 5.048 430.945 768.44 416.491 242.377 525.158 49.243 876.592 239.219 994.707 280.238 994.839 807.114 260.884 301.543 650.283 1000000000.0 284.749 250.318 931.969 889.066 154.746 516.719 539.349 193.343 648.326 988.143 146.631 358.169 580.62 61.612 265.635 629.895 108.295 168.273 249.676 372.085
61.254 662.513 119.102 256.936 251.71 738.028 82.444 66.376 901.58 150.326 850.134 757.695 866.088 417.679 49.44 128.158 123.87 966.999 578.227 359.992 389.912 380.088 621.895 321.077 806.668 744.455 583.729 413.918 505.774 284.749 1000000000.0 145.585 845.694 217.807 816.579 381.353 426.139 583.432 460.33 450.552 920.043 820.503 717.43 432.938 4.293 147.912 821.019 184.975 582.36 660.414
186.305 821.139 914.806 322.187 403.321 995.216 387.239 923.293 411.946 765.779 788.958 250.67 820.127 950.53 211.082 182.328 426.505 736.668 602.139 318.868 848.059 57.233 410.722 453.786 80.454 776.682 592.0 481.646 65.083 250.318 145.585 1000000000.0 758.785 734.605 807.851 415.813 278.854 375.822 338.014 989.41 856.132 653.503 742.271 129.516 596.502 700.025 119.13 730.038 900.932 994.662
938.59 701.24 334.029 419.361 954.088 13.795 982.86 769.365 574.367 506.983 16.868 638.658 818.656 234.631 614.63 471.824 518.704 177.219 779.228 758.822 871.304 53.19 185.895 135.47 843.055 517.243 586.485 565.054 464.834 931.969 845.694 758.785 1000000000.0 278.975 89.841 178.769 170.825 404.749 710.914 448.614 927.735 999.914 812.378 567.885 268.85 508.255 123.397 261.219 261.373 696.806
251.179 341.151 750.883 685.862 414.904 993.178 871.864 72.056 144.356 337.622 402.861 301.564 721.288 479.817 637.727 21.388 947.772 189.043 322.86 196.887 946.754 91.08 577.642 17.993 794.224 657.559 252.682 772.245 771.243 889.066 217.807 734.605 278.975 1000000000.0 776.238 31.77 964.692 134.282 96.317 711.025 281.272 584.447 909.933 58.605 931.798 735.382 251.353 332.035 920.003 215.867
423.538 821.74 55.424 958.885 15.724 642.666 434.712 296.387 536.064 223.953 83.186 600.405 423.088 399.531 289.939 151.923 284.131 325.973 849.697 301.065 550.9 720.265 177.736 743.257 112.665 926.717 655.575 557.368 245.562 154.746 816.579 807.851 89.841 776.238 1000000000.0 713.384 925.011 499.041 238.442 922.361 175.18 882.026 794.097 344.038 138.049 756.085 774.544 416.443 837.552 238.653
390.329 757.065 976.925 427.131 659.136 570.638 734.867 14.75 162.745 470.386 557.615 711.835 500.124 947.493 254.843 384.596 291.84 562.434 384.061 947.121 27.797 628.27 744.633 10.202 968.613 129.297 837.408 102.746 927.532 516.719 381.353 415.813 178.769 31.77 713.384 1000000000.0 740.727 896.804 808.199 320.109 30.064 78.313 539.369 443.179 851.023 492.212 397.76 29.887 452.119 334.739
774.984 696.054 598.235 251.836 918.941 539.268 98.307 842.238 668.888 835.754 543.907 733.135 266.457 988.691 511.121 428.339 207.839 164.768 887.755 164.939 272.11 92.053 527.675 868.283 675.561 763.995 886.149 321.849 335.279 539.349 426.139 278.854 170.825 964.692 925.011 740.727 1000000000.0 328.194 133.863 883.259 235.887 700.467 830.434 269.205 693.051 244.835 169.098 863.404 137.364 911.02
665.984 47.327 663.098 420.735 354.961 854.658 488.285 911.141 850.414 158.541 546.574 144.245 378.516 608.635 188.428 847.414 956.933 460.642 669.368 521.777 392.08 895.138 16.664 937.959 876.11 998.263 544.296 659.247 305.762 193.343 583.432 375.822 404.749 134.282 499.041 896.804 328.194 1000000000.0 611.485 320.942 364.42 795.294 321.746 252.96 192.357 533.887 187.705 590.17 194.178 223.99
845.714 397.673 183.609 238.855 495.911 693.144 687.38 838.78 835.738 689.255 996.358 668.961 318.339 75.951 960.622 907.251 335.39 221.529 959.909 907.19 833.886 86.726 313.318 32.509 111.896 479.434 11.688 807.364 329.027 648.326 460.33 338.014 710.914 96.317 238.442 808.199 133.863 611.485 1000000000.0 436.707 272.304 962.154 788.103 597.687 838.598 587.946 697.003 356.434 754.167 869.5
201.504 919.915 973.25 125.514 427.36 432.77 402.211 10.714 429.887 362.009 624.607 967.269 40.95 294.786 381.565 235.984 447.081 623.584 207.38 175.196 717.832 632.523 714.089 28.019 751.659 492.82 15.383 123.093 495.085 988.143 450.552 989.41 448.614 711.025 922.361 320.109 883.259 320.942 436.707 1000000000.0 617.173 682.746 91.176 944.457 844.107 762.882 379.075 663.558 316.861 942.065
173.577 686.206 580.5 362.906 536.119 542.95 33.68 254.517 629.828 646.681 423.367 187.03 241.989 344.307 786.159 358.703 487.394 575.754 142.975 365.174 812.779 430.467 72.465 215.002 352.756 49.077 540.933 169.314 305.893 146.631 920.043 856.132 927.735 281.272 175.18 30.064 235.887 364.42 272.304 617.173 1000000000.0 576.353 777.036 762.907 111.319 583.846 761.526 105.274 111.97 594.553
69.345 832.249 445.134 645.217 992.719 697.495 642.972 455.072 757.986 401.706 411.932 240.671 14.602 536.298 148.423 308.095 791.445 542.573 956.077 204.314 417.137 993.673 273.392 638.911 957.582 373.225 115.026 665.972 419.016 358.169 820.503 653.503 999.914 584.447 882.026 78.313 700.467 795.294 962.154 682.746 576.353 1000000000.0 226.652 903.324 132.074 568.755 737.64 579.902 135.668 25.445
96.206 166.708 786.736 685.413 33.715 143.408 132.616 528.556 337.248 8.55 73.581 744.347 416.46 900.915 720.304 688.84 734.572 851.884 491.598 462.099 196.782 334.109 235.291 965.693 991.884 805.835 903.396 726.179 77.952 580.62 717.43 742.271 812.378 909.933 794.097 539.369 830.434 321.746 788.103 91.176 777.036 226.652 1000000000.0 16.011 12.514 408.361 12.882 26.332 283.678 96.127
941.688 1.12 438.411 981.775 622.966 847.545 284.644 697.061 998.436 688.824 811.609 433.639 326.378 144.639 409.207 66.59 535.503 579.333 190.847 523.035 473.063 613.326 992.849 453.83 857.171 385.997 4.711 604.099 837.653 61.612 432.938 129.516 567.885 58.605 344.038 443.179 269.205 252.96 597.687 944.457 762.907 903.324 16.011 1000000000.0 643.201 89.914 350.104 140.281 160.172 301.23
879.291 715.758 996.821 870.801 897.987 275.37 265.878 669.308 468.082 787.794 983.646 575.082 965.454 589.131 102.244 594.447 927.219 335.1 287.711 894.158 151.236 286.668 794.531 130.577 223.831 148.21 716.164 210.387 604.412 265.635 4.293 596.502 268.85 931.798 138.049 851.023 693.051 192.357 838.598 844.107 111.319 132.074 12.514 643.201 1000000000.0 545.178 74.81 239.575 705.911 291.754
984.216 759.063 566.291 457.0 725.443 200.246 151.48 692.204 508.229 783.019 692.855 599.845 132.809 120.824 235.191 243.1 240.196 44.29 227.235 40.782 91.9 628.42 928.237 273.06 830.926 119.038 926.149 427.112 202.139 629.895 147.912 700.025 508.255 735.382 756.085 492.212 244.835 533.887 587.946 762.882 583.846 568.755 408.361 89.914 545.178 1000000000.0 42.522 540.357 184.654 372.971
526.443 898.785 3.576 42.537 447.354 371.327 28.718 661.072 696.156 999.18 470.92 533.396 587.966 782.126 678.914 659.636 45.39 860.175 479.026 986.313 656.624 160.875 116.956 581.329 499.094 143.96 871.996 854.087 695.988 108.295 821.019 119.13 123.397 251.353 774.544 397.76 169.098 187.705 697.003 379.075 761.526 737.64 12.882 350.104 74.81 42.522 1000000000.0 709.555 650.519 298.012
324.171 740.589 647.647 833.264 199.715 132.294 603.306 298.342 749.742 457.048 23.868 728.831 656.033 666.64 792.267 928.134 60.423 103.839 770.692 147.139 617.507 73.056 865.162 541.503 155.551 26.383 915.077 439.961 742.421 168.273 184.975 730.038 261.219 332.035 416.443 29.887 863.404 590.17 356.434 663.558 105.274 579.902 26.332 140.281 239.575 540.357 709.555 1000000000.0 378.424 670.487
4.092 440.456 203.906 718.638 56.418 321.915 943.944 780.371 973.121 147.93 219.015 261.421 85.498 317.739 421.038 65.926 193.283 663.728 878.488 97.961 327.871 300.838 49.405 898.672 597.612 424.339 88.091 199.89 483.603 249.676 582.36 900.932 261.373 920.003 837.552 452.119 137.364 194.178 754.167 316.861 111.97 135.668 283.678 160.172 705.911 184.654 650.519 378.424 1000000000.0 263.12
571.999 960.908 109.843 448.223 785.041 949.979 984.657 197.807 833.539 740.006 725.79 725.699 192.609 163.56 88.747 604.36 655.015 872.407 650.105 616.832 96.555 640.98 622.444 159.268 621.392 4.754 105.829 814.352 300.399 372.085 660.414 994.662 696.806 215.867 238.653 334.739 911.02 223.99 869.5 942.065 594.553 25.445 96.127 301.23 291.754 372.971 298.012 670.487 263.12 1000000000.0
