50
1000000000.0 915.268 512.201 718.695 463.581 381.868 801.39 605.619 276.614 36.548 520.545 423.237 295.469 155.245 35.704 243.352 140.107 644.812 393.035 741.096 480.579 352.011 610.953 734.474 768.749 866.049 448.372 918.744 800.203 897.667 442.152 680.305 46.55 597.431 100.676 928.5 657.585 922.829 72.684 505.194 417.619 825.652 312.731 444.216 561.191 435.889 396.514 923.379 241.061 289.66
915.268 1000000000.0 219.696 115.47 834.955 349.677 898.814 810.217 705.047 206.545 107.057 767.995 390.005 887.77 768.509 653.949 721.642 257.369 624.585 295.088 555.383 127.994 508.736 925.619 520.607 392.967 927.308 820.125 607.199 451.277 412.294 254.226 57.088 343.751 63.012 193.019 26.692 278.932 303.521 522.874 367.058 554.538 338.621 990.821 140.998 201.515 99.974 295.853 462.111 25.851
512.201 219.696 1000000000.0 65.481 59.871 855.379 965.808 459.767 380.545 473.951 309.825 925.282 807.51 849.413 108.728 403.083 675.687 732.681 939.02 369.787 823.186 616.806 815.097 20.859 373.377 926.33 846.067 291.849 538.722 389.791 899.707 450.684 69.609 419.352 224.514 858.675 762.707 902.054 279.152 698.383 788.419 155.358 127.016 24.913 223.933 794.444 314.476 143.481 436.703 521.123
718.695 115.47 65.481 1000000000.0 62.471 757.556 908.504 319.542 576.378 224.112 840.644 623.79 178.72 722.915 569.361 775.69 161.327 327.675 981.425 763.894 687.759 609.526 462.875 466.383 731.607 173.111 331.499 276.818 527.777 43.879 192.936 652.741 230.928 843.691 673.929 779.704 653.824 488.235 715.185 269.504 614.04 549.548 661.401 918.78 522.525 5.417 158.719 526.46 46.24 567.157
463.581 834.955 59.871 62.471 1000000000.0 274.209 148.018 954.428 578.181 35.629 175.6 341.168 673.218 441.702 820.482 830.79 255.061 282.214 789.84 290.383 851.878 714.872 810.033 41.496 204.481 150.942 188.202 504.558 291.398 702.335 603.819 867.498 891.96 893.164 702.486 766.357 423.997 915.424 864.329 762.568 546.678 797.817 196.44 254.548 315.489 854.642 389.219 944.666 970.939 628.678
381.868 349.677 855.379 757.556 274.209 1000000000.0 243.582 986.5 942.663 242.257 352.141 408.275 469.288 534.969 340.767 455.668 868.394 383.632 349.787 372.768 336.721 7.88 412.008 720.766 685.719 904.142 638.239 19.328 264.708 331.16 692.731 822.817 510.947 750.678 248.749 399.614 929.035 330.53 208.315 359.538 767.285 890.204 582.643 991.998 216.35 298.57 701.561 384.621 261.697 621.495
801.39 898.814 965.808 908.504 148.018 243.582 1000000000.0 617.658 326.967 745.243 241.138 165.332 725.906 413.889 997.911 775.546 908.02 614.07 990.718 303.769 254.283 728.249 441.714 27.417 552.665 707.087 418.331 934.004 295.44 660.468 439.321 717.236 837.362 761.539 902.635 283.967 897.111 293.94 293.032 927.831 707.227 768.61 460.06 442.318 289.761 307.619 99.449 813.48 805.424 552.79
605.619 810.217 459.767 319.542 954.428 986.5 617.658 1000000000.0 269.326 186.245 988.365 103.768 23.145 738.457 996.891 679.457 590.031 103.387 212.096 346.556 78.269 889.136 169.434 974.687 609.527 704.862 758.712 742.7 777.404 582.005 161.568 642.006 556.453 484.625 425.97 284.017 456.646 386.368 330.146 492.737 434.398 29.655 382.59 118.739 873.654 390.329 286.985 909.766 183.617 759.242
276.614 705.047 380.545 576.378 578.181 942.663 326.967 269.326 1000000000.0 591.142 9.907 511.437 828.83 462.146 303.633 483.394 101.719 728.608 612.943 336.304 911.828 951.095 5.536 348.787 948.31 444.569 100.457 453.431 214.619 411.559 173.515 628.501 345.577 418.911 538.336 85.791 883.118 596.62 817.946 202.602 723.74 625.319 788.532 119.648 580.914 408.541 323.127 130.688 281.035 326.301
36.548 206.545 473.951 224.112 35.629 242.257 745.243 186.245 591.142 1000000000.0 370.511 342.118 827.021 941.808 27.704 779.099 450.734 527.479 952.507 873.177 363.576 314.727 208.616 323.035 489.798 713.148 318.417 619.066 659.232 512.527 765.911 445.809 102.707 474.147 21.541 865.143 269.836 330.537 267.614 113.052 13.316 619.926 602.988 38.111 240.401 329.375 618.919 984.999 358.731 575.658
520.545 107.057 309.825 840.644 175.6 352.141 241.138 988.365 9.907 370.511 1000000000.0 504.477 750.286 721.11 661.995 352.73 52.514 703.753 329.964 899.501 254.009 187.629 680.212 389.993 449.04 720.962 254.137 296.566 504.488 897.125 548.633 543.966 918.828 194.565 795.953 806.352 447.193 846.616 911.071 215.09 76.795 610.181 470.853 310.84 729.788 434.508 537.372 428.622 103.722 180.086
423.237 767.995 925.282 623.79 341.168 408.275 165.332 103.768 511.437 342.118 504.477 1000000000.0 783.424 376.081 108.812 686.864 707.835 224.174 642.437 928.187 959.806 242.121 325.972 248.698 117.267 646.984 290.988 9.99 592.262 172.959 976.148 615.341 983.132 193.329 329.29 696.07 174.789 562.8 737.374 723.93 927.706 826.427 425.387 303.279 480.942 569.58 334.128 507.641 625.509 192.304
295.469 390.005 807.51 178.72 673.218 469.288 725.906 23.145 828.83 827.021 750.286 783.424 1000000000.0 888.331 24.032 619.611 514.567 995.471 220.049 634.048 778.994 328.744 122.166 684.647 571.108 630.426 128.182 368.882 460.673 394.643 240.499 320.626 990.956 651.114 232.429 904.673 990.704 565.226 929.01 526.127 720.409 492.943 427.245 392.453 406.724 924.871 942.848 671.843 469.544 707.964
155.245 887.77 849.413 722.915 441.702 534.969 413.889 738.457 462.146 941.808 721.11 376.081 888.331 1000000000.0 607.655 589.548 871.058 860.722 95.376 357.969 402.541 812.991 359.455 682.928 750.074 98.324 471.999 804.19 614.059 144.446 780.667 155.895 340.434 937.532 665.907 571.517 641.791 606.523 480.489 305.592 338.137 695.651 35.596 206.528 303.719 652.379 497.82 801.435 218.962 855.433
35.704 768.509 108.728 569.361 820.482 340.767 997.911 996.891 303.633 27.704 661.995 108.812 24.032 607.655 1000000000.0 32.646 470.339 564.192 224.525 376.29 854.005 486.821 987.158 705.194 591.87 101.127 551.26 317.778 503.013 623.569 251.962 912.871 276.732 823.65 667.013 585.164 223.206 345.778 770.07 640.782 908.223 706.178 504.497 439.289 367.021 862.412 75.155 24.466 877.692 285.948
243.352 653.949 403.083 775.69 830.79 455.668 775.546 679.457 483.394 779.099 352.73 686.864 619.611 589.548 32.646 1000000000.0 574.85 246.065 991.572 865.957 966.456 658.429 138.538 337.926 321.141 223.052 314.78 63.43 208.001 172.008 763.698 300.16 40.7 848.452 249.078 458.776 513.545 855.592 40.71 517.574 646.066 638.629 413.472 792.257 167.366 863.343 38.761 785.296 792.412 873.505
140.107 721.642 675.687 161.327 255.061 868.394 908.02 590.031 101.719 450.734 52.514 707.835 514.567 871.058 470.339 574.85 1000000000.0 287.529 189.905 620.488 104.457 153.535 583.113 186.241 350.13 201.942 362.408 423.498 789.881 845.304 793.034 204.577 53.404 221.582 483.543 463.362 321.194 998.332 392.834 962.927 123.492 380.108 876.343 27.982 100.046 68.755 387.156 238.101 614.835 305.247
644.812 257.369 732.681 327.675 282.214 383.632 614.07 103.387 728.608 527.479 703.753 224.174 995.471 860.722 564.192 246.065 287.529 1000000000.0 953.499 863.199 903.722 632.928 952.319 165.196 577.47 828.179 241.904 459.256 34.917 723.315 511.445 541.589 249.816 850.412 434.073 537.836 631.154 729.146 574.427 586.139 106.581 804.469 769.389 785.229 29.928 775.085 520.2 711.516 153.433 312.86
393.035 624.585 939.02 981.425 789.84 349.787 990.718 212.096 612.943 952.507 329.964 642.437 220.049 95.376 224.525 991.572 189.905 953.499 1000000000.0 857.684 916.723 150.213 842.822 475.146 670.639 83.439 341.999 621.32 956.969 454.672 287.14 41.175 841.754 771.762 150.137 739.588 477.038 617.664 284.007 731.042 107.499 690.426 578.398 658.802 977.503 1.378 596.922 589.157 357.834 837.865
741.096 295.088 369.787 763.894 290.383 372.768 303.769 346.556 336.304 873.177 899.501 928.187 634.048 357.969 376.29 865.957 620.488 863.199 857.684 1000000000.0 665.866 398.984 916.243 439.887 683.614 138.236 630.756 798.877 309.792 844.241 496.211 447.649 102.578 726.031 709.248 158.397 89.145 791.181 445.406 969.004 827.642 181.573 278.322 448.019 805.342 596.112 746.02 833.25 35.155 315.135
480.579 555.383 823.186 687.759 851.878 336.721 254.283 78.269 911.828 363.576 254.009 959.806 778.994 402.541 854.005 966.456 104.457 903.722 916.723 665.866 1000000000.0 521.945 692.249 654.26 662.31 862.054 851.794 528.423 530.739 56.895 939.858 321.939 819.829 425.742 918.614 806.078 725.41 39.783 175.738 500.14 997.447 500.337 894.506 569.425 883.602 489.805 745.387 38.974 330.474 10.027
352.011 127.994 616.806 609.526 714.872 7.88 728.249 889.136 951.095 314.727 187.629 242.121 328.744 812.991 486.821 658.429 153.535 632.928 150.213 398.984 521.945 1000000000.0 190.833 233.057 375.293 108.076 436.344 64.345 971.242 810.728 476.963 403.038 841.461 419.068 359.814 912.009 550.993 249.459 584.558 182.658 62.957 997.12 483.282 741.979 680.76 51.064 783.89 447.146 146.392 30.133
610.953 508.736 815.097 462.875 810.033 412.008 441.714 169.434 5.536 208.616 680.212 325.972 122.166 359.455 987.158 138.538 583.113 952.319 842.822 916.243 692.249 190.833 1000000000.0 534.635 920.152 825.393 934.583 656.498 410.701 399.149 62.565 621.681 989.563 726.844 398.685 100.094 689.801 995.359 308.187 380.173 626.545 236.431 590.617 464.347 235.491 110.476 223.865 262.311 877.473 98.159
734.474 925.619 20.859 466.383 41.496 720.766 27.417 974.687 348.787 323.035 389.993 248.698 684.647 682.928 705.194 337.926 186.241 165.196 475.146 439.887 654.26 233.057 534.635 1000000000.0 33.193 559.742 527.81 327.448 551.938 593.991 355.425 713.247 597.622 276.703 711.615 193.591 406.6 694.865 770.665 531.765 830.056 619.728 817.762 494.753 165.54 304.221 336.036 859.906 82.255 766.425
768.749 520.607 373.377 731.607 204.481 685.719 552.665 609.527 948.31 489.798 449.04 117.267 571.108 750.074 591.87 321.141 350.13 577.47 670.639 683.614 662.31 375.293 920.152 33.193 1000000000.0 684.784 800.58 50.449 490.126 73.627 610.849 586.519 86.52 516.646 312.69 980.943 594.03 60.844 629.481 63.871 962.167 348.895 91.195 306.436 278.453 247.616 540.486 307.72 582.941 143.154
866.049 392.967 926.33 173.111 150.942 904.142 707.087 704.862 444.569 713.148 720.962 646.984 630.426 98.324 101.127 223.052 201.942 828.179 83.439 138.236 862.054 108.076 825.393 559.742 684.784 1000000000.0 40.579 804.729 625.319 756.643 655.012 139.846 142.583 263.557 345.168 229.5 42.091 14.403 475.051 877.283 578.396 372.041 798.848 947.587 654.71 173.414 818.487 571.741 99.969 601.864
448.372 927.308 846.067 331.499 188.202 638.239 418.331 758.712 100.457 318.417 254.137 290.988 128.182 471.999 551.26 314.78 362.408 241.904 341.999 630.756 851.794 436.344 934.583 527.81 800.58 40.579 1000000000.0 458.244 188.582 966.909 663.034 359.598 351.703 273.339 971.926 183.555 633.392 211.969 378.093 214.388 626.662 135.19 170.336 981.542 773.353 603.143 19.644 600.25 587.619 970.662
918.744 820.125 291.849 276.818 504.558 19.328 934.004 742.7 453.431 619.066 296.566 9.99 368.882 804.19 317.778 63.43 423.498 459.256 621.32 798.877 528.423 64.345 656.498 327.448 50.449 804.729 458.244 1000000000.0 844.573 493.344 691.308 386.743 478.29 834.693 352.698 804.822 778.756 382.545 149.451 931.685 662.414 901.946 300.706 574.574 120.057 18.353 153.167 548.768 485.853 124.637
800.203 607.199 538.722 527.777 291.398 264.708 295.44 777.404 214.619 659.232 504.488 592.262 460.673 614.059 503.013 208.001 789.881 34.917 956.969 309.792 530.739 971.242 410.701 551.938 490.126 625.319 188.582 844.573 1000000000.0 747.277 150.43 368.691 951.023 855.505 354.948 830.634 680.522 135.048 222.787 121.347 448.743 222.854 758.776 414.592 243.324 18.218 577.923 776.398 626.806 948.697
897.667 451.277 389.791 43.879 702.335 331.16 660.468 582.005 411.559 512.527 897.125 172.959 394.643 144.446 623.569 172.008 845.304 723.315 454.672 844.241 56.895 810.728 399.149 593.991 73.627 756.643 966.909 493.344 747.277 1000000000.0 706.657 517.861 784.297 729.003 722.826 217.653 45.101 846.382 184.416 157.125 560.202 400.43 874.759 363.122 822.132 716.378 262.572 519.33 775.194 69.882
442.152 412.294 899.707 192.936 603.819 692.731 439.321 161.568 173.515 765.911 548.633 976.148 240.499 780.667 251.962 763.698 793.034 511.445 287.14 496.211 939.858 476.963 62.565 355.425 610.849 655.012 663.034 691.308 150.43 706.657 1000000000.0 984.912 92.466 140.696 828.774 85.46 482.617 76.062 911.118 480.1 271.44 376.954 821.334 226.122 969.011 364.014 441.36 999.336 435.835 351.14
680.305 254.226 450.684 652.741 867.498 822.817 717.236 642.006 628.501 445.809 543.966 615.341 320.626 155.895 912.871 300.16 204.577 541.589 41.175 447.649 321.939 403.038 621.681 713.247 586.519 139.846 359.598 386.743 368.691 517.861 984.912 1000000000.0 548.606 318.653 35.724 244.536 699.639 422.426 214.373 459.937 809.921 154.032 950.116 34.574 903.095 641.275 551.23 557.88 109.444 291.633
46.55 57.088 69.609 230.928 891.96 510.947 837.362 556.453 345.577 102.707 918.828 983.132 990.956 340.434 276.732 40.7 53.404 249.816 841.754 102.578 819.829 841.461 989.563 597.622 86.52 142.583 351.703 478.29 951.023 784.297 92.466 548.606 1000000000.0 74.834 463.705 780.903 507.211 69.159 657.34 485.307 928.511 854.267 37.025 324.41 49.108 31.046 446.358 546.205 904.137 747.484
597.431 343.751 419.352 843.691 893.164 750.678 761.539 484.625 418.911 474.147 194.565 193.329 651.114 937.532 823.65 848.452 221.582 850.412 771.762 726.031 425.742 419.068 726.844 276.703 516.646 263.557 273.339 834.693 855.505 729.003 140.696 318.653 74.834 1000000000.0 907.055 192.535 936.395 31.486 60.013 784.949 649.157 752.918 922.227 999.136 441.556 367.879 578.813 13.203 353.786 245.479
100.676 63.012 224.514 673.929 702.486 248.749 902.635 425.97 538.336 21.541 795.953 329.29 232.429 665.907 667.013 249.078 483.543 434.073 150.137 709.248 918.614 359.814 398.685 711.615 312.69 345.168 971.926 352.698 354.948 722.826 828.774 35.724 463.705 907.055 1000000000.0 689.635 134.809 309.542 425.088 485.051 293.347 124.877 651.455 827.56 894.905 53.009 281.12 176.239 617.058 970.64
928.5 193.019 858.675 779.704 766.357 399.614 283.967 284.017 85.791 865.143 806.352 696.07 904.673 571.517 585.164 458.776 463.362 537.836 739.588 158.397 806.078 912.009 100.094 193.591 980.943 229.5 183.555 804.822 830.634 217.653 85.46 244.536 780.903 192.535 689.635 1000000000.0 770.346 808.36 121.969 701.332 797.718 506.099 712.743 900.273 592.714 418.211 824.172 304.21 795.748 717.369
657.585 26.692 762.707 653.824 423.997 929.035 897.111 456.646 883.118 269.836 447.193 174.789 990.704 641.791 223.206 513.545 321.194 631.154 477.038 89.145 725.41 550.993 689.801 406.6 594.03 42.091 633.392 778.756 680.522 45.101 482.617 699.639 507.211 936.395 134.809 770.346 1000000000.0 69.268 159.164 135.708 736.322 838.826 178.176 415.471 26.621 779.576 598.93 249.531 772.859 359.046
922.829 278.932 902.054 488.235 915.424 330.53 293.94 386.368 596.62 330.537 846.616 562.8 565.226 606.523 345.778 855.592 998.332 729.146 617.664 791.181 39.783 249.459 995.359 694.865 60.844 14.403 211.969 382.545 135.048 846.382 76.062 422.426 69.159 31.486 309.542 808.36 69.268 1000000000.0 337.808 390.455 879.283 467.261 830.684 317.938 756.212 732.147 409.356 426.845 188.158 585.723
72.684 303.521 279.152 715.185 864.329 208.315 293.032 330.146 817.946 267.614 911.071 737.374 929.01 480.489 770.07 40.71 392.834 574.427 284.007 445.406 175.738 584.558 308.187 770.665 629.481 475.051 378.093 149.451 222.787 184.416 911.118 214.373 657.34 60.013 425.088 121.969 159.164 337.808 1000000000.0 978.906 607.378 657.503 932.052 228.105 333.601 679.641 645.451 135.482 344.215 149.153
505.194 522.874 698.383 269.504 762.568 359.538 927.831 492.737 202.602 113.052 215.09 723.93 526.127 305.592 640.782 517.574 962.927 586.139 731.042 969.004 500.14 182.658 380.173 531.765 63.871 877.283 214.388 931.685 121.347 157.125 480.1 459.937 485.307 784.949 485.051 701.332 135.708 390.455 978.906 1000000000.0 405.86 85.729 313.197 7.617 635.565 94.461 337.02 987.189 586.307 440.546
417.619 367.058 788.419 614.04 546.678 767.285 707.227 434.398 723.74 13.316 76.795 927.706 720.409 338.137 908.223 646.066 123.492 106.581 107.499 827.642 997.447 62.957 626.545 830.056 962.167 578.396 626.662 662.414 448.743 560.202 271.44 809.921 928.511 649.157 293.347 797.718 736.322 879.283 607.378 405.86 1000000000.0 371.11 30.262 177.919 944.272 310.789 33.161 400.193 180.352 266.698
825.652 554.538 155.358 549.548 797.817 890.204 768.61 29.655 625.319 619.926 610.181 826.427 492.943 695.651 706.178 638.629 380.108 804.469 690.426 181.573 500.337 997.12 236.431 619.728 348.895 372.041 135.19 901.946 222.854 400.43 376.954 154.032 854.267 752.918 124.877 506.099 838.826 467.261 657.503 85.729 371.11 1000000000.0 280.795 264.039 902.601 996.958 904.952 892.816 961.473 523.832
312.731 338.621 127.016 661.401 196.44 582.643 460.06 382.59 788.532 602.988 470.853 425.387 427.245 35.596 504.497 413.472 876.343 769.389 578.398 278.322 894.506 483.282 590.617 817.762 91.195 798.848 170.336 300.706 758.776 874.759 821.334 950.116 37.025 922.227 651.455 712.743 178.176 830.684 932.052 313.197 30.262 280.795 1000000000.0 82.614 286.786 917.926 855.182 146.645 727.71 11.195
444.216 990.821 24.913 918.78 254.548 991.998 442.318 118.739 119.648 38.111 310.84 303.279 392.453 206.528 439.289 792.257 27.982 785.229 658.802 448.019 569.425 741.979 464.347 494.753 306.436 947.587 981.542 574.574 414.592 363.122 226.122 34.574 324.41 999.136 827.56 900.273 415.471 317.938 228.105 7.617 177.919 264.039 82.614 1000000000.0 939.449 940.517 939.453 171.55 808.163 413.775
561.191 140.998 223.933 522.525 315.489 216.35 289.761 873.654 580.914 240.401 729.788 480.942 406.724 303.719 367.021 167.366 100.046 29.928 977.503 805.342 883.602 680.76 235.491 165.54 278.453 654.71 773.353 120.057 243.324 822.132 969.011 903.095 49.108 441.556 894.905 592.714 26.621 756.212 333.601 635.565 944.272 902.601 286.786 939.449 1000000000.0 788.272 908.377 751.699 934.424 262.151
435.889 201.515 794.444 5.417 854.642 298.57 307.619 390.329 408.541 329.375 434.508 569.58 924.871 652.379 862.412 863.343 68.755 775.085 1.378 596.112 489.805 51.064 110.476 304.221 247.616 173.414 603.143 18.353 18.218 716.378 364.014 641.275 31.046 367.879 53.009 418.211 779.576 732.147 679.641 94.461 310.789 996.958 917.926 940.517 788.272 1000000000.0 127.78 713.185 344.368 657.413
396.514 99.974 314.476 158.719 389.219 701.561 99.449 286.985 323.127 618.919 537.372 334.128 942.848 497.82 75.155 38.761 387.156 520.2 596.922 746.02 745.387 783.89 223.865 336.036 540.486 818.487 19.644 153.167 577.923 262.572 441.36 551.23 446.358 578.813 281.12 824.172 598.93 409.356 645.451 337.02 33.161 904.952 855.182 939.453 908.377 127.78 1000000000.0 980.013 59.57 709.524
923.379 295.853 143.481 526.46 944.666 384.621 813.48 909.766 130.688 984.999 428.622 507.641 671.843 801.435 24.466 785.296 238.101 711.516 589.157 833.25 38.974 447.146 262.311 859.906 307.72 571.741 600.25 548.768 776.398 519.33 999.336 557.88 546.205 13.203 176.239 304.21 249.531 426.845 135.482 987.189 400.193 892.816 146.645 171.55 751.699 713.185 980.013 1000000000.0 320.767 107.805
241.061 462.111 436.703 46.24 970.939 261.697 805.424 183.617 281.035 358.731 103.722 625.509 469.544 218.962 877.692 792.412 614.835 153.433 357.834 35.155 330.474 146.392 877.473 82.255 582.941 99.969 587.619 485.853 626.806 775.194 435.835 109.444 904.137 353.786 617.058 795.748 772.859 188.158 344.215 586.307 180.352 961.473 727.71 808.163 934.424 344.368 59.57 320.767 1000000000.0 924.303
289.66 25.851 521.123 567.157 628.678 621.495 552.79 759.242 326.301 575.658 180.086 192.304 707.964 855.433 285.948 873.505 305.247 312.86 837.865 315.135 10.027 30.133 98.159 766.425 143.154 601.864 970.662 124.637 948.697 69.882 351.14 291.633 747.484 245.479 970.64 717.369 359.046 585.723 149.153 440.546 266.698 523.832 11.195 413.775 262.151 657.413 709.524 107.805 924.303 1000000000.0
