50
1000000000.0 537.261 55.421 151.731 650.849 199.995 386.224 461.039 873.714 860.405 986.075 364.627 80.81 265.588 688.761 27.548 619.939 592.48 166.941 438.019 510.991 544.896 28.625 495.484 710.156 563.919 596.404 856.949 991.763 101.622 458.269 471.77 570.465 935.836 334.026 64.148 757.367 845.542 158.226 3.227 367.124 673.73 37.254 48.479 885.289 523.443 470.587 25.53 52.389 93.87
537.261 1000000000.0 509.064 334.096 278.966 669.624 334.062 913.068 369.721 723.482 160.162 857.261 683.086 503.463 519.322 908.765 691.309 51.073 622.223 147.388 56.64 720.688 925.671 440.946 349.875 62.232 927.785 739.571 757.198 271.026 920.614 194.615 324.415 424.506 994.018 625.056 454.868 789.49 264.707 90.346 35.701 959.999 541.993 976.207 224.486 511.747 121.397 147.813 597.113 798.716
55.421 509.064 1000000000.0 444.205 461.194 699.092 751.849 488.745 231.749 875.47 781.478 858.094 884.868 280.429 113.806 113.538 688.761 578.087 86.613 18.847 499.376 72.09 369.434 85.455 917.325 769.589 131.754 894.276 628.878 687.83 835.015 442.946 641.259 917.647 458.644 181.958 264.868 914.866 152.634 546.714 264.035 739.414 896.064 468.293 261.816 743.155 299.176 940.234 228.937 489.503
151.731 334.096 444.205 1000000000.0 663.441 407.599 835.251 438.6 300.383 165.211 597.146 269.744 330.018 970.243 193.573 629.061 266.258 908.017 231.317 284.269 799.42 993.212 688.023 48.616 925.417 606.005 254.27 120.784 279.44 38.659 803.108 211.451 178.595 857.839 623.157 21.568 19.617 729.84 771.588 832.471 930.096 683.07 861.457 439.1 194.446 285.925 513.9 694.513 518.589 672.942
650.849 278.966 461.194 663.441 1000000000.0 436.631 183.087 80.295 418.989 412.712 308.477 884.121 543.468 750.003 419.552 139.487 604.569 852.023 301.564 108.071 462.029 628.316 652.064 145.392 805.238 162.665 191.179 419.619 529.264 821.208 714.773 181.256 64.503 67.406 805.324 536.358 897.984 481.05 847.234 689.827 492.732 675.187 959.357 72.267 56.609 954.102 165.614 622.588 338.595 193.507
199.995 669.624 699.092 407.599 436.631 1000000000.0 253.12 40.133 754.585 334.972 864.286 186.341 679.373 523.433 319.443 946.434 377.05 238.529 383.289 502.463 888.731 885.603 197.74 469.753 941.924 63.665 825.671 618.854 611.962 942.404 286.08 873.803 599.614 811.247 34.413 36.113 361.808 888.696 299.662 702.107 750.59 355.858 543.25 558.829 169.474 241.368 621.667 226.828 117.737 392.04
386.224 334.062 751.849 835.251 183.087 253.12 1000000000.0 4.257 26.193 165.996 899.508 820.573 351.07 360.662 368.156 367.471 957.518 743.026 770.305 908.612 100.502 324.696 392.356 698.278 790.954 950.337 880.728 228.658 871.148 838.641 396.025 743.133 118.907 991.474 238.395 72.587 289.457 355.938 403.784 884.254 889.147 683.251 565.992 637.793 317.722 564.577 568.163 653.57 146.806 428.192
461.039 913.068 488.745 438.6 80.295 40.133 4.257 1000000000.0 890.21 797.216 166.566 720.947 408.458 719.478 95.849 454.036 954.054 602.671 10.35 265.519 196.102 472.334 191.382 911.49 542.349 218.277 695.4 137.374 748.934 852.808 630.74 212.88 965.923 469.023 139.002 791.905 893.445 21.132 630.221 628.786 47.446 6.795 810.583 973.409 356.973 955.209 948.021 877.933 433.934 362.24
873.714 369.721 231.749 300.383 418.989 754.585 26.193 890.21 1000000000.0 360.207 936.082 753.675 569.063 669.174 628.106 259.841 632.658 363.877 881.935 292.909 382.138 464.323 809.295 496.746 205.662 493.862 945.061 505.696 936.167 472.338 96.195 489.694 95.844 899.757 158.875 945.919 492.091 789.856 981.129 135.932 460.128 42.949 263.46 657.767 218.599 557.296 622.686 893.327 792.241 673.777
860.405 723.482 875.47 165.211 412.712 334.972 165.996 797.216 360.207 1000000000.0 983.346 108.091 647.319 674.578 762.724 76.554 817.304 608.33 456.187 52.088 570.906 475.943 508.762 814.526 682.801 391.927 388.198 585.096 688.203 691.928 207.055 367.66 704.497 132.213 402.212 13.394 307.143 431.927 899.924 474.612 645.076 111.639 677.687 350.552 536.523 205.514 821.168 550.711 103.419 31.375
986.075 160.162 781.478 597.146 308.477 864.286 899.508 166.566 936.082 983.346 1000000000.0 716.377 599.439 747.148 860.787 372.276 166.566 362.44 529.501 582.593 7.322 893.003 894.74 529.331 916.405 808.678 543.252 956.528 873.828 15.954 198.069 224.775 731.636 637.797 756.357 137.755 699.847 795.448 883.002 492.045 225.156 662.3 989.859 106.997 666.554 598.28 979.036 789.183 169.307 293.358
364.627 857.261 858.094 269.744 884.121 186.341 820.573 720.947 753.675 108.091 716.377 1000000000.0 957.95 37.351 880.409 835.09 897.497 366.934 989.732 595.804 113.149 997.195 59.517 579.151 844.796 573.582 15.234 549.592 664.33 934.928 276.385 583.055 438.324 186.86 103.781 732.725 720.029 108.852 729.248 638.627 550.323 362.048 496.714 72.369 393.493 639.335 970.373 684.558 366.749 236.366
80.81 683.086 884.868 330.018 543.468 679.373 351.07 408.458 569.063 647.319 599.439 957.95 1000000000.0 448.705 680.308 780.587 370.015 821.465 882.111 509.458 48.133 851.714 935.36 136.227 290.763 559.205 519.699 202.222 34.739 18.502 189.726 841.106 55.401 485.59 526.852 97.261 530.215 577.114 993.528 145.506 723.124 977.874 940.698 185.974 766.723 484.488 267.468 97.043 344.346 698.292
265.588 503.463 280.429 970.243 750.003 523.433 360.662 719.478 669.174 674.578 747.148 37.351 448.705 1000000000.0 719.645 242.2 753.877 825.732 145.803 771.572 835.012 552.139 690.707 579.285 322.408 633.961 751.952 449.092 390.634 616.676 662.46 780.232 377.045 868.989 208.358 994.636 446.188 946.215 757.958 855.01 955.628 960.729 669.124 106.003 780.406 545.262 576.115 776.458 136.759 10.403
688.761 519.322 113.806 193.573 419.552 319.443 368.156 95.849 628.106 762.724 860.787 880.409 680.308 719.645 1000000000.0 985.196 721.339 859.69 315.707 840.778 751.427 90.059 912.505 61.74 426.828 684.859 148.711 836.678 721.041 123.617 941.101 708.803 522.957 821.904 167.273 974.125 521.872 491.504 143.323 426.949 698.981 377.106 978.516 700.067 85.042 746.275 742.649 202.204 606.115 608.531
27.548 908.765 113.538 629.061 139.487 946.434 367.471 454.036 259.841 76.554 372.276 835.09 780.587 242.2 985.196 1000000000.0 782.482 88.175 99.184 912.537 897.958 444.133 341.063 609.421 176.029 591.045 830.036 129.765 390.953 291.659 226.56 218.575 543.625 848.667 59.19 635.81 888.035 429.701 449.169 986.569 398.278 754.241 829.757 912.449 425.197 463.34 936.911 154.665 402.66 637.534
619.939 691.309 688.761 266.258 604.569 377.05 957.518 954.054 632.658 817.304 166.566 897.497 370.015 753.877 721.339 782.482 1000000000.0 540.625 570.809 855.694 615.909 545.097 468.916 893.225 288.236 784.137 361.259 970.491 144.342 331.983 176.444 571.303 370.352 997.225 400.987 584.06 352.142 559.85 646.719 656.773 851.091 214.468 889.323 376.476 985.602 150.084 707.205 372.664 179.229 220.042
592.48 51.073 578.087 908.017 852.023 238.529 743.026 602.671 363.877 608.33 362.44 366.934 821.465 825.732 859.69 88.175 540.625 1000000000.0 761.084 610.138 708.029 528.173 413.9 316.638 530.986 364.748 378.317 573.274 731.892 577.102 518.801 214.08 615.459 874.078 51.632 811.087 601.536 330.12 33.292 509.109 355.094 227.583 568.557 986.929 322.505 972.972 144.804 965.289 439.216 352.999
166.941 622.223 86.613 231.317 301.564 383.289 770.305 10.35 881.935 456.187 529.501 989.732 882.111 145.803 315.707 99.184 570.809 761.084 1000000000.0 985.33 180.894 627.148 361.609 796.78 815.388 288.017 478.262 606.887 107.233 145.851 365.554 269.034 858.037 696.261 30.892 666.175 579.677 554.423 926.855 137.719 590.55 808.823 338.485 848.312 686.403 379.291 368.271 326.239 882.938 968.791
438.019 147.388 18.847 284.269 108.071 502.463 908.612 265.519 292.909 52.088 582.593 595.804 509.458 771.572 840.778 912.537 855.694 610.138 985.33 1000000000.0 640.037 193.086 337.438 379.445 760.66 999.898 446.104 268.79 275.013 558.716 471.748 895.576 510.914 795.43 730.524 42.826 824.524 459.876 488.433 363.613 607.635 647.507 24.484 476.574 750.229 531.803 201.757 502.453 109.764 689.159
510.991 56.64 499.376 799.42 462.029 888.731 100.502 196.102 382.138 570.906 7.322 113.149 48.133 835.012 751.427 897.958 615.909 708.029 180.894 640.037 1000000000.0 932.208 40.175 96.744 662.286 438.094 450.946 437.609 96.725 918.378 752.178 266.914 809.357 81.346 871.846 601.899 930.842 959.946 200.163 975.642 151.655 884.951 942.682 434.185 618.624 537.154 400.45 497.445 299.239 956.315
544.896 720.688 72.09 993.212 628.316 885.603 324.696 472.334 464.323 475.943 893.003 997.195 851.714 552.139 90.059 444.133 545.097 528.173 627.148 193.086 932.208 1000000000.0 823.657 973.023 644.343 182.117 656.825 424.627 729.595 967.586 395.656 183.898 637.04 345.447 149.593 443.478 704.952 89.19 70.471 937.099 10.371 106.517 366.064 261.967 721.377 303.771 919.652 761.799 266.531 731.258
28.625 925.671 369.434 688.023 652.064 197.74 392.356 191.382 809.295 508.762 894.74 59.517 935.36 690.707 912.505 341.063 468.916 413.9 361.609 337.438 40.175 823.657 1000000000.0 446.958 262.22 921.0 905.614 2.075 424.885 913.15 404.381 18.13 547.373 617.483 223.031 950.11 850.039 785.407 750.447 876.93 552.064 551.963 251.087 933.093 862.279 201.8 420.72 413.754 267.171 373.487
495.484 440.946 85.455 48.616 145.392 469.753 698.278 911.49 496.746 814.526 529.331 579.151 136.227 579.285 61.74 609.421 893.225 316.638 796.78 379.445 96.744 973.023 446.958 1000000000.0 843.222 667.151 568.221 198.284 30.771 638.344 38.619 430.768 115.077 921.116 572.831 817.236 635.425 899.066 264.593 517.008 91.02 583.174 26.577 32.789 249.164 742.574 572.574 794.297 412.065 847.217
710.156 349.875 917.325 925.417 805.238 941.924 790.954 542.349 205.662 682.801 916.405 844.796 290.763 322.408 426.828 176.029 288.236 530.986 815.388 760.66 662.286 644.343 262.22 843.222 1000000000.0 543.7 927.945 873.241 398.025 922.974 881.737 594.166 355.264 615.295 715.84 182.321 923.961 205.123 378.406 172.24 512.99 612.069 389.468 500.002 31.662 707.953 535.8 427.741 326.649 64.015
563.919 62.232 769.589 606.005 162.665 63.665 950.337 218.277 493.862 391.927 808.678 573.582 559.205 633.961 684.859 591.045 784.137 364.748 288.017 999.898 438.094 182.117 921.0 667.151 543.7 1000000000.0 314.493 798.275 930.864 495.489 695.56 236.597 389.862 302.949 376.097 537.82 720.084 454.356 533.367 502.305 18.689 200.125 769.388 740.486 457.176 95.073 501.111 128.377 479.719 378.624
596.404 927.785 131.754 254.27 191.179 825.671 880.728 695.4 945.061 388.198 543.252 15.234 519.699 751.952 148.711 830.036 361.259 378.317 478.262 446.104 450.946 656.825 905.614 568.221 927.945 314.493 1000000000.0 54.053 99.235 164.403 913.606 138.108 82.573 99.037 583.985 363.933 133.846 30.368 799.831 903.188 950.962 686.683 767.356 70.17 979.707 648.348 498.622 58.301 700.449 386.184
856.949 739.571 894.276 120.784 419.619 618.854 228.658 137.374 505.696 585.096 956.528 549.592 202.222 449.092 836.678 129.765 970.491 573.274 606.887 268.79 437.609 424.627 2.075 198.284 873.241 798.275 54.053 1000000000.0 306.741 154.147 805.291 668.65 8.074 237.654 880.376 300.188 719.872 455.969 641.504 516.359 93.767 484.94 382.33 204.921 112.146 517.432 168.045 143.825 16.898 571.763
991.763 757.198 628.878 279.44 529.264 611.962 871.148 748.934 936.167 688.203 873.828 664.33 34.739 390.634 721.041 390.953 144.342 731.892 107.233 275.013 96.725 729.595 424.885 30.771 398.025 930.864 99.235 306.741 1000000000.0 311.599 851.875 911.118 525.2 108.137 382.354 811.14 439.38 786.548 657.138 895.177 2.27 181.767 104.961 899.534 428.837 357.504 453.512 594.567 882.59 153.099
101.622 271.026 687.83 38.659 821.208 942.404 838.641 852.808 472.338 691.928 15.954 934.928 18.502 616.676 123.617 291.659 331.983 577.102 145.851 558.716 918.378 967.586 913.15 638.344 922.974 495.489 164.403 154.147 311.599 1000000000.0 18.772 629.519 62.301 508.429 150.219 186.216 338.518 137.877 380.405 716.061 277.066 339.355 219.452 370.1 793.751 745.818 57.149 989.862 568.192 937.473
458.269 920.614 835.015 803.108 714.773 286.08 396.025 630.74 96.195 207.055 198.069 276.385 189.726 662.46 941.101 226.56 176.444 518.801 365.554 471.748 752.178 395.656 404.381 38.619 881.737 695.56 913.606 805.291 851.875 18.772 1000000000.0 902.303 351.623 143.602 124.272 263.037 860.632 473.76 540.905 933.271 343.047 663.726 351.948 878.017 850.685 854.689 926.634 568.014 294.274 964.385
471.77 194.615 442.946 211.451 181.256 873.803 743.133 212.88 489.694 367.66 224.775 583.055 841.106 780.232 708.803 218.575 571.303 214.08 269.034 895.576 266.914 183.898 18.13 430.768 594.166 236.597 138.108 668.65 911.118 629.519 902.303 1000000000.0 162.898 405.779 65.397 58.436 381.054 976.85 978.538 132.584 977.993 313.809 829.995 108.486 406.64 159.748 525.324 60.011 503.039 872.76
570.465 324.415 641.259 178.595 64.503 599.614 118.907 965.923 95.844 704.497 731.636 438.324 55.401 377.045 522.957 543.625 370.352 615.459 858.037 510.914 809.357 637.04 547.373 115.077 355.264 389.862 82.573 8.074 525.2 62.301 351.623 162.898 1000000000.0 188.439 449.994 623.72 990.776 716.942 502.839 624.946 499.185 275.823 811.08 583.576 375.884 580.884 551.326 362.112 472.908 597.974
935.836 424.506 917.647 857.839 67.406 811.247 991.474 469.023 899.757 132.213 637.797 186.86 485.59 868.989 821.904 848.667 997.225 874.078 696.261 795.43 81.346 345.447 617.483 921.116 615.295 302.949 99.037 237.654 108.137 508.429 143.602 405.779 188.439 1000000000.0 304.498 419.308 894.211 728.848 915.088 881.574 297.578 87.347 386.436 131.759 665.635 166.68 572.275 979.478 704.584 123.713
334.026 994.018 458.644 623.157 805.324 34.413 238.395 139.002 158.875 402.212 756.357 103.781 526.852 208.358 167.273 59.19 400.987 51.632 30.892 730.524 871.846 149.593 223.031 572.831 715.84 376.097 583.985 880.376 382.354 150.219 124.272 65.397 449.994 304.498 1000000000.0 155.589 248.314 218.731 830.59 342.889 177.307 70.999 122.871 605.685 644.069 323.451 239.419 628.746 980.487 424.295
64.148 625.056 181.958 21.568 536.358 36.113 72.587 791.905 945.919 13.394 137.755 732.725 97.261 994.636 974.125 635.81 584.06 811.087 666.175 42.826 601.899 443.478 950.11 817.236 182.321 537.82 363.933 300.188 811.14 186.216 263.037 58.436 623.72 419.308 155.589 1000000000.0 529.136 699.568 297.242 900.664 975.473 702.639 443.953 786.41 967.07 304.959 177.371 910.221 665.921 941.632
757.367 454.868 264.868 19.617 897.984 361.808 289.457 893.445 492.091 307.143 699.847 720.029 530.215 446.188 521.872 888.035 352.142 601.536 579.677 824.524 930.842 704.952 850.039 635.425 923.961 720.084 133.846 719.872 439.38 338.518 860.632 381.054 990.776 894.211 248.314 529.136 1000000000.0 150.304 82.706 46.72 777.52 164.993 201.902 585.109 718.078 378.24 838.558 67.179 904.387 785.356
845.542 789.49 914.866 729.84 481.05 888.696 355.938 21.132 789.856 431.927 795.448 108.852 577.114 946.215 491.504 429.701 559.85 330.12 554.423 459.876 959.946 89.19 785.407 899.066 205.123 454.356 30.368 455.969 786.548 137.877 473.76 976.85 716.942 728.848 218.731 699.568 150.304 1000000000.0 876.199 900.317 645.051 582.119 341.088 267.59 169.422 501.494 981.554 673.741 881.165 335.85
158.226 264.707 152.634 771.588 847.234 299.662 403.784 630.221 981.129 899.924 883.002 729.248 993.528 757.958 143.323 449.169 646.719 33.292 926.855 488.433 200.163 70.471 750.447 264.593 378.406 533.367 799.831 641.504 657.138 380.405 540.905 978.538 502.839 915.088 830.59 297.242 82.706 876.199 1000000000.0 729.647 410.948 358.314 850.143 938.073 882.776 228.714 204.533 802.829 332.861 389.829
3.227 90.346 546.714 832.471 689.827 702.107 884.254 628.786 135.932 474.612 492.045 638.627 145.506 855.01 426.949 986.569 656.773 509.109 137.719 363.613 975.642 937.099 876.93 517.008 172.24 502.305 903.188 516.359 895.177 716.061 933.271 132.584 624.946 881.574 342.889 900.664 46.72 900.317 729.647 1000000000.0 214.993 315.546 863.529 196.98 821.501 572.575 106.363 99.342 368.578 306.648
367.124 35.701 264.035 930.096 492.732 750.59 889.147 47.446 460.128 645.076 225.156 550.323 723.124 955.628 698.981 398.278 851.091 355.094 590.55 607.635 151.655 10.371 552.064 91.02 512.99 18.689 950.962 93.767 2.27 277.066 343.047 977.993 499.185 297.578 177.307 975.473 777.52 645.051 410.948 214.993 1000000000.0 930.017 987.397 458.382 534.675 556.18 755.187 484.987 807.192 609.481
673.73 959.999 739.414 683.07 675.187 355.858 683.251 6.795 42.949 111.639 662.3 362.048 977.874 960.729 377.106 754.241 214.468 227.583 808.823 647.507 884.951 106.517 551.963 583.174 612.069 200.125 686.683 484.94 181.767 339.355 663.726 313.809 275.823 87.347 70.999 702.639 164.993 582.119 358.314 315.546 930.017 1000000000.0 884.099 407.422 757.089 261.893 162.362 567.434 612.614 674.048
37.254 541.993 896.064 861.457 959.357 543.25 565.992 810.583 263.46 677.687 989.859 496.714 940.698 669.124 978.516 829.757 889.323 568.557 338.485 24.484 942.682 366.064 251.087 26.577 389.468 769.388 767.356 382.33 104.961 219.452 351.948 829.995 811.08 386.436 122.871 443.953 201.902 341.088 850.143 863.529 987.397 884.099 1000000000.0 380.443 204.445 581.631 820.203 208.539 202.749 614.525
48.479 976.207 468.293 439.1 72.267 558.829 637.793 973.409 657.767 350.552 106.997 72.369 185.974 106.003 700.067 912.449 376.476 986.929 848.312 476.574 434.185 261.967 933.093 32.789 500.002 740.486 70.17 204.921 899.534 370.1 878.017 108.486 583.576 131.759 605.685 786.41 585.109 267.59 938.073 196.98 458.382 407.422 380.443 1000000000.0 154.31 912.115 641.356 20.531 625.14 388.175
885.289 224.486 261.816 194.446 56.609 169.474 317.722 356.973 218.599 536.523 666.554 393.493 766.723 780.406 85.042 425.197 985.602 322.505 686.403 750.229 618.624 721.377 862.279 249.164 31.662 457.176 979.707 112.146 428.837 793.751 850.685 406.64 375.884 665.635 644.069 967.07 718.078 169.422 882.776 821.501 534.675 757.089 204.445 154.31 1000000000.0 522.481 342.957 294.807 563.824 154.331
523.443 511.747 743.155 285.925 954.102 241.368 564.577 955.209 557.296 205.514 598.28 639.335 484.488 545.262 746.275 463.34 150.084 972.972 379.291 531.803 537.154 303.771 201.8 742.574 707.953 95.073 648.348 517.432 357.504 745.818 854.689 159.748 580.884 166.68 323.451 304.959 378.24 501.494 228.714 572.575 556.18 261.893 581.631 912.115 522.481 1000000000.0 76.125 736.439 278.006 745.347
470.587 121.397 299.176 513.9 165.614 621.667 568.163 948.021 622.686 821.168 979.036 970.373 267.468 576.115 742.649 936.911 707.205 144.804 368.271 201.757 400.45 919.652 420.72 572.574 535.8 501.111 498.622 168.045 453.512 57.149 926.634 525.324 551.326 572.275 239.419 177.371 838.558 981.554 204.533 106.363 755.187 162.362 820.203 641.356 342.957 76.125 1000000000.0 632.423 908.279 343.492
25.53 147.813 940.234 694.513 622.588 226.828 653.57 877.933 893.327 550.711 789.183 684.558 97.043 776.458 202.204 154.665 372.664 965.289 326.239 502.453 497.445 761.799 413.754 794.297 427.741 128.377 58.301 143.825 594.567 989.862 568.014 60.011 362.112 979.478 628.746 910.221 67.179 673.741 802.829 99.342 484.987 567.434 208.539 20.531 294.807 736.439 632.423 1000000000.0 374.185 584.952
52.389 597.113 228.937 518.589 338.595 117.737 146.806 433.934 792.241 103.419 169.307 366.749 344.346 136.759 606.115 402.66 179.229 439.216 882.938 109.764 299.239 266.531 267.171 412.065 326.649 479.719 700.449 16.898 882.59 568.192 294.274 503.039 472.908 704.584 980.487 665.921 904.387 881.165 332.861 368.578 807.192 612.614 202.749 625.14 563.824 278.006 908.279 374.185 1000000000.0 851.438
93.87 798.716 489.503 672.942 193.507 392.04 428.192 362.24 673.777 31.375 293.358 236.366 698.292 10.403 608.531 637.534 220.042 352.999 968.791 689.159 956.315 731.258 373.487 847.217 64.015 378.624 386.184 571.763 153.099 937.473 964.385 872.76 597.974 123.713 424.295 941.632 785.356 335.85 389.829 306.648 609.481 674.048 614.525 388.175 154.331 745.347 343.492 584.952 851.438 1000000000.0
