50
1000000000.0 489.563 277.142 652.872 32.504 323.281 947.646 217.295 320.662 530.446 392.402 383.659 616.187 715.894 730.577 623.411 725.133 442.213 636.607 991.367 568.274 205.879 992.449 805.216 141.877 948.141 159.285 312.527 384.083 421.904 668.006 218.092 254.68 993.733 435.991 691.487 102.272 748.997 831.494 537.158 666.949 663.063 305.269 987.854 958.265 748.684 963.046 837.494 650.003 712.669
489.563 1000000000.0 884.341 98.963 162.817 919.08 448.305 913.819 484.772 662.134 261.846 707.509 341.389 682.85 258.066 504.656 664.905 599.426 683.054 334.754 39.745 613.438 504.711 958.615 640.277 243.7 25.503 61.965 443.415 867.185 890.17 430.846 915.135 920.925 592.751 741.605 980.812 898.527 820.675 38.715 667.268 122.513 158.389 413.734 760.485 881.05 262.813 334.6 34.371 489.884
277.142 884.341 1000000000.0 390.768 35.971 490.001 302.965 545.481 944.863 457.568 368.967 203.547 625.354 456.385 699.864 927.07 577.94 970.928 314.497 485.554 395.084 973.542 761.721 28.521 662.45 25.284 108.74 858.926 385.513 780.122 850.777 617.435 655.747 359.326 542.605 932.324 104.077 626.858 755.669 137.22 151.487 76.654 483.658 427.561 980.732 590.755 586.393 186.059 302.997 664.652
652.872 98.963 390.768 1000000000.0 588.073 416.482 332.685 309.288 176.612 215.662 709.086 752.417 101.486 315.371 601.168 920.039 476.635 180.286 921.134 732.749 806.412 980.136 687.531 176.628 792.999 254.545 896.446 5.545 947.222 644.306 630.223 464.149 649.266 748.097 517.934 516.907 403.12 97.012 758.735 217.083 880.558 844.731 404.498 41.64 349.984 143.946 429.778 188.97 615.528 852.24
32.504 162.817 35.971 588.073 1000000000.0 859.394 634.092 969.483 683.167 684.216 235.641 830.215 794.318 474.534 990.352 588.61 695.954 633.173 986.814 303.317 655.404 283.238 534.214 36.601 829.075 841.782 669.951 750.899 190.962 408.454 796.213 352.534 797.605 859.738 377.449 980.934 641.217 466.406 835.058 673.616 534.069 371.683 97.214 49.853 543.993 881.997 219.963 110.844 595.109 776.216
323.281 919.08 490.001 416.482 859.394 1000000000.0 600.688 226.607 523.592 56.528 550.217 940.134 76.544 661.708 836.841 217.292 95.531 602.566 323.992 222.405 460.871 825.986 528.991 742.102 762.436 240.663 576.024 852.555 789.795 118.162 4.429 658.747 63.458 566.93 800.507 95.896 215.849 691.512 445.117 878.655 880.877 427.313 781.84 976.965 785.975 656.674 613.749 667.003 692.548 992.372
947.646 448.305 302.965 332.685 634.092 600.688 1000000000.0 130.316 555.989 397.551 395.124 298.699 507.999 981.738 492.597 884.526 614.79 405.492 828.162 56.333 188.922 280.927 681.207 97.008 869.335 45.16 470.108 336.068 744.601 277.066 667.487 970.196 195.461 365.236 118.605 17.808 759.363 778.876 130.018 760.572 207.628 689.461 603.288 912.345 844.301 620.136 270.708 142.928 277.565 394.241
217.295 913.819 545.481 309.288 969.483 226.607 130.316 1000000000.0 252.651 105.416 973.893 546.331 450.78 759.009 783.035 809.28 7.501 536.187 104.01 547.906 975.413 404.463 692.625 27.869 803.558 296.24 62.42 249.712 466.0 817.678 94.686 302.784 580.933 530.426 409.337 997.621 22.425 717.752 796.184 58.257 759.889 504.351 579.145 183.879 516.401 628.318 864.978 504.41 37.554 997.861
320.662 484.772 944.863 176.612 683.167 523.592 555.989 252.651 1000000000.0 985.449 474.387 360.118 242.103 10.061 521.358 778.816 494.022 503.905 639.028 797.443 616.614 823.523 145.255 396.951 475.991 220.268 265.366 212.438 633.003 766.592 257.081 752.283 678.256 668.247 489.573 691.439 290.148 374.327 642.226 362.162 457.59 476.249 994.616 442.44 194.284 968.624 664.069 270.414 391.918 907.381
530.446 662.134 457.568 215.662 684.216 56.528 397.551 105.416 985.449 1000000000.0 29.769 454.097 726.477 912.02 636.079 957.065 610.173 485.373 200.499 296.226 719.08 436.5 54.855 823.038 239.615 554.945 378.845 687.677 50.067 836.046 568.124 776.415 159.832 489.372 775.406 251.849 219.971 559.885 602.059 518.606 944.741 666.675 629.953 817.069 681.921 732.639 688.446 49.616 434.77 282.682
392.402 261.846 368.967 709.086 235.641 550.217 395.124 973.893 474.387 29.769 1000000000.0 3.169 68.831 578.038 249.674 938.281 932.539 173.088 530.417 123.306 66.716 16.446 896.686 532.709 197.953 69.283 480.342 768.835 758.389 571.434 103.545 69.64 81.607 597.968 262.573 311.339 195.541 220.957 397.402 916.773 28.455 67.283 701.889 866.376 830.592 845.338 230.039 378.49 292.333 378.466
383.659 707.509 203.547 752.417 830.215 940.134 298.699 546.331 360.118 454.097 3.169 1000000000.0 170.089 580.834 261.803 254.452 576.145 455.608 477.059 33.397 366.912 511.854 201.457 589.215 692.042 692.823 246.781 733.353 898.144 78.885 690.38 734.57 648.021 103.42 998.266 542.462 842.374 661.457 391.941 801.227 228.135 291.808 378.096 834.483 854.773 637.351 294.132 798.156 237.793 491.185
616.187 341.389 625.354 101.486 794.318 76.544 507.999 450.78 242.103 726.477 68.831 170.089 1000000000.0 172.153 763.906 91.518 635.694 219.622 850.294 753.816 35.442 99.542 113.515 96.685 374.293 654.622 13.957 229.924 83.669 25.674 356.117 334.291 145.707 932.282 169.658 365.588 510.457 656.634 26.871 388.157 710.737 885.098 855.18 384.517 490.53 688.974 511.131 165.632 504.965 927.938
715.894 682.85 456.385 315.371 474.534 661.708 981.738 759.009 10.061 912.02 578.038 580.834 172.153 1000000000.0 484.827 966.149 197.767 522.257 460.256 671.926 434.675 773.057 446.085 722.851 849.765 175.874 242.235 505.14 802.44 365.982 630.168 839.811 839.216 574.936 814.283 475.825 932.762 240.178 13.678 402.495 871.695 498.032 806.624 430.898 336.932 279.098 584.338 234.995 27.903 201.105
730.577 258.066 699.864 601.168 990.352 836.841 492.597 783.035 521.358 636.079 249.674 261.803 763.906 484.827 1000000000.0 638.12 724.643 236.679 256.179 323.542 513.196 153.748 706.687 896.177 798.983 484.771 347.135 697.228 897.355 688.764 538.277 929.676 816.376 596.931 609.921 213.852 440.103 247.383 835.16 683.137 505.207 355.945 366.693 963.956 625.573 680.777 286.264 795.186 643.103 897.446
623.411 504.656 927.07 920.039 588.61 217.292 884.526 809.28 778.816 957.065 938.281 254.452 91.518 966.149 638.12 1000000000.0 736.576 639.52 506.522 976.409 143.809 663.095 468.425 610.443 615.265 794.815 808.585 995.985 528.787 664.445 814.161 916.069 26.87 699.487 629.467 27.52 989.443 273.691 713.188 731.711 647.496 276.773 591.943 334.988 805.334 828.681 134.936 201.174 363.676 956.832
725.133 664.905 577.94 476.635 695.954 95.531 614.79 7.501 494.022 610.173 932.539 576.145 635.694 197.767 724.643 736.576 1000000000.0 142.164 167.78 100.157 453.582 251.601 755.2 65.465 408.76 640.856 135.234 877.078 555.364 388.22 7.75 120.115 202.256 703.127 112.964 614.315 219.369 574.585 652.68 989.173 556.921 794.182 45.125 942.642 981.514 638.878 212.948 276.006 506.765 83.292
442.213 599.426 970.928 180.286 633.173 602.566 405.492 536.187 503.905 485.373 173.088 455.608 219.622 522.257 236.679 639.52 142.164 1000000000.0 383.87 88.179 987.545 64.104 245.12 72.347 302.356 591.968 311.65 156.432 728.374 44.095 344.412 267.483 77.208 75.839 751.356 445.308 664.51 670.27 468.497 439.417 815.278 105.588 561.981 937.517 496.779 862.805 894.924 54.042 497.839 190.335
636.607 683.054 314.497 921.134 986.814 323.992 828.162 104.01 639.028 200.499 530.417 477.059 850.294 460.256 256.179 506.522 167.78 383.87 1000000000.0 833.805 591.077 696.843 164.541 623.133 473.996 536.22 23.329 588.098 421.148 31.872 877.386 941.402 778.428 914.283 347.073 806.966 769.58 323.414 509.815 660.528 685.074 537.323 421.193 960.287 14.887 539.769 120.683 395.347 22.077 292.586
991.367 334.754 485.554 732.749 303.317 222.405 56.333 547.906 797.443 296.226 123.306 33.397 753.816 671.926 323.542 976.409 100.157 88.179 833.805 1000000000.0 488.191 433.173 322.35 199.4 289.86 832.547 870.071 192.841 89.364 346.494 165.849 126.864 301.229 503.537 992.136 535.334 201.834 110.748 580.709 914.696 172.246 444.828 115.999 752.756 839.913 691.864 519.435 925.38 332.798 294.895
568.274 39.745 395.084 806.412 655.404 460.871 188.922 975.413 616.614 719.08 66.716 366.912 35.442 434.675 513.196 143.809 453.582 987.545 591.077 488.191 1000000000.0 218.623 366.616 909.671 711.442 959.923 274.564 985.228 401.66 675.025 38.478 211.345 112.222 45.284 661.408 321.661 176.416 13.242 552.782 369.731 230.672 761.49 540.313 343.552 716.226 646.153 989.129 470.701 400.932 612.46
205.879 613.438 973.542 980.136 283.238 825.986 280.927 404.463 823.523 436.5 16.446 511.854 99.542 773.057 153.748 663.095 251.601 64.104 696.843 433.173 218.623 1000000000.0 892.291 429.607 481.156 238.691 690.304 27.397 749.498 978.195 958.58 801.662 508.586 442.64 771.935 126.453 864.742 72.112 975.277 407.261 936.558 554.912 648.242 692.82 900.441 357.794 676.213 212.252 682.044 631.136
992.449 504.711 761.721 687.531 534.214 528.991 681.207 692.625 145.255 54.855 896.686 201.457 113.515 446.085 706.687 468.425 755.2 245.12 164.541 322.35 366.616 892.291 1000000000.0 480.925 683.827 252.329 274.867 251.758 167.78 968.645 787.153 781.738 238.186 202.558 856.607 483.049 775.703 245.943 410.895 523.352 61.999 520.52 279.488 315.494 815.786 763.859 51.921 782.049 233.815 990.164
805.216 958.615 28.521 176.628 36.601 742.102 97.008 27.869 396.951 823.038 532.709 589.215 96.685 722.851 896.177 610.443 65.465 72.347 623.133 199.4 909.671 429.607 480.925 1000000000.0 715.58 926.014 509.429 745.348 718.622 175.462 853.14 108.13 145.41 334.462 120.06 504.93 278.806 924.53 591.553 264.309 380.093 9.664 77.406 46.765 777.009 92.815 668.214 995.152 750.831 676.871
141.877 640.277 662.45 792.999 829.075 762.436 869.335 803.558 475.991 239.615 197.953 692.042 374.293 849.765 798.983 615.265 408.76 302.356 473.996 289.86 711.442 481.156 683.827 715.58 1000000000.0 996.775 416.665 967.378 993.306 66.027 738.338 102.644 585.429 893.019 336.272 668.584 179.622 19.209 907.75 104.195 400.245 822.691 660.607 186.951 602.031 432.824 101.794 511.027 742.202 759.343
948.141 243.7 25.284 254.545 841.782 240.663 45.16 296.24 220.268 554.945 69.283 692.823 654.622 175.874 484.771 794.815 640.856 591.968 536.22 832.547 959.923 238.691 252.329 926.014 996.775 1000000000.0 407.585 331.967 430.0 238.1 134.234 207.563 941.797 241.893 850.6 910.824 14.899 476.944 47.739 283.93 972.463 467.475 702.918 147.934 548.436 643.256 48.022 90.467 604.701 252.034
159.285 25.503 108.74 896.446 669.951 576.024 470.108 62.42 265.366 378.845 480.342 246.781 13.957 242.235 347.135 808.585 135.234 311.65 23.329 870.071 274.564 690.304 274.867 509.429 416.665 407.585 1000000000.0 785.49 224.518 392.793 991.281 299.404 813.405 841.195 520.202 419.788 154.777 715.152 187.02 763.983 513.028 336.507 363.286 570.781 546.235 931.404 257.532 766.236 453.458 402.684
312.527 61.965 858.926 5.545 750.899 852.555 336.068 249.712 212.438 687.677 768.835 733.353 229.924 505.14 697.228 995.985 877.078 156.432 588.098 192.841 985.228 27.397 251.758 745.348 967.378 331.967 785.49 1000000000.0 571.411 899.396 252.372 564.623 41.105 536.71 417.139 71.185 512.855 950.268 151.486 707.126 381.59 288.295 941.752 792.837 112.348 36.254 683.781 273.061 258.009 779.225
384.083 443.415 385.513 947.222 190.962 789.795 744.601 466.0 633.003 50.067 758.389 898.144 83.669 802.44 897.355 528.787 555.364 728.374 421.148 89.364 401.66 749.498 167.78 718.622 993.306 430.0 224.518 571.411 1000000000.0 402.306 401.053 473.093 586.006 593.889 612.408 19.498 456.503 88.361 399.184 19.705 970.88 549.111 905.137 612.867 114.08 657.626 235.053 254.944 907.195 504.341
421.904 867.185 780.122 644.306 408.454 118.162 277.066 817.678 766.592 836.046 571.434 78.885 25.674 365.982 688.764 664.445 388.22 44.095 31.872 346.494 675.025 978.195 968.645 175.462 66.027 238.1 392.793 899.396 402.306 1000000000.0 98.042 185.912 995.38 596.61 600.72 79.413 341.687 821.041 984.068 931.36 180.92 996.637 6.796 67.631 564.344 816.362 715.927 594.354 206.319 983.479
668.006 890.17 850.777 630.223 796.213 4.429 667.487 94.686 257.081 568.124 103.545 690.38 356.117 630.168 538.277 814.161 7.75 344.412 877.386 165.849 38.478 958.58 787.153 853.14 738.338 134.234 991.281 252.372 401.053 98.042 1000000000.0 589.2 472.85 852.513 858.073 504.324 864.281 600.034 834.018 812.526 499.028 616.199 541.948 91.257 700.255 223.98 146.32 882.401 833.582 598.07
218.092 430.846 617.435 464.149 352.534 658.747 970.196 302.784 752.283 776.415 69.64 734.57 334.291 839.811 929.676 916.069 120.115 267.483 941.402 126.864 211.345 801.662 781.738 108.13 102.644 207.563 299.404 564.623 473.093 185.912 589.2 1000000000.0 580.498 439.357 566.789 139.544 866.081 800.024 74.987 191.023 117.41 881.842 391.14 391.362 296.95 323.015 241.542 9.741 705.311 650.163
254.68 915.135 655.747 649.266 797.605 63.458 195.461 580.933 678.256 159.832 81.607 648.021 145.707 839.216 816.376 26.87 202.256 77.208 778.428 301.229 112.222 508.586 238.186 145.41 585.429 941.797 813.405 41.105 586.006 995.38 472.85 580.498 1000000000.0 593.746 829.987 966.783 73.251 115.111 843.115 516.352 810.317 538.706 401.8 988.157 325.53 890.313 166.99 812.272 662.282 733.755
993.733 920.925 359.326 748.097 859.738 566.93 365.236 530.426 668.247 489.372 597.968 103.42 932.282 574.936 596.931 699.487 703.127 75.839 914.283 503.537 45.284 442.64 202.558 334.462 893.019 241.893 841.195 536.71 593.889 596.61 852.513 439.357 593.746 1000000000.0 668.051 266.161 851.288 858.414 229.698 581.573 564.723 228.231 922.616 715.047 546.34 57.07 896.518 228.913 40.211 718.408
435.991 592.751 542.605 517.934 377.449 800.507 118.605 409.337 489.573 775.406 262.573 998.266 169.658 814.283 609.921 629.467 112.964 751.356 347.073 992.136 661.408 771.935 856.607 120.06 336.272 850.6 520.202 417.139 612.408 600.72 858.073 566.789 829.987 668.051 1000000000.0 170.565 529.157 65.158 260.745 275.187 52.227 910.744 260.808 450.379 390.62 361.09 927.544 802.153 282.988 272.252
691.487 741.605 932.324 516.907 980.934 95.896 17.808 997.621 691.439 251.849 311.339 542.462 365.588 475.825 213.852 27.52 614.315 445.308 806.966 535.334 321.661 126.453 483.049 504.93 668.584 910.824 419.788 71.185 19.498 79.413 504.324 139.544 966.783 266.161 170.565 1000000000.0 963.837 763.014 18.454 785.414 550.384 302.2 889.106 467.375 857.768 741.712 123.132 334.765 467.747 95.095
102.272 980.812 104.077 403.12 641.217 215.849 759.363 22.425 290.148 219.971 195.541 842.374 510.457 932.762 440.103 989.443 219.369 664.51 769.58 201.834 176.416 864.742 775.703 278.806 179.622 14.899 154.777 512.855 456.503 341.687 864.281 866.081 73.251 851.288 529.157 963.837 1000000000.0 4.096 729.267 890.434 840.794 305.047 165.797 80.867 39.333 213.678 301.865 588.889 74.228 519.462
748.997 898.527 626.858 97.012 466.406 691.512 778.876 717.752 374.327 559.885 220.957 661.457 656.634 240.178 247.383 273.691 574.585 670.27 323.414 110.748 13.242 72.112 245.943 924.53 19.209 476.944 715.152 950.268 88.361 821.041 600.034 800.024 115.111 858.414 65.158 763.014 4.096 1000000000.0 94.68 319.498 362.859 15.739 552.833 759.04 164.282 725.913 153.647 453.91 500.092 135.624
831.494 820.675 755.669 758.735 835.058 445.117 130.018 796.184 642.226 602.059 397.402 391.941 26.871 13.678 835.16 713.188 652.68 468.497 509.815 580.709 552.782 975.277 410.895 591.553 907.75 47.739 187.02 151.486 399.184 984.068 834.018 74.987 843.115 229.698 260.745 18.454 729.267 94.68 1000000000.0 242.497 639.142 959.488 981.322 45.678 963.336 189.003 218.025 849.629 217.84 18.983
537.158 38.715 137.22 217.083 673.616 878.655 760.572 58.257 362.162 518.606 916.773 801.227 388.157 402.495 683.137 731.711 989.173 439.417 660.528 914.696 369.731 407.261 523.352 264.309 104.195 283.93 763.983 707.126 19.705 931.36 812.526 191.023 516.352 581.573 275.187 785.414 890.434 319.498 242.497 1000000000.0 645.256 660.983 260.705 143.206 621.408 328.533 236.476 845.816 738.821 377.698
666.949 667.268 151.487 880.558 534.069 880.877 207.628 759.889 457.59 944.741 28.455 228.135 710.737 871.695 505.207 647.496 556.921 815.278 685.074 172.246 230.672 936.558 61.999 380.093 400.245 972.463 513.028 381.59 970.88 180.92 499.028 117.41 810.317 564.723 52.227 550.384 840.794 362.859 639.142 645.256 1000000000.0 73.384 223.922 722.614 273.006 880.758 36.486 461.874 546.84 620.711
663.063 122.513 76.654 844.731 371.683 427.313 689.461 504.351 476.249 666.675 67.283 291.808 885.098 498.032 355.945 276.773 794.182 105.588 537.323 444.828 761.49 554.912 520.52 9.664 822.691 467.475 336.507 288.295 549.111 996.637 616.199 881.842 538.706 228.231 910.744 302.2 305.047 15.739 959.488 660.983 73.384 1000000000.0 387.773 443.182 59.626 457.253 101.085 621.357 637.389 323.399
305.269 158.389 483.658 404.498 97.214 781.84 603.288 579.145 994.616 629.953 701.889 378.096 855.18 806.624 366.693 591.943 45.125 561.981 421.193 115.999 540.313 648.242 279.488 77.406 660.607 702.918 363.286 941.752 905.137 6.796 541.948 391.14 401.8 922.616 260.808 889.106 165.797 552.833 981.322 260.705 223.922 387.773 1000000000.0 497.695 692.575 467.413 53.305 63.676 364.684 371.001
987.854 413.734 427.561 41.64 49.853 976.965 912.345 183.879 442.44 817.069 866.376 834.483 384.517 430.898 963.956 334.988 942.642 937.517 960.287 752.756 343.552 692.82 315.494 46.765 186.951 147.934 570.781 792.837 612.867 67.631 91.257 391.362 988.157 715.047 450.379 467.375 80.867 759.04 45.678 143.206 722.614 443.182 497.695 1000000000.0 553.07 867.646 608.955 110.483 159.781 427.631
958.265 760.485 980.732 349.984 543.993 785.975 844.301 516.401 194.284 681.921 830.592 854.773 490.53 336.932 625.573 805.334 981.514 496.779 14.887 839.913 716.226 900.441 815.786 777.009 602.031 548.436 546.235 112.348 114.08 564.344 700.255 296.95 325.53 546.34 390.62 857.768 39.333 164.282 963.336 621.408 273.006 59.626 692.575 553.07 1000000000.0 148.687 466.282 511.935 181.218 819.933
748.684 881.05 590.755 143.946 881.997 656.674 620.136 628.318 968.624 732.639 845.338 637.351 688.974 279.098 680.777 828.681 638.878 862.805 539.769 691.864 646.153 357.794 763.859 92.815 432.824 643.256 931.404 36.254 657.626 816.362 223.98 323.015 890.313 57.07 361.09 741.712 213.678 725.913 189.003 328.533 880.758 457.253 467.413 867.646 148.687 1000000000.0 106.725 691.214 420.658 31.753
963.046 262.813 586.393 429.778 219.963 613.749 270.708 864.978 664.069 688.446 230.039 294.132 511.131 584.338 286.264 134.936 212.948 894.924 120.683 519.435 989.129 676.213 51.921 668.214 101.794 48.022 257.532 683.781 235.053 715.927 146.32 241.542 166.99 896.518 927.544 123.132 301.865 153.647 218.025 236.476 36.486 101.085 53.305 608.955 466.282 106.725 1000000000.0 890.266 951.509 756.956
837.494 334.6 186.059 188.97 110.844 667.003 142.928 504.41 270.414 49.616 378.49 798.156 165.632 234.995 795.186 201.174 276.006 54.042 395.347 925.38 470.701 212.252 782.049 995.152 511.027 90.467 766.236 273.061 254.944 594.354 882.401 9.741 812.272 228.913 802.153 334.765 588.889 453.91 849.629 845.816 461.874 621.357 63.676 110.483 511.935 691.214 890.266 1000000000.0 881.523 55.068
650.003 34.371 302.997 615.528 595.109 692.548 277.565 37.554 391.918 434.77 292.333 237.793 504.965 27.903 643.103 363.676 506.765 497.839 22.077 332.798 400.932 682.044 233.815 750.831 742.202 604.701 453.458 258.009 907.195 206.319 833.582 705.311 662.282 40.211 282.988 467.747 74.228 500.092 217.84 738.821 546.84 637.389 364.684 159.781 181.218 420.658 951.509 881.523 1000000000.0 633.589
712.669 489.884 664.652 852.24 776.216 992.372 394.241 997.861 907.381 282.682 378.466 491.185 927.938 201.105 897.446 956.832 83.292 190.335 292.586 294.895 612.46 631.136 990.164 676.871 759.343 252.034 402.684 779.225 504.341 983.479 598.07 650.163 733.755 718.408 272.252 95.095 519.462 135.624 18.983 377.698 620.711 323.399 371.001 427.631 819.933 31.753 756.956 55.068 633.589 1000000000.0
